tower_020_020_100      34.8407   -4.6202 1192.6 417.634454  1.149098
tower_040_020_100      36.1314    0.4664  256.3 414.244165 -0.005289
tower_060_020_100      37.1299    5.7541  100.0 414.690887  0.471344
tower_080_020_100      37.8168   11.1969  100.0 418.418761 -0.254929
tower_100_020_100      38.1782   16.7394  100.0 426.489755  0.818838
tower_020_040_100      38.9393   -6.4881  358.2 418.582353 -1.602803
tower_060_040_100      41.4407    4.6095  100.0 417.476671 -0.236489
tower_080_040_100      42.1935   10.4770  100.3 438.887132  0.598305
tower_100_040_100      42.5899   16.4702  100.0 416.456675  0.704194
tower_120_040_100      42.6209   22.5112 1154.5 401.551097 -1.127553
tower_140_040_100      42.2857   28.5181  100.0 399.578311 -0.360439
tower_040_060_100      44.5925   -2.8457  100.0 416.983120  0.130458
tower_080_060_100      46.6149    9.6297 2207.5 414.533817 -0.619399
tower_120_060_100      47.0845   22.7373  528.8 401.979404 -0.441293
tower_140_060_100      46.7162   29.2780  196.6 406.691990 -1.722030
tower_020_080_100      47.1544  -11.1656  100.0 416.486220 -1.106408
tower_040_080_100      48.8364   -4.9441  100.0 416.138744 -0.823707
tower_060_080_100      50.1482    1.6766  149.2 417.217777  0.015502
tower_080_080_100      51.0565    8.6182  551.1 409.902866 -0.520533
tower_100_080_100      51.5363   15.7723  231.8 404.963229  1.115675
tower_120_080_100      51.5738   23.0082  265.8 407.097809  0.098879
tower_140_080_100      51.1681   30.1858  211.2 409.903326  0.392123
tower_020_100_100      51.2071  -14.1346  100.0 417.577725  1.117112
tower_040_100_100      53.0475   -7.4470  233.9 414.868634 -0.298269
tower_060_100_100      54.4890   -0.2414  109.8 417.291522 -0.492160
tower_080_100_100      55.4905    7.3902  100.0 417.067994  0.312109
tower_100_100_100      56.0207   15.3087  102.3 414.551469 -0.359499
tower_120_100_100      56.0623   23.3385  203.3 411.921451 -0.107772
tower_140_100_100      55.6137   31.2889  269.1 412.703891 -1.644475
tower_020_120_100      55.1717  -17.6733  100.0 414.144077  1.436053
tower_040_120_100      57.1884  -10.4758  100.0 414.366548 -2.116595
tower_060_120_100      58.7769   -2.5935  100.4 414.308014  1.262948
tower_100_120_100      60.4745   14.7310  382.9 416.436056  0.278161
tower_120_120_100      60.5207   23.7503  198.9 412.042197  1.682554
tower_140_120_100      60.0223   32.6572  130.8 414.563538  0.190425
tower_020_140_100      59.0011  -21.9409  100.0 415.369845  1.499892
tower_040_140_100      61.2151  -14.2013  100.0 414.206234  0.237996
tower_060_140_100      62.9721   -5.5391  100.0 415.969573  0.009839
tower_080_140_100      64.2065    3.9369  100.0 415.093995 -2.252557
tower_120_140_100      64.9168   24.2777  101.1 417.467633 -1.087650
tower_140_140_100      64.3592   34.3981  169.6 416.329788 -0.159540
