tower_020_020_100      34.8407   -4.6202 1192.6 410.872072  2.126492
tower_040_020_100      36.1314    0.4664  256.3 411.481878  0.046388
tower_060_020_100      37.1299    5.7541  100.0 409.310397 -1.103137
tower_080_020_100      37.8168   11.1969  100.0 408.309205  0.259254
tower_100_020_100      38.1782   16.7394  100.0 408.687826 -1.046275
tower_020_040_100      38.9393   -6.4881  358.2 410.939857  1.391326
tower_060_040_100      41.4407    4.6095  100.0 409.076125  0.813342
tower_080_040_100      42.1935   10.4770  100.3 418.447176 -0.285036
tower_100_040_100      42.5899   16.4702  100.0 427.433168 -1.635724
tower_120_040_100      42.6209   22.5112 1154.5 395.921323 -0.648839
tower_140_040_100      42.2857   28.5181  100.0 406.700288  1.252357
tower_040_060_100      44.5925   -2.8457  100.0 414.937031  0.121162
tower_080_060_100      46.6149    9.6297 2207.5 409.351913  0.661533
tower_120_060_100      47.0845   22.7373  528.8 389.656943 -2.408143
tower_140_060_100      46.7162   29.2780  196.6 406.170746  0.971216
tower_020_080_100      47.1544  -11.1656  100.0 415.090325  0.224640
tower_040_080_100      48.8364   -4.9441  100.0 416.732760  1.267228
tower_060_080_100      50.1482    1.6766  149.2 407.581498  1.407033
tower_080_080_100      51.0565    8.6182  551.1 410.398749  0.163132
tower_100_080_100      51.5363   15.7723  231.8 403.524700  1.791233
tower_120_080_100      51.5738   23.0082  265.8 406.428463 -0.077960
tower_140_080_100      51.1681   30.1858  211.2 406.068415  0.159370
tower_020_100_100      51.2071  -14.1346  100.0 412.673277  0.673402
tower_040_100_100      53.0475   -7.4470  233.9 411.809447  0.235032
tower_060_100_100      54.4890   -0.2414  109.8 415.017798  0.314148
tower_080_100_100      55.4905    7.3902  100.0 412.056731 -0.580727
tower_100_100_100      56.0207   15.3087  102.3 407.913117  0.995489
tower_120_100_100      56.0623   23.3385  203.3 408.581953 -0.823958
tower_140_100_100      55.6137   31.2889  269.1 405.728599  0.152837
tower_020_120_100      55.1717  -17.6733  100.0 414.444516  0.378151
tower_040_120_100      57.1884  -10.4758  100.0 412.512570  0.169609
tower_060_120_100      58.7769   -2.5935  100.4 408.316761 -0.743754
tower_100_120_100      60.4745   14.7310  382.9 411.193871  0.921930
tower_120_120_100      60.5207   23.7503  198.9 409.496707  0.856049
tower_140_120_100      60.0223   32.6572  130.8 411.600859  0.696616
tower_020_140_100      59.0011  -21.9409  100.0 409.561095 -0.258135
tower_040_140_100      61.2151  -14.2013  100.0 409.451665  0.377604
tower_060_140_100      62.9721   -5.5391  100.0 410.491273  0.403293
tower_080_140_100      64.2065    3.9369  100.0 410.873595  0.473870
tower_120_140_100      64.9168   24.2777  101.1 410.389616  1.927837
tower_140_140_100      64.3592   34.3981  169.6 410.752045  0.008032
