tower_020_020_100      34.8407   -4.6202 1192.6 419.173675 -0.566473
tower_040_020_100      36.1314    0.4664  256.3 417.046935 -0.328708
tower_060_020_100      37.1299    5.7541  100.0 415.826801 -0.370426
tower_080_020_100      37.8168   11.1969  100.0 412.558676  0.677889
tower_100_020_100      38.1782   16.7394  100.0 404.508921 -0.648471
tower_020_040_100      38.9393   -6.4881  358.2 417.854155  0.942332
tower_060_040_100      41.4407    4.6095  100.0 413.405211  0.788573
tower_080_040_100      42.1935   10.4770  100.3 408.076102  1.098468
tower_100_040_100      42.5899   16.4702  100.0 416.159342  1.438038
tower_120_040_100      42.6209   22.5112 1154.5 401.243359  0.046729
tower_140_040_100      42.2857   28.5181  100.0 415.630152 -0.497771
tower_040_060_100      44.5925   -2.8457  100.0 414.900608 -0.400000
tower_080_060_100      46.6149    9.6297 2207.5 413.910948 -0.563361
tower_120_060_100      47.0845   22.7373  528.8 403.475364 -1.345973
tower_140_060_100      46.7162   29.2780  196.6 406.104452 -1.387603
tower_020_080_100      47.1544  -11.1656  100.0 418.912203  0.247255
tower_040_080_100      48.8364   -4.9441  100.0 413.932209 -0.336728
tower_060_080_100      50.1482    1.6766  149.2 412.297433 -0.153604
tower_080_080_100      51.0565    8.6182  551.1 411.236663  0.483468
tower_100_080_100      51.5363   15.7723  231.8 400.782867  0.258287
tower_120_080_100      51.5738   23.0082  265.8 408.424992 -1.633291
tower_140_080_100      51.1681   30.1858  211.2 407.505262 -0.004897
tower_020_100_100      51.2071  -14.1346  100.0 417.915710  1.212931
tower_040_100_100      53.0475   -7.4470  233.9 419.128109  0.575339
tower_060_100_100      54.4890   -0.2414  109.8 419.207194  1.718443
tower_080_100_100      55.4905    7.3902  100.0 418.697510 -0.667695
tower_100_100_100      56.0207   15.3087  102.3 419.617919  1.648012
tower_120_100_100      56.0623   23.3385  203.3 413.274887 -0.871107
tower_140_100_100      55.6137   31.2889  269.1 415.181795 -1.377781
tower_020_120_100      55.1717  -17.6733  100.0 418.912232  0.240978
tower_040_120_100      57.1884  -10.4758  100.0 419.450012  0.928239
tower_060_120_100      58.7769   -2.5935  100.4 419.471250  0.008940
tower_100_120_100      60.4745   14.7310  382.9 413.312373 -1.694526
tower_120_120_100      60.5207   23.7503  198.9 402.247005 -0.568233
tower_140_120_100      60.0223   32.6572  130.8 412.660104 -0.004278
tower_020_140_100      59.0011  -21.9409  100.0 419.316804 -0.266891
tower_040_140_100      61.2151  -14.2013  100.0 417.285891 -0.323432
tower_060_140_100      62.9721   -5.5391  100.0 419.747315  0.694052
tower_080_140_100      64.2065    3.9369  100.0 419.579680 -0.447084
tower_120_140_100      64.9168   24.2777  101.1 420.255404 -0.179813
tower_140_140_100      64.3592   34.3981  169.6 413.749064  1.858294
