tower_020_020_100      34.8407   -4.6202 1192.6 413.419271 -0.168609
tower_040_020_100      36.1314    0.4664  256.3 409.617616 -0.946069
tower_060_020_100      37.1299    5.7541  100.0 409.606901  0.755163
tower_080_020_100      37.8168   11.1969  100.0 411.262480  1.400134
tower_100_020_100      38.1782   16.7394  100.0 415.798270  0.408012
tower_020_040_100      38.9393   -6.4881  358.2 404.388014 -0.249865
tower_060_040_100      41.4407    4.6095  100.0 411.318758  0.397783
tower_080_040_100      42.1935   10.4770  100.3 411.065074  1.271435
tower_100_040_100      42.5899   16.4702  100.0 421.757082 -0.060418
tower_120_040_100      42.6209   22.5112 1154.5 409.878076  0.275687
tower_140_040_100      42.2857   28.5181  100.0 409.573511  0.178061
tower_040_060_100      44.5925   -2.8457  100.0 411.588318 -0.363962
tower_080_060_100      46.6149    9.6297 2207.5 411.481622  0.374856
tower_120_060_100      47.0845   22.7373  528.8 427.345364 -0.301475
tower_140_060_100      46.7162   29.2780  196.6 419.307544  1.350487
tower_020_080_100      47.1544  -11.1656  100.0 409.028412  0.027281
tower_040_080_100      48.8364   -4.9441  100.0 409.895442 -1.444658
tower_060_080_100      50.1482    1.6766  149.2 403.700885  0.562134
tower_080_080_100      51.0565    8.6182  551.1 405.040864  0.554810
tower_100_080_100      51.5363   15.7723  231.8 420.137870 -0.745876
tower_120_080_100      51.5738   23.0082  265.8 410.217334 -0.675465
tower_140_080_100      51.1681   30.1858  211.2 411.289524 -1.637757
tower_020_100_100      51.2071  -14.1346  100.0 409.131195  1.037867
tower_040_100_100      53.0475   -7.4470  233.9 408.624172  1.295477
tower_060_100_100      54.4890   -0.2414  109.8 407.435183  0.532997
tower_080_100_100      55.4905    7.3902  100.0 405.930004 -1.393219
tower_100_100_100      56.0207   15.3087  102.3 412.226307 -1.253515
tower_120_100_100      56.0623   23.3385  203.3 424.413886  0.901231
tower_140_100_100      55.6137   31.2889  269.1 407.204137 -0.630584
tower_020_120_100      55.1717  -17.6733  100.0 409.807801  0.082551
tower_040_120_100      57.1884  -10.4758  100.0 409.622285  2.284762
tower_060_120_100      58.7769   -2.5935  100.4 409.250672 -1.066253
tower_100_120_100      60.4745   14.7310  382.9 409.741029  1.509495
tower_120_120_100      60.5207   23.7503  198.9 409.759716  0.652644
tower_140_120_100      60.0223   32.6572  130.8 411.095278 -0.400861
tower_020_140_100      59.0011  -21.9409  100.0 409.614623  0.827025
tower_040_140_100      61.2151  -14.2013  100.0 409.308083  0.870735
tower_060_140_100      62.9721   -5.5391  100.0 408.808564  1.221291
tower_080_140_100      64.2065    3.9369  100.0 411.030789  0.004896
tower_120_140_100      64.9168   24.2777  101.1 412.740032  0.478027
tower_140_140_100      64.3592   34.3981  169.6 407.833681  1.695906
