tower_020_020_100      34.8407   -4.6202 1192.6 417.691787  1.001090
tower_040_020_100      36.1314    0.4664  256.3 414.265489 -0.683824
tower_060_020_100      37.1299    5.7541  100.0 414.951685 -2.906431
tower_080_020_100      37.8168   11.1969  100.0 420.196515 -0.323582
tower_100_020_100      38.1782   16.7394  100.0 418.450676 -0.087959
tower_020_040_100      38.9393   -6.4881  358.2 415.270564  0.419332
tower_060_040_100      41.4407    4.6095  100.0 416.464116 -0.604763
tower_080_040_100      42.1935   10.4770  100.3 420.025167 -0.856571
tower_100_040_100      42.5899   16.4702  100.0 424.419901 -0.420731
tower_120_040_100      42.6209   22.5112 1154.5 403.554444  0.067844
tower_140_040_100      42.2857   28.5181  100.0 417.141589 -0.348255
tower_040_060_100      44.5925   -2.8457  100.0 415.602569 -0.494310
tower_080_060_100      46.6149    9.6297 2207.5 416.596190 -0.239518
tower_120_060_100      47.0845   22.7373  528.8 395.694190 -1.551431
tower_140_060_100      46.7162   29.2780  196.6 409.879096  0.310941
tower_020_080_100      47.1544  -11.1656  100.0 414.730682  0.419682
tower_040_080_100      48.8364   -4.9441  100.0 415.839270 -1.022344
tower_060_080_100      50.1482    1.6766  149.2 418.113801 -1.376973
tower_080_080_100      51.0565    8.6182  551.1 413.057372 -0.242871
tower_100_080_100      51.5363   15.7723  231.8 412.583756  0.338252
tower_120_080_100      51.5738   23.0082  265.8 408.148594  1.032226
tower_140_080_100      51.1681   30.1858  211.2 413.234619 -0.227466
tower_020_100_100      51.2071  -14.1346  100.0 414.046936 -0.293311
tower_040_100_100      53.0475   -7.4470  233.9 410.770697 -0.108725
tower_060_100_100      54.4890   -0.2414  109.8 415.141407  1.278372
tower_080_100_100      55.4905    7.3902  100.0 414.547248  0.192351
tower_100_100_100      56.0207   15.3087  102.3 405.142930 -1.000869
tower_120_100_100      56.0623   23.3385  203.3 405.453182 -0.542697
tower_140_100_100      55.6137   31.2889  269.1 413.886380  0.858332
tower_020_120_100      55.1717  -17.6733  100.0 414.459657  0.690535
tower_040_120_100      57.1884  -10.4758  100.0 410.500610  1.265659
tower_060_120_100      58.7769   -2.5935  100.4 411.329217  0.470586
tower_100_120_100      60.4745   14.7310  382.9 414.889737 -1.735236
tower_120_120_100      60.5207   23.7503  198.9 413.221464  1.154975
tower_140_120_100      60.0223   32.6572  130.8 413.873872 -0.375735
tower_020_140_100      59.0011  -21.9409  100.0 416.132845 -0.479004
tower_040_140_100      61.2151  -14.2013  100.0 411.921794 -0.652771
tower_060_140_100      62.9721   -5.5391  100.0 413.262091  1.214604
tower_080_140_100      64.2065    3.9369  100.0 416.299898  1.911014
tower_120_140_100      64.9168   24.2777  101.1 414.332624  1.039289
tower_140_140_100      64.3592   34.3981  169.6 415.569237  0.484334
