tower_020_020_100      34.8407   -4.6202 1192.6 416.546198 -0.739171
tower_040_020_100      36.1314    0.4664  256.3 414.281224 -0.430029
tower_060_020_100      37.1299    5.7541  100.0 410.727776 -0.053072
tower_080_020_100      37.8168   11.1969  100.0 412.507593  0.035347
tower_100_020_100      38.1782   16.7394  100.0 417.878055  0.147121
tower_020_040_100      38.9393   -6.4881  358.2 413.556691 -0.625295
tower_060_040_100      41.4407    4.6095  100.0 412.513980 -0.104681
tower_080_040_100      42.1935   10.4770  100.3 414.841433  0.537821
tower_100_040_100      42.5899   16.4702  100.0 417.830757 -0.145835
tower_120_040_100      42.6209   22.5112 1154.5 408.493162  0.177315
tower_140_040_100      42.2857   28.5181  100.0 406.495542 -0.688292
tower_040_060_100      44.5925   -2.8457  100.0 413.409266 -0.252089
tower_080_060_100      46.6149    9.6297 2207.5 410.350595  0.822880
tower_120_060_100      47.0845   22.7373  528.8 409.571183 -0.594725
tower_140_060_100      46.7162   29.2780  196.6 403.022158  1.963362
tower_020_080_100      47.1544  -11.1656  100.0 411.855416 -0.348029
tower_040_080_100      48.8364   -4.9441  100.0 412.318054  0.474874
tower_060_080_100      50.1482    1.6766  149.2 405.341048  1.827150
tower_080_080_100      51.0565    8.6182  551.1 412.038285  0.481939
tower_100_080_100      51.5363   15.7723  231.8 413.017954 -0.096175
tower_120_080_100      51.5738   23.0082  265.8 428.099881  0.473727
tower_140_080_100      51.1681   30.1858  211.2 407.753208  1.394165
tower_020_100_100      51.2071  -14.1346  100.0 411.587890  0.464728
tower_040_100_100      53.0475   -7.4470  233.9 410.173463  0.204582
tower_060_100_100      54.4890   -0.2414  109.8 409.053346  0.189140
tower_080_100_100      55.4905    7.3902  100.0 410.483726  0.196443
tower_100_100_100      56.0207   15.3087  102.3 411.711969  0.027429
tower_120_100_100      56.0623   23.3385  203.3 405.066087  0.085212
tower_140_100_100      55.6137   31.2889  269.1 409.116249 -0.111571
tower_020_120_100      55.1717  -17.6733  100.0 412.334534 -1.308629
tower_040_120_100      57.1884  -10.4758  100.0 410.576081 -0.958529
tower_060_120_100      58.7769   -2.5935  100.4 410.613030 -1.719523
tower_100_120_100      60.4745   14.7310  382.9 410.943204  0.268246
tower_120_120_100      60.5207   23.7503  198.9 409.235197  1.774119
tower_140_120_100      60.0223   32.6572  130.8 410.432831 -1.652182
tower_020_140_100      59.0011  -21.9409  100.0 412.611572 -0.673153
tower_040_140_100      61.2151  -14.2013  100.0 410.796103 -0.544819
tower_060_140_100      62.9721   -5.5391  100.0 411.349574  0.568450
tower_080_140_100      64.2065    3.9369  100.0 409.482601 -0.287364
tower_120_140_100      64.9168   24.2777  101.1 408.772763 -1.426643
tower_140_140_100      64.3592   34.3981  169.6 410.905034  0.193535
