tower_020_020_100      34.8407   -4.6202 1192.6 416.801513  0.429147
tower_040_020_100      36.1314    0.4664  256.3 413.429700 -1.664769
tower_060_020_100      37.1299    5.7541  100.0 419.116853  0.228398
tower_080_020_100      37.8168   11.1969  100.0 416.888156  0.913954
tower_100_020_100      38.1782   16.7394  100.0 414.873251  1.219296
tower_020_040_100      38.9393   -6.4881  358.2 411.511340 -0.274220
tower_060_040_100      41.4407    4.6095  100.0 417.022788  1.393980
tower_080_040_100      42.1935   10.4770  100.3 415.958921  2.238790
tower_100_040_100      42.5899   16.4702  100.0 413.795213 -0.093902
tower_120_040_100      42.6209   22.5112 1154.5 400.855439 -2.530949
tower_140_040_100      42.2857   28.5181  100.0 405.911315  1.336545
tower_040_060_100      44.5925   -2.8457  100.0 416.890871  1.334251
tower_080_060_100      46.6149    9.6297 2207.5 417.261894  0.482239
tower_120_060_100      47.0845   22.7373  528.8 393.643202  0.875218
tower_140_060_100      46.7162   29.2780  196.6 409.800528 -1.313182
tower_020_080_100      47.1544  -11.1656  100.0 418.413603  0.789190
tower_040_080_100      48.8364   -4.9441  100.0 414.922377 -0.334810
tower_060_080_100      50.1482    1.6766  149.2 420.438232  0.100953
tower_080_080_100      51.0565    8.6182  551.1 426.334930  0.161753
tower_100_080_100      51.5363   15.7723  231.8 432.933957  0.191517
tower_120_080_100      51.5738   23.0082  265.8 402.689331  0.047032
tower_140_080_100      51.1681   30.1858  211.2 421.957051 -1.078093
tower_020_100_100      51.2071  -14.1346  100.0 418.910249  0.180908
tower_040_100_100      53.0475   -7.4470  233.9 418.874564  0.107554
tower_060_100_100      54.4890   -0.2414  109.8 418.618325  1.041720
tower_080_100_100      55.4905    7.3902  100.0 418.182282  1.442780
tower_100_100_100      56.0207   15.3087  102.3 417.739974 -0.085055
tower_120_100_100      56.0623   23.3385  203.3 422.574909  0.708400
tower_140_100_100      55.6137   31.2889  269.1 415.218185  0.222818
tower_020_120_100      55.1717  -17.6733  100.0 417.203246 -0.354689
tower_040_120_100      57.1884  -10.4758  100.0 418.720216 -0.137130
tower_060_120_100      58.7769   -2.5935  100.4 418.811526 -0.481099
tower_100_120_100      60.4745   14.7310  382.9 409.301266 -1.699196
tower_120_120_100      60.5207   23.7503  198.9 414.791938  0.503279
tower_140_120_100      60.0223   32.6572  130.8 414.313942  0.688396
tower_020_140_100      59.0011  -21.9409  100.0 416.797112  1.243546
tower_040_140_100      61.2151  -14.2013  100.0 418.626777 -0.657487
tower_060_140_100      62.9721   -5.5391  100.0 419.035187 -0.049249
tower_080_140_100      64.2065    3.9369  100.0 418.340884  0.433120
tower_120_140_100      64.9168   24.2777  101.1 414.655292 -0.969116
tower_140_140_100      64.3592   34.3981  169.6 408.193528 -0.278647
