tower_020_020_100      34.8407   -4.6202 1192.6 415.985229 -0.052156
tower_040_020_100      36.1314    0.4664  256.3 404.223530 -0.383369
tower_060_020_100      37.1299    5.7541  100.0 409.043947 -0.647945
tower_080_020_100      37.8168   11.1969  100.0 412.565644 -0.251811
tower_100_020_100      38.1782   16.7394  100.0 419.588122 -0.578089
tower_020_040_100      38.9393   -6.4881  358.2 391.660740  1.098033
tower_060_040_100      41.4407    4.6095  100.0 412.427647  0.281196
tower_080_040_100      42.1935   10.4770  100.3 415.701635 -0.232618
tower_100_040_100      42.5899   16.4702  100.0 426.746745  1.103263
tower_120_040_100      42.6209   22.5112 1154.5 420.666849 -0.761811
tower_140_040_100      42.2857   28.5181  100.0 409.061177 -0.979881
tower_040_060_100      44.5925   -2.8457  100.0 412.871792  0.984872
tower_080_060_100      46.6149    9.6297 2207.5 413.774495 -0.569179
tower_120_060_100      47.0845   22.7373  528.8 463.058910 -1.618515
tower_140_060_100      46.7162   29.2780  196.6 413.655000  0.128652
tower_020_080_100      47.1544  -11.1656  100.0 411.823408 -0.723758
tower_040_080_100      48.8364   -4.9441  100.0 411.044122  0.512550
tower_060_080_100      50.1482    1.6766  149.2 426.124287  0.982487
tower_080_080_100      51.0565    8.6182  551.1 414.899132  1.696861
tower_100_080_100      51.5363   15.7723  231.8 454.685796 -0.082084
tower_120_080_100      51.5738   23.0082  265.8 418.642172 -0.847605
tower_140_080_100      51.1681   30.1858  211.2 420.481013 -1.357833
tower_020_100_100      51.2071  -14.1346  100.0 411.631995  1.272807
tower_040_100_100      53.0475   -7.4470  233.9 412.008309  1.262784
tower_060_100_100      54.4890   -0.2414  109.8 415.615095 -0.228275
tower_080_100_100      55.4905    7.3902  100.0 413.323072 -0.366259
tower_100_100_100      56.0207   15.3087  102.3 416.704744  0.263767
tower_120_100_100      56.0623   23.3385  203.3 415.104028 -0.601502
tower_140_100_100      55.6137   31.2889  269.1 414.005403 -2.048095
tower_020_120_100      55.1717  -17.6733  100.0 412.152006  1.656076
tower_040_120_100      57.1884  -10.4758  100.0 412.488281 -0.388594
tower_060_120_100      58.7769   -2.5935  100.4 412.000267 -1.497748
tower_100_120_100      60.4745   14.7310  382.9 415.048426  0.777693
tower_120_120_100      60.5207   23.7503  198.9 418.853162  1.278773
tower_140_120_100      60.0223   32.6572  130.8 412.430085  0.211457
tower_020_140_100      59.0011  -21.9409  100.0 412.756043 -0.083336
tower_040_140_100      61.2151  -14.2013  100.0 412.647401  1.034665
tower_060_140_100      62.9721   -5.5391  100.0 412.685457  2.003245
tower_080_140_100      64.2065    3.9369  100.0 411.187373 -2.246970
tower_120_140_100      64.9168   24.2777  101.1 412.310819 -1.281307
tower_140_140_100      64.3592   34.3981  169.6 411.643753 -0.585860
