tower_020_020_100      34.8407   -4.6202 1192.6 412.137933 -0.211813
tower_040_020_100      36.1314    0.4664  256.3 409.347587 -0.838153
tower_060_020_100      37.1299    5.7541  100.0 408.046102  0.449340
tower_080_020_100      37.8168   11.1969  100.0 413.093067 -0.572501
tower_100_020_100      38.1782   16.7394  100.0 420.448709 -1.455089
tower_020_040_100      38.9393   -6.4881  358.2 411.877585 -0.243880
tower_060_040_100      41.4407    4.6095  100.0 414.771483  0.498747
tower_080_040_100      42.1935   10.4770  100.3 412.127227 -0.882667
tower_100_040_100      42.5899   16.4702  100.0 417.117971 -1.167811
tower_120_040_100      42.6209   22.5112 1154.5 411.714045 -0.074354
tower_140_040_100      42.2857   28.5181  100.0 411.190989 -2.317661
tower_040_060_100      44.5925   -2.8457  100.0 411.039429 -0.331833
tower_080_060_100      46.6149    9.6297 2207.5 412.562862  0.003654
tower_120_060_100      47.0845   22.7373  528.8 409.642152 -0.747672
tower_140_060_100      46.7162   29.2780  196.6 408.260671 -1.550188
tower_020_080_100      47.1544  -11.1656  100.0 411.510588  0.006940
tower_040_080_100      48.8364   -4.9441  100.0 409.516334 -0.459638
tower_060_080_100      50.1482    1.6766  149.2 400.703471  1.099761
tower_080_080_100      51.0565    8.6182  551.1 408.692497  0.168819
tower_100_080_100      51.5363   15.7723  231.8 396.937203  0.883911
tower_120_080_100      51.5738   23.0082  265.8 411.051037  0.309009
tower_140_080_100      51.1681   30.1858  211.2 409.651813 -0.850222
tower_020_100_100      51.2071  -14.1346  100.0 410.365117  0.532295
tower_040_100_100      53.0475   -7.4470  233.9 409.529015  0.293427
tower_060_100_100      54.4890   -0.2414  109.8 402.089646  1.011420
tower_080_100_100      55.4905    7.3902  100.0 413.396711  1.114131
tower_100_100_100      56.0207   15.3087  102.3 413.122724  1.380812
tower_120_100_100      56.0623   23.3385  203.3 409.788992 -0.318301
tower_140_100_100      55.6137   31.2889  269.1 409.878110 -1.563651
tower_020_120_100      55.1717  -17.6733  100.0 409.025512  0.973141
tower_040_120_100      57.1884  -10.4758  100.0 410.156890  0.369367
tower_060_120_100      58.7769   -2.5935  100.4 411.215894 -0.468941
tower_100_120_100      60.4745   14.7310  382.9 408.414986  1.782991
tower_120_120_100      60.5207   23.7503  198.9 408.000209  0.183991
tower_140_120_100      60.0223   32.6572  130.8 411.431914 -0.120219
tower_020_140_100      59.0011  -21.9409  100.0 408.912262  0.075528
tower_040_140_100      61.2151  -14.2013  100.0 409.215695  1.701989
tower_060_140_100      62.9721   -5.5391  100.0 410.449004 -0.105814
tower_080_140_100      64.2065    3.9369  100.0 411.025327  1.431997
tower_120_140_100      64.9168   24.2777  101.1 411.222623  0.098838
tower_140_140_100      64.3592   34.3981  169.6 412.189843 -0.264213
