tower_020_020_100      34.8407   -4.6202 1192.6 413.307188  1.884891
tower_040_020_100      36.1314    0.4664  256.3 412.453657 -1.064855
tower_060_020_100      37.1299    5.7541  100.0 411.077818  1.023040
tower_080_020_100      37.8168   11.1969  100.0 414.873163 -1.255589
tower_100_020_100      38.1782   16.7394  100.0 415.588281  0.121009
tower_020_040_100      38.9393   -6.4881  358.2 394.546379  1.287246
tower_060_040_100      41.4407    4.6095  100.0 413.457220  0.053847
tower_080_040_100      42.1935   10.4770  100.3 415.238135  1.301360
tower_100_040_100      42.5899   16.4702  100.0 421.761699  1.246276
tower_120_040_100      42.6209   22.5112 1154.5 417.350812 -0.457306
tower_140_040_100      42.2857   28.5181  100.0 411.608547  0.222578
tower_040_060_100      44.5925   -2.8457  100.0 412.772767 -0.778453
tower_080_060_100      46.6149    9.6297 2207.5 413.240117 -0.605578
tower_120_060_100      47.0845   22.7373  528.8 412.913920 -0.244887
tower_140_060_100      46.7162   29.2780  196.6 409.751053  0.347999
tower_020_080_100      47.1544  -11.1656  100.0 412.126784 -0.336028
tower_040_080_100      48.8364   -4.9441  100.0 412.866180 -1.252401
tower_060_080_100      50.1482    1.6766  149.2 415.557375  0.768800
tower_080_080_100      51.0565    8.6182  551.1 417.308566  0.548566
tower_100_080_100      51.5363   15.7723  231.8 421.940073 -0.011567
tower_120_080_100      51.5738   23.0082  265.8 485.904735 -0.885338
tower_140_080_100      51.1681   30.1858  211.2 410.714242  1.894257
tower_020_100_100      51.2071  -14.1346  100.0 409.995734  2.047792
tower_040_100_100      53.0475   -7.4470  233.9 411.775057  0.813574
tower_060_100_100      54.4890   -0.2414  109.8 415.850316 -0.935575
tower_080_100_100      55.4905    7.3902  100.0 411.371187  1.059831
tower_100_100_100      56.0207   15.3087  102.3 415.708272 -0.062721
tower_120_100_100      56.0623   23.3385  203.3 415.200884  1.602325
tower_140_100_100      55.6137   31.2889  269.1 408.211178  0.883543
tower_020_120_100      55.1717  -17.6733  100.0 412.814790  1.175254
tower_040_120_100      57.1884  -10.4758  100.0 412.275209 -0.095429
tower_060_120_100      58.7769   -2.5935  100.4 413.480222 -1.876584
tower_100_120_100      60.4745   14.7310  382.9 414.887731 -0.592273
tower_120_120_100      60.5207   23.7503  198.9 408.828158  0.636720
tower_140_120_100      60.0223   32.6572  130.8 411.294701  0.202732
tower_020_140_100      59.0011  -21.9409  100.0 412.845275  0.185574
tower_040_140_100      61.2151  -14.2013  100.0 412.713804 -1.131638
tower_060_140_100      62.9721   -5.5391  100.0 413.787169 -0.192037
tower_080_140_100      64.2065    3.9369  100.0 409.165142  0.215503
tower_120_140_100      64.9168   24.2777  101.1 413.335185 -1.130966
tower_140_140_100      64.3592   34.3981  169.6 410.387495  0.306009
