tower_020_020_100      34.8407   -4.6202 1192.6 410.932363  0.396241
tower_040_020_100      36.1314    0.4664  256.3 410.013850  0.407363
tower_060_020_100      37.1299    5.7541  100.0 409.781163 -1.719070
tower_080_020_100      37.8168   11.1969  100.0 417.646577 -0.350447
tower_100_020_100      38.1782   16.7394  100.0 417.978711 -0.441098
tower_020_040_100      38.9393   -6.4881  358.2 411.350693  0.560981
tower_060_040_100      41.4407    4.6095  100.0 410.432682 -1.392875
tower_080_040_100      42.1935   10.4770  100.3 410.699736  0.273165
tower_100_040_100      42.5899   16.4702  100.0 415.668091  0.308616
tower_120_040_100      42.6209   22.5112 1154.5 414.595308  1.025141
tower_140_040_100      42.2857   28.5181  100.0 412.235413  1.214815
tower_040_060_100      44.5925   -2.8457  100.0 411.412759  0.418171
tower_080_060_100      46.6149    9.6297 2207.5 408.303059 -1.065786
tower_120_060_100      47.0845   22.7373  528.8 403.283589  1.237758
tower_140_060_100      46.7162   29.2780  196.6 409.059230  0.789554
tower_020_080_100      47.1544  -11.1656  100.0 409.639469 -1.391085
tower_040_080_100      48.8364   -4.9441  100.0 410.561888  1.581601
tower_060_080_100      50.1482    1.6766  149.2 407.677231  0.421118
tower_080_080_100      51.0565    8.6182  551.1 406.116871 -0.997161
tower_100_080_100      51.5363   15.7723  231.8 407.352623 -1.759116
tower_120_080_100      51.5738   23.0082  265.8 409.075907  1.251545
tower_140_080_100      51.1681   30.1858  211.2 410.478587  0.337045
tower_020_100_100      51.2071  -14.1346  100.0 411.338893  0.538271
tower_040_100_100      53.0475   -7.4470  233.9 407.735588 -0.594655
tower_060_100_100      54.4890   -0.2414  109.8 409.204688 -0.771929
tower_080_100_100      55.4905    7.3902  100.0 409.116799 -0.250566
tower_100_100_100      56.0207   15.3087  102.3 408.489397  0.869415
tower_120_100_100      56.0623   23.3385  203.3 410.036054  0.706836
tower_140_100_100      55.6137   31.2889  269.1 410.301604 -0.089182
tower_020_120_100      55.1717  -17.6733  100.0 408.755950 -0.537610
tower_040_120_100      57.1884  -10.4758  100.0 407.753484  1.333410
tower_060_120_100      58.7769   -2.5935  100.4 411.919430 -0.206464
tower_100_120_100      60.4745   14.7310  382.9 409.898654 -0.590776
tower_120_120_100      60.5207   23.7503  198.9 410.160250  0.303041
tower_140_120_100      60.0223   32.6572  130.8 408.324465  0.855900
tower_020_140_100      59.0011  -21.9409  100.0 406.902229 -0.342464
tower_040_140_100      61.2151  -14.2013  100.0 411.204470  1.012497
tower_060_140_100      62.9721   -5.5391  100.0 411.761994 -0.852447
tower_080_140_100      64.2065    3.9369  100.0 409.999423  0.793494
tower_120_140_100      64.9168   24.2777  101.1 408.703158  0.080598
tower_140_140_100      64.3592   34.3981  169.6 411.492440 -0.467016
