tower_020_020_100      34.8407   -4.6202 1192.6 410.203953 -0.750792
tower_040_020_100      36.1314    0.4664  256.3 410.109985  0.025538
tower_060_020_100      37.1299    5.7541  100.0 411.137356 -0.721586
tower_080_020_100      37.8168   11.1969  100.0 412.711205 -0.665025
tower_100_020_100      38.1782   16.7394  100.0 411.737409  1.050876
tower_020_040_100      38.9393   -6.4881  358.2 409.784847  0.279434
tower_060_040_100      41.4407    4.6095  100.0 415.263881  1.699221
tower_080_040_100      42.1935   10.4770  100.3 418.109783  0.564839
tower_100_040_100      42.5899   16.4702  100.0 414.838933 -0.459036
tower_120_040_100      42.6209   22.5112 1154.5 401.185362  0.040789
tower_140_040_100      42.2857   28.5181  100.0 422.119118 -0.422533
tower_040_060_100      44.5925   -2.8457  100.0 415.632792  0.059914
tower_080_060_100      46.6149    9.6297 2207.5 410.985449  1.210078
tower_120_060_100      47.0845   22.7373  528.8 402.175959 -1.108949
tower_140_060_100      46.7162   29.2780  196.6 406.701341  0.547711
tower_020_080_100      47.1544  -11.1656  100.0 406.578065  0.778423
tower_040_080_100      48.8364   -4.9441  100.0 411.066671  0.806837
tower_060_080_100      50.1482    1.6766  149.2 406.381527 -0.194848
tower_080_080_100      51.0565    8.6182  551.1 411.549813  0.329330
tower_100_080_100      51.5363   15.7723  231.8 412.423788  0.084345
tower_120_080_100      51.5738   23.0082  265.8 403.903675 -1.766485
tower_140_080_100      51.1681   30.1858  211.2 406.304021 -1.400355
tower_020_100_100      51.2071  -14.1346  100.0 412.770797  1.108410
tower_040_100_100      53.0475   -7.4470  233.9 411.906947  2.320776
tower_060_100_100      54.4890   -0.2414  109.8 416.075356  0.152513
tower_080_100_100      55.4905    7.3902  100.0 411.654424  0.189539
tower_100_100_100      56.0207   15.3087  102.3 412.623054 -0.848751
tower_120_100_100      56.0623   23.3385  203.3 409.639794 -0.247586
tower_140_100_100      55.6137   31.2889  269.1 409.880647 -0.444907
tower_020_120_100      55.1717  -17.6733  100.0 413.693633 -1.325482
tower_040_120_100      57.1884  -10.4758  100.0 413.359894 -1.007414
tower_060_120_100      58.7769   -2.5935  100.4 412.934483  1.154315
tower_100_120_100      60.4745   14.7310  382.9 410.291342 -1.245119
tower_120_120_100      60.5207   23.7503  198.9 409.932380 -1.653687
tower_140_120_100      60.0223   32.6572  130.8 410.780671 -1.508508
tower_020_140_100      59.0011  -21.9409  100.0 406.712609 -0.412896
tower_040_140_100      61.2151  -14.2013  100.0 409.855494 -0.626574
tower_060_140_100      62.9721   -5.5391  100.0 408.717747 -0.169931
tower_080_140_100      64.2065    3.9369  100.0 410.838372  0.051087
tower_120_140_100      64.9168   24.2777  101.1 413.642000  0.095663
tower_140_140_100      64.3592   34.3981  169.6 411.243195  0.586873
