tower_020_020_100      34.8407   -4.6202 1192.6 416.509771 -0.058500
tower_040_020_100      36.1314    0.4664  256.3 409.248781  1.027372
tower_060_020_100      37.1299    5.7541  100.0 411.806545 -0.918680
tower_080_020_100      37.8168   11.1969  100.0 412.565919 -0.465391
tower_100_020_100      38.1782   16.7394  100.0 417.858576 -0.587581
tower_020_040_100      38.9393   -6.4881  358.2 408.523878 -0.536157
tower_060_040_100      41.4407    4.6095  100.0 412.788390 -0.584371
tower_080_040_100      42.1935   10.4770  100.3 414.651888 -1.952432
tower_100_040_100      42.5899   16.4702  100.0 436.907350 -0.371714
tower_120_040_100      42.6209   22.5112 1154.5 431.453548 -0.082020
tower_140_040_100      42.2857   28.5181  100.0 407.176217 -1.218052
tower_040_060_100      44.5925   -2.8457  100.0 412.641968 -0.992119
tower_080_060_100      46.6149    9.6297 2207.5 413.375478  0.452676
tower_120_060_100      47.0845   22.7373  528.8 453.330392 -1.450554
tower_140_060_100      46.7162   29.2780  196.6 405.383573 -0.091551
tower_020_080_100      47.1544  -11.1656  100.0 409.953371  0.160029
tower_040_080_100      48.8364   -4.9441  100.0 411.788901 -0.155601
tower_060_080_100      50.1482    1.6766  149.2 413.537604  0.466528
tower_080_080_100      51.0565    8.6182  551.1 417.106090  0.748568
tower_100_080_100      51.5363   15.7723  231.8 428.337998  1.796970
tower_120_080_100      51.5738   23.0082  265.8 446.077527 -1.079750
tower_140_080_100      51.1681   30.1858  211.2 405.746891 -0.228198
tower_020_100_100      51.2071  -14.1346  100.0 412.046094 -0.111015
tower_040_100_100      53.0475   -7.4470  233.9 411.043622 -1.431636
tower_060_100_100      54.4890   -0.2414  109.8 412.364930  1.811249
tower_080_100_100      55.4905    7.3902  100.0 412.903918 -0.812016
tower_100_100_100      56.0207   15.3087  102.3 414.561472 -2.612082
tower_120_100_100      56.0623   23.3385  203.3 426.738699 -1.523456
tower_140_100_100      55.6137   31.2889  269.1 412.056666 -0.496156
tower_020_120_100      55.1717  -17.6733  100.0 411.877511 -0.028169
tower_040_120_100      57.1884  -10.4758  100.0 412.434631  0.550553
tower_060_120_100      58.7769   -2.5935  100.4 413.297084  0.655035
tower_100_120_100      60.4745   14.7310  382.9 413.116871  0.292163
tower_120_120_100      60.5207   23.7503  198.9 408.698348 -1.404371
tower_140_120_100      60.0223   32.6572  130.8 411.387299 -0.067366
tower_020_140_100      59.0011  -21.9409  100.0 412.862458  0.168517
tower_040_140_100      61.2151  -14.2013  100.0 412.586426  0.561436
tower_060_140_100      62.9721   -5.5391  100.0 412.849549 -1.212241
tower_080_140_100      64.2065    3.9369  100.0 409.801535 -1.177883
tower_120_140_100      64.9168   24.2777  101.1 411.684356 -0.199160
tower_140_140_100      64.3592   34.3981  169.6 411.174808 -0.678261
