tower_020_020_100      34.8407   -4.6202 1192.6 414.031046  0.457926
tower_040_020_100      36.1314    0.4664  256.3 409.365454 -0.385261
tower_060_020_100      37.1299    5.7541  100.0 409.559184 -0.829078
tower_080_020_100      37.8168   11.1969  100.0 418.644254  0.518130
tower_100_020_100      38.1782   16.7394  100.0 412.565550  0.237645
tower_020_040_100      38.9393   -6.4881  358.2 410.485092  0.601751
tower_060_040_100      41.4407    4.6095  100.0 415.530436 -0.234713
tower_080_040_100      42.1935   10.4770  100.3 413.761292 -1.061957
tower_100_040_100      42.5899   16.4702  100.0 429.253848  0.339772
tower_120_040_100      42.6209   22.5112 1154.5 402.884959 -0.428802
tower_140_040_100      42.2857   28.5181  100.0 414.497313  0.698637
tower_040_060_100      44.5925   -2.8457  100.0 411.080444  0.054724
tower_080_060_100      46.6149    9.6297 2207.5 412.547982  0.300517
tower_120_060_100      47.0845   22.7373  528.8 402.072149 -0.759233
tower_140_060_100      46.7162   29.2780  196.6 411.371297  0.755690
tower_020_080_100      47.1544  -11.1656  100.0 411.651063  1.790604
tower_040_080_100      48.8364   -4.9441  100.0 411.032106 -0.527964
tower_060_080_100      50.1482    1.6766  149.2 410.579712 -0.616351
tower_080_080_100      51.0565    8.6182  551.1 409.716104  0.529976
tower_100_080_100      51.5363   15.7723  231.8 405.381129  0.527200
tower_120_080_100      51.5738   23.0082  265.8 402.931862  0.397206
tower_140_080_100      51.1681   30.1858  211.2 410.634375 -0.174767
tower_020_100_100      51.2071  -14.1346  100.0 408.857299 -0.549131
tower_040_100_100      53.0475   -7.4470  233.9 408.142277 -0.711381
tower_060_100_100      54.4890   -0.2414  109.8 405.716119 -0.914776
tower_080_100_100      55.4905    7.3902  100.0 418.121608 -0.517753
tower_100_100_100      56.0207   15.3087  102.3 432.930197 -0.979081
tower_120_100_100      56.0623   23.3385  203.3 411.379479 -1.655316
tower_140_100_100      55.6137   31.2889  269.1 410.816613 -0.611454
tower_020_120_100      55.1717  -17.6733  100.0 408.746337 -0.357031
tower_040_120_100      57.1884  -10.4758  100.0 409.279327  1.773880
tower_060_120_100      58.7769   -2.5935  100.4 410.400047  1.020648
tower_100_120_100      60.4745   14.7310  382.9 409.775764 -0.673062
tower_120_120_100      60.5207   23.7503  198.9 406.862394 -0.191862
tower_140_120_100      60.0223   32.6572  130.8 411.492738  0.441541
tower_020_140_100      59.0011  -21.9409  100.0 408.703492  0.529172
tower_040_140_100      61.2151  -14.2013  100.0 408.908692  0.490422
tower_060_140_100      62.9721   -5.5391  100.0 410.514803  0.466092
tower_080_140_100      64.2065    3.9369  100.0 407.856154  1.345056
tower_120_140_100      64.9168   24.2777  101.1 418.205745  2.794552
tower_140_140_100      64.3592   34.3981  169.6 412.633757  1.749465
