tower_020_020_100      34.8407   -4.6202 1192.6 414.856836 -0.218871
tower_040_020_100      36.1314    0.4664  256.3 405.908345  0.177075
tower_060_020_100      37.1299    5.7541  100.0 406.803579 -1.535029
tower_080_020_100      37.8168   11.1969  100.0 413.147336 -0.674663
tower_100_020_100      38.1782   16.7394  100.0 417.881781 -0.980197
tower_020_040_100      38.9393   -6.4881  358.2 394.147553 -2.233141
tower_060_040_100      41.4407    4.6095  100.0 411.852038 -0.825498
tower_080_040_100      42.1935   10.4770  100.3 412.465683 -0.144438
tower_100_040_100      42.5899   16.4702  100.0 428.060808 -2.220655
tower_120_040_100      42.6209   22.5112 1154.5 412.187273  0.207979
tower_140_040_100      42.2857   28.5181  100.0 405.965876 -0.451240
tower_040_060_100      44.5925   -2.8457  100.0 412.348823 -0.321714
tower_080_060_100      46.6149    9.6297 2207.5 411.622104  0.673315
tower_120_060_100      47.0845   22.7373  528.8 416.241750  0.064997
tower_140_060_100      46.7162   29.2780  196.6 405.901785  0.521282
tower_020_080_100      47.1544  -11.1656  100.0 412.916321  0.033535
tower_040_080_100      48.8364   -4.9441  100.0 410.690796 -0.402496
tower_060_080_100      50.1482    1.6766  149.2 413.591291  0.192363
tower_080_080_100      51.0565    8.6182  551.1 416.887174  0.715427
tower_100_080_100      51.5363   15.7723  231.8 444.305606 -1.355119
tower_120_080_100      51.5738   23.0082  265.8 446.436318  0.420131
tower_140_080_100      51.1681   30.1858  211.2 410.136442  0.791696
tower_020_100_100      51.2071  -14.1346  100.0 413.848720  0.477728
tower_040_100_100      53.0475   -7.4470  233.9 411.118073 -0.014397
tower_060_100_100      54.4890   -0.2414  109.8 415.930974 -0.588894
tower_080_100_100      55.4905    7.3902  100.0 409.709487 -0.297482
tower_100_100_100      56.0207   15.3087  102.3 420.874480 -0.223572
tower_120_100_100      56.0623   23.3385  203.3 415.646754  0.052875
tower_140_100_100      55.6137   31.2889  269.1 409.807183  0.330474
tower_020_120_100      55.1717  -17.6733  100.0 411.486357 -1.573882
tower_040_120_100      57.1884  -10.4758  100.0 412.952210  1.194276
tower_060_120_100      58.7769   -2.5935  100.4 411.668851 -0.779580
tower_100_120_100      60.4745   14.7310  382.9 411.587829 -1.399206
tower_120_120_100      60.5207   23.7503  198.9 409.564433 -1.747577
tower_140_120_100      60.0223   32.6572  130.8 413.006286  0.836193
tower_020_140_100      59.0011  -21.9409  100.0 412.763732  1.099996
tower_040_140_100      61.2151  -14.2013  100.0 412.396751 -0.239420
tower_060_140_100      62.9721   -5.5391  100.0 410.862312 -0.020812
tower_080_140_100      64.2065    3.9369  100.0 409.796929  1.839541
tower_120_140_100      64.9168   24.2777  101.1 415.002412 -1.713863
tower_140_140_100      64.3592   34.3981  169.6 409.858943 -0.510477
