tower_020_020_100      34.8407   -4.6202 1192.6 416.851603 -1.561142
tower_040_020_100      36.1314    0.4664  256.3 416.003965 -0.554249
tower_060_020_100      37.1299    5.7541  100.0 416.740178  1.229499
tower_080_020_100      37.8168   11.1969  100.0 419.854049 -0.390524
tower_100_020_100      38.1782   16.7394  100.0 416.286924  1.433678
tower_020_040_100      38.9393   -6.4881  358.2 415.406047 -0.838227
tower_060_040_100      41.4407    4.6095  100.0 415.750808  0.993201
tower_080_040_100      42.1935   10.4770  100.3 416.935387  1.331641
tower_100_040_100      42.5899   16.4702  100.0 423.135147 -1.591334
tower_120_040_100      42.6209   22.5112 1154.5 407.955103  0.696956
tower_140_040_100      42.2857   28.5181  100.0 415.289030 -0.926011
tower_040_060_100      44.5925   -2.8457  100.0 414.937253 -0.063854
tower_080_060_100      46.6149    9.6297 2207.5 416.373773  1.575690
tower_120_060_100      47.0845   22.7373  528.8 397.476393 -1.584722
tower_140_060_100      46.7162   29.2780  196.6 408.803189  1.177983
tower_020_080_100      47.1544  -11.1656  100.0 414.143096  1.262636
tower_040_080_100      48.8364   -4.9441  100.0 416.852655  0.489529
tower_060_080_100      50.1482    1.6766  149.2 419.818647 -0.989161
tower_080_080_100      51.0565    8.6182  551.1 413.437012 -0.623485
tower_100_080_100      51.5363   15.7723  231.8 414.371503 -0.285830
tower_120_080_100      51.5738   23.0082  265.8 404.059005  1.076161
tower_140_080_100      51.1681   30.1858  211.2 413.288239  2.026631
tower_020_100_100      51.2071  -14.1346  100.0 413.871063  0.358504
tower_040_100_100      53.0475   -7.4470  233.9 412.190765 -0.763275
tower_060_100_100      54.4890   -0.2414  109.8 414.450878  1.210134
tower_080_100_100      55.4905    7.3902  100.0 415.027988 -0.536698
tower_100_100_100      56.0207   15.3087  102.3 411.373822 -2.178164
tower_120_100_100      56.0623   23.3385  203.3 403.727987  0.903077
tower_140_100_100      55.6137   31.2889  269.1 413.900573 -0.875653
tower_020_120_100      55.1717  -17.6733  100.0 414.572113 -0.744727
tower_040_120_100      57.1884  -10.4758  100.0 411.149353 -1.016478
tower_060_120_100      58.7769   -2.5935  100.4 411.146362 -0.327741
tower_100_120_100      60.4745   14.7310  382.9 415.825493  0.813425
tower_120_120_100      60.5207   23.7503  198.9 413.540296  0.561569
tower_140_120_100      60.0223   32.6572  130.8 413.663300 -1.839643
tower_020_140_100      59.0011  -21.9409  100.0 415.044589 -2.871087
tower_040_140_100      61.2151  -14.2013  100.0 414.187165 -1.035084
tower_060_140_100      62.9721   -5.5391  100.0 413.130161  0.307930
tower_080_140_100      64.2065    3.9369  100.0 416.400726 -0.997352
tower_120_140_100      64.9168   24.2777  101.1 410.794953 -0.878944
tower_140_140_100      64.3592   34.3981  169.6 415.917752 -0.362967
