tower_020_020_100      34.8407   -4.6202 1192.6 414.166142  1.731773
tower_040_020_100      36.1314    0.4664  256.3 411.857486  0.384721
tower_060_020_100      37.1299    5.7541  100.0 412.615507  1.246378
tower_080_020_100      37.8168   11.1969  100.0 412.535278 -0.369807
tower_100_020_100      38.1782   16.7394  100.0 418.123744 -1.055401
tower_020_040_100      38.9393   -6.4881  358.2 413.728735 -1.281883
tower_060_040_100      41.4407    4.6095  100.0 413.374968 -0.143008
tower_080_040_100      42.1935   10.4770  100.3 413.600560 -0.940668
tower_100_040_100      42.5899   16.4702  100.0 425.856157  1.206578
tower_120_040_100      42.6209   22.5112 1154.5 408.291086 -1.068415
tower_140_040_100      42.2857   28.5181  100.0 414.625208  1.834767
tower_040_060_100      44.5925   -2.8457  100.0 413.234924 -0.672554
tower_080_060_100      46.6149    9.6297 2207.5 412.693048  2.784104
tower_120_060_100      47.0845   22.7373  528.8 404.258867  0.036641
tower_140_060_100      46.7162   29.2780  196.6 408.501748 -0.214894
tower_020_080_100      47.1544  -11.1656  100.0 413.034553  0.728247
tower_040_080_100      48.8364   -4.9441  100.0 413.758397  0.695404
tower_060_080_100      50.1482    1.6766  149.2 407.050768  0.389255
tower_080_080_100      51.0565    8.6182  551.1 414.535857 -1.971093
tower_100_080_100      51.5363   15.7723  231.8 405.243191  0.870033
tower_120_080_100      51.5738   23.0082  265.8 400.218471  0.153619
tower_140_080_100      51.1681   30.1858  211.2 404.198574  0.588837
tower_020_100_100      51.2071  -14.1346  100.0 412.640195  0.081928
tower_040_100_100      53.0475   -7.4470  233.9 411.729171  1.334218
tower_060_100_100      54.4890   -0.2414  109.8 410.234030 -1.469461
tower_080_100_100      55.4905    7.3902  100.0 412.430785  0.438312
tower_100_100_100      56.0207   15.3087  102.3 409.666075  0.238320
tower_120_100_100      56.0623   23.3385  203.3 412.498736  0.716317
tower_140_100_100      55.6137   31.2889  269.1 405.388279  0.215229
tower_020_120_100      55.1717  -17.6733  100.0 412.269958 -0.831364
tower_040_120_100      57.1884  -10.4758  100.0 413.981722 -0.463025
tower_060_120_100      58.7769   -2.5935  100.4 413.947449  0.114832
tower_100_120_100      60.4745   14.7310  382.9 411.610168  1.043606
tower_120_120_100      60.5207   23.7503  198.9 416.909629  1.330981
tower_140_120_100      60.0223   32.6572  130.8 407.448334 -1.302806
tower_020_140_100      59.0011  -21.9409  100.0 412.367952 -1.307291
tower_040_140_100      61.2151  -14.2013  100.0 412.851772 -0.119055
tower_060_140_100      62.9721   -5.5391  100.0 414.206757 -0.496593
tower_080_140_100      64.2065    3.9369  100.0 409.787284  1.141566
tower_120_140_100      64.9168   24.2777  101.1 409.325626 -1.844990
tower_140_140_100      64.3592   34.3981  169.6 409.333960 -0.410351
