tower_020_020_100      34.8407   -4.6202 1192.6 418.728811  0.186626
tower_040_020_100      36.1314    0.4664  256.3 415.007825  1.923993
tower_060_020_100      37.1299    5.7541  100.0 414.739939  1.273086
tower_080_020_100      37.8168   11.1969  100.0 415.272127 -0.392123
tower_100_020_100      38.1782   16.7394  100.0 419.706912 -0.919034
tower_020_040_100      38.9393   -6.4881  358.2 417.661066 -1.030066
tower_060_040_100      41.4407    4.6095  100.0 416.854186  0.336021
tower_080_040_100      42.1935   10.4770  100.3 412.785290 -0.642931
tower_100_040_100      42.5899   16.4702  100.0 419.891606 -2.408684
tower_120_040_100      42.6209   22.5112 1154.5 413.835941 -0.750850
tower_140_040_100      42.2857   28.5181  100.0 409.229469 -0.983883
tower_040_060_100      44.5925   -2.8457  100.0 413.760684 -0.845436
tower_080_060_100      46.6149    9.6297 2207.5 411.459831  1.854070
tower_120_060_100      47.0845   22.7373  528.8 409.598364 -1.790099
tower_140_060_100      46.7162   29.2780  196.6 413.845605  0.086358
tower_020_080_100      47.1544  -11.1656  100.0 414.639984  0.648786
tower_040_080_100      48.8364   -4.9441  100.0 411.045531 -0.366330
tower_060_080_100      50.1482    1.6766  149.2 414.209070  0.656833
tower_080_080_100      51.0565    8.6182  551.1 416.606230 -0.870034
tower_100_080_100      51.5363   15.7723  231.8 419.236559 -1.071193
tower_120_080_100      51.5738   23.0082  265.8 415.766151 -2.090909
tower_140_080_100      51.1681   30.1858  211.2 414.044012 -0.391384
tower_020_100_100      51.2071  -14.1346  100.0 413.854551 -0.237192
tower_040_100_100      53.0475   -7.4470  233.9 412.220928 -0.312467
tower_060_100_100      54.4890   -0.2414  109.8 415.872183 -1.352334
tower_080_100_100      55.4905    7.3902  100.0 414.238297  0.307871
tower_100_100_100      56.0207   15.3087  102.3 413.763464 -0.971415
tower_120_100_100      56.0623   23.3385  203.3 416.357918 -1.245582
tower_140_100_100      55.6137   31.2889  269.1 413.777353 -0.748795
tower_020_120_100      55.1717  -17.6733  100.0 412.289175 -0.931850
tower_040_120_100      57.1884  -10.4758  100.0 413.743802  1.532187
tower_060_120_100      58.7769   -2.5935  100.4 413.901428 -0.349643
tower_100_120_100      60.4745   14.7310  382.9 415.923186  0.340283
tower_120_120_100      60.5207   23.7503  198.9 413.981279  0.509296
tower_140_120_100      60.0223   32.6572  130.8 410.638623 -0.486956
tower_020_140_100      59.0011  -21.9409  100.0 411.558883 -0.355916
tower_040_140_100      61.2151  -14.2013  100.0 414.739928  2.410811
tower_060_140_100      62.9721   -5.5391  100.0 415.321046 -1.781908
tower_080_140_100      64.2065    3.9369  100.0 415.403042  1.065405
tower_120_140_100      64.9168   24.2777  101.1 415.467915  2.615255
tower_140_140_100      64.3592   34.3981  169.6 415.217317  0.981566
