tower_020_020_100      34.8407   -4.6202 1192.6 414.984785  1.218948
tower_040_020_100      36.1314    0.4664  256.3 414.113665  0.522940
tower_060_020_100      37.1299    5.7541  100.0 412.796105  0.978898
tower_080_020_100      37.8168   11.1969  100.0 413.621518 -2.314750
tower_100_020_100      38.1782   16.7394  100.0 422.450675 -0.955809
tower_020_040_100      38.9393   -6.4881  358.2 414.595970  0.153018
tower_060_040_100      41.4407    4.6095  100.0 413.307966  0.200339
tower_080_040_100      42.1935   10.4770  100.3 413.090758  1.125242
tower_100_040_100      42.5899   16.4702  100.0 429.054342 -2.071998
tower_120_040_100      42.6209   22.5112 1154.5 408.700267  0.634973
tower_140_040_100      42.2857   28.5181  100.0 424.550820 -1.100260
tower_040_060_100      44.5925   -2.8457  100.0 413.110627 -0.048401
tower_080_060_100      46.6149    9.6297 2207.5 413.339145 -0.865425
tower_120_060_100      47.0845   22.7373  528.8 410.148294  0.028352
tower_140_060_100      46.7162   29.2780  196.6 402.521135 -2.563046
tower_020_080_100      47.1544  -11.1656  100.0 413.227838  0.008308
tower_040_080_100      48.8364   -4.9441  100.0 413.320954  1.261711
tower_060_080_100      50.1482    1.6766  149.2 411.091972 -0.357345
tower_080_080_100      51.0565    8.6182  551.1 411.250728 -0.509310
tower_100_080_100      51.5363   15.7723  231.8 407.356582 -0.415569
tower_120_080_100      51.5738   23.0082  265.8 415.520088 -0.359046
tower_140_080_100      51.1681   30.1858  211.2 403.586197 -0.231656
tower_020_100_100      51.2071  -14.1346  100.0 413.303191  1.838370
tower_040_100_100      53.0475   -7.4470  233.9 409.892860  0.833741
tower_060_100_100      54.4890   -0.2414  109.8 411.348038  2.427959
tower_080_100_100      55.4905    7.3902  100.0 413.140844  0.266643
tower_100_100_100      56.0207   15.3087  102.3 415.240983 -1.301251
tower_120_100_100      56.0623   23.3385  203.3 409.879718  0.010286
tower_140_100_100      55.6137   31.2889  269.1 407.847225  1.346476
tower_020_120_100      55.1717  -17.6733  100.0 412.698271  0.662787
tower_040_120_100      57.1884  -10.4758  100.0 413.171508 -2.388278
tower_060_120_100      58.7769   -2.5935  100.4 413.530916 -1.365077
tower_100_120_100      60.4745   14.7310  382.9 412.495113  1.292766
tower_120_120_100      60.5207   23.7503  198.9 409.516442 -1.119244
tower_140_120_100      60.0223   32.6572  130.8 406.439208 -0.237610
tower_020_140_100      59.0011  -21.9409  100.0 412.502351 -1.142063
tower_040_140_100      61.2151  -14.2013  100.0 412.471619 -0.096526
tower_060_140_100      62.9721   -5.5391  100.0 413.723543 -0.282512
tower_080_140_100      64.2065    3.9369  100.0 408.298007 -1.209790
tower_120_140_100      64.9168   24.2777  101.1 409.887496 -3.117182
tower_140_140_100      64.3592   34.3981  169.6 412.982889  0.991547
