tower_020_020_100      34.8407   -4.6202 1192.6 419.478347 -1.324849
tower_040_020_100      36.1314    0.4664  256.3 416.065420  0.133632
tower_060_020_100      37.1299    5.7541  100.0 414.874998 -0.403616
tower_080_020_100      37.8168   11.1969  100.0 412.529582  1.392175
tower_100_020_100      38.1782   16.7394  100.0 403.251129 -1.338692
tower_020_040_100      38.9393   -6.4881  358.2 419.190251  0.569156
tower_060_040_100      41.4407    4.6095  100.0 412.227398 -2.823500
tower_080_040_100      42.1935   10.4770  100.3 407.530651  0.475709
tower_100_040_100      42.5899   16.4702  100.0 407.398249  0.315520
tower_120_040_100      42.6209   22.5112 1154.5 398.935809  1.057442
tower_140_040_100      42.2857   28.5181  100.0 411.526745  0.757549
tower_040_060_100      44.5925   -2.8457  100.0 415.241927 -0.562584
tower_080_060_100      46.6149    9.6297 2207.5 412.508971 -0.725756
tower_120_060_100      47.0845   22.7373  528.8 402.168844 -0.181275
tower_140_060_100      46.7162   29.2780  196.6 406.198519  0.585515
tower_020_080_100      47.1544  -11.1656  100.0 419.533996  1.317201
tower_040_080_100      48.8364   -4.9441  100.0 417.645692  0.339593
tower_060_080_100      50.1482    1.6766  149.2 409.719478 -0.811129
tower_080_080_100      51.0565    8.6182  551.1 412.806476 -1.529980
tower_100_080_100      51.5363   15.7723  231.8 399.113065 -0.525955
tower_120_080_100      51.5738   23.0082  265.8 409.812007  0.246995
tower_140_080_100      51.1681   30.1858  211.2 409.175707 -0.678509
tower_020_100_100      51.2071  -14.1346  100.0 419.294921  1.286417
tower_040_100_100      53.0475   -7.4470  233.9 419.038361  0.451305
tower_060_100_100      54.4890   -0.2414  109.8 416.371717 -0.507427
tower_080_100_100      55.4905    7.3902  100.0 413.518599  0.492656
tower_100_100_100      56.0207   15.3087  102.3 401.046102 -1.170464
tower_120_100_100      56.0623   23.3385  203.3 412.419290 -0.664616
tower_140_100_100      55.6137   31.2889  269.1 416.891506  0.618777
tower_020_120_100      55.1717  -17.6733  100.0 418.226226 -0.917924
tower_040_120_100      57.1884  -10.4758  100.0 419.806030  0.882562
tower_060_120_100      58.7769   -2.5935  100.4 419.174899 -1.540223
tower_100_120_100      60.4745   14.7310  382.9 412.444903  1.534570
tower_120_120_100      60.5207   23.7503  198.9 408.459482  2.438541
tower_140_120_100      60.0223   32.6572  130.8 414.245547  1.555113
tower_020_140_100      59.0011  -21.9409  100.0 416.835938  0.425858
tower_040_140_100      61.2151  -14.2013  100.0 419.051545 -0.574676
tower_060_140_100      62.9721   -5.5391  100.0 419.802432  1.063835
tower_080_140_100      64.2065    3.9369  100.0 419.637940  0.296823
tower_120_140_100      64.9168   24.2777  101.1 409.733269 -0.375785
tower_140_140_100      64.3592   34.3981  169.6 414.128080  0.458797
