tower_020_020_100      34.8407   -4.6202 1192.6 410.894690  0.789568
tower_040_020_100      36.1314    0.4664  256.3 407.740571 -0.650295
tower_060_020_100      37.1299    5.7541  100.0 410.549093  1.031840
tower_080_020_100      37.8168   11.1969  100.0 411.593546 -0.144655
tower_100_020_100      38.1782   16.7394  100.0 414.960732 -1.798413
tower_020_040_100      38.9393   -6.4881  358.2 403.853880 -1.777203
tower_060_040_100      41.4407    4.6095  100.0 413.054089 -0.597249
tower_080_040_100      42.1935   10.4770  100.3 412.237678  0.607329
tower_100_040_100      42.5899   16.4702  100.0 408.691115 -2.018475
tower_120_040_100      42.6209   22.5112 1154.5 413.915536 -1.884497
tower_140_040_100      42.2857   28.5181  100.0 406.153988 -0.309260
tower_040_060_100      44.5925   -2.8457  100.0 410.110449 -0.954856
tower_080_060_100      46.6149    9.6297 2207.5 412.751804 -0.253014
tower_120_060_100      47.0845   22.7373  528.8 399.903458 -1.189793
tower_140_060_100      46.7162   29.2780  196.6 410.122521  0.415846
tower_020_080_100      47.1544  -11.1656  100.0 410.225779  0.232842
tower_040_080_100      48.8364   -4.9441  100.0 413.105938  0.651005
tower_060_080_100      50.1482    1.6766  149.2 417.973538 -0.603655
tower_080_080_100      51.0565    8.6182  551.1 416.067084  1.213264
tower_100_080_100      51.5363   15.7723  231.8 427.770882  0.100383
tower_120_080_100      51.5738   23.0082  265.8 396.736817  0.044372
tower_140_080_100      51.1681   30.1858  211.2 406.408898 -0.811406
tower_020_100_100      51.2071  -14.1346  100.0 413.235709 -0.283922
tower_040_100_100      53.0475   -7.4470  233.9 412.080852  0.780451
tower_060_100_100      54.4890   -0.2414  109.8 411.029330  0.385052
tower_080_100_100      55.4905    7.3902  100.0 412.170569  0.155680
tower_100_100_100      56.0207   15.3087  102.3 414.631249  0.171864
tower_120_100_100      56.0623   23.3385  203.3 419.620876  1.784367
tower_140_100_100      55.6137   31.2889  269.1 409.198170  0.776600
tower_020_120_100      55.1717  -17.6733  100.0 413.485841  1.229111
tower_040_120_100      57.1884  -10.4758  100.0 414.139893  1.329745
tower_060_120_100      58.7769   -2.5935  100.4 414.637602  1.427150
tower_100_120_100      60.4745   14.7310  382.9 412.871739  2.210572
tower_120_120_100      60.5207   23.7503  198.9 410.552616  1.267812
tower_140_120_100      60.0223   32.6572  130.8 411.562986 -1.143631
tower_020_140_100      59.0011  -21.9409  100.0 406.906768 -0.271429
tower_040_140_100      61.2151  -14.2013  100.0 408.124395 -0.020959
tower_060_140_100      62.9721   -5.5391  100.0 410.270868  1.305598
tower_080_140_100      64.2065    3.9369  100.0 410.019376 -0.387753
tower_120_140_100      64.9168   24.2777  101.1 413.128671 -1.335508
tower_140_140_100      64.3592   34.3981  169.6 415.467682 -0.199048
