tower_020_020_100      34.8407   -4.6202 1192.6 419.256422 -0.752732
tower_040_020_100      36.1314    0.4664  256.3 415.065237  1.856941
tower_060_020_100      37.1299    5.7541  100.0 414.842921  0.339897
tower_080_020_100      37.8168   11.1969  100.0 416.135044 -1.106073
tower_100_020_100      38.1782   16.7394  100.0 417.281512 -1.414430
tower_020_040_100      38.9393   -6.4881  358.2 417.408352 -0.905622
tower_060_040_100      41.4407    4.6095  100.0 420.217471 -0.768507
tower_080_040_100      42.1935   10.4770  100.3 420.095215 -0.777393
tower_100_040_100      42.5899   16.4702  100.0 416.686327  0.704746
tower_120_040_100      42.6209   22.5112 1154.5 400.145468 -0.850059
tower_140_040_100      42.2857   28.5181  100.0 411.261578 -0.316201
tower_040_060_100      44.5925   -2.8457  100.0 416.318512 -1.722013
tower_080_060_100      46.6149    9.6297 2207.5 410.072939  0.828049
tower_120_060_100      47.0845   22.7373  528.8 403.032463  0.975494
tower_140_060_100      46.7162   29.2780  196.6 404.783863  1.089389
tower_020_080_100      47.1544  -11.1656  100.0 416.343287  0.815573
tower_040_080_100      48.8364   -4.9441  100.0 421.485463 -1.345702
tower_060_080_100      50.1482    1.6766  149.2 413.699495  0.195413
tower_080_080_100      51.0565    8.6182  551.1 409.657722 -0.000601
tower_100_080_100      51.5363   15.7723  231.8 401.396503 -0.459195
tower_120_080_100      51.5738   23.0082  265.8 409.582389  0.423580
tower_140_080_100      51.1681   30.1858  211.2 410.922698 -0.561664
tower_020_100_100      51.2071  -14.1346  100.0 414.005531 -0.507627
tower_040_100_100      53.0475   -7.4470  233.9 413.967778 -0.847277
tower_060_100_100      54.4890   -0.2414  109.8 416.516715  0.996502
tower_080_100_100      55.4905    7.3902  100.0 413.708167  0.348714
tower_100_100_100      56.0207   15.3087  102.3 413.093450  0.050319
tower_120_100_100      56.0623   23.3385  203.3 409.945659  1.939650
tower_140_100_100      55.6137   31.2889  269.1 413.350303 -0.266118
tower_020_120_100      55.1717  -17.6733  100.0 414.754607 -0.364948
tower_040_120_100      57.1884  -10.4758  100.0 414.640535 -1.058650
tower_060_120_100      58.7769   -2.5935  100.4 413.037347  0.967106
tower_100_120_100      60.4745   14.7310  382.9 416.355099  1.342582
tower_120_120_100      60.5207   23.7503  198.9 412.627523  1.665277
tower_140_120_100      60.0223   32.6572  130.8 413.648865 -1.169866
tower_020_140_100      59.0011  -21.9409  100.0 413.582455 -0.062130
tower_040_140_100      61.2151  -14.2013  100.0 410.720339  1.487366
tower_060_140_100      62.9721   -5.5391  100.0 412.528104  0.993636
tower_080_140_100      64.2065    3.9369  100.0 415.137448  0.875984
tower_120_140_100      64.9168   24.2777  101.1 417.023109 -0.577827
tower_140_140_100      64.3592   34.3981  169.6 415.180020  0.990470
