tower_020_020_100      34.8407   -4.6202 1192.6 417.585421  0.661996
tower_040_020_100      36.1314    0.4664  256.3 410.199142 -1.475982
tower_060_020_100      37.1299    5.7541  100.0 412.924548  2.636407
tower_080_020_100      37.8168   11.1969  100.0 412.904391 -0.223861
tower_100_020_100      38.1782   16.7394  100.0 420.476927  1.087206
tower_020_040_100      38.9393   -6.4881  358.2 413.997434 -1.261222
tower_060_040_100      41.4407    4.6095  100.0 412.983846  1.410205
tower_080_040_100      42.1935   10.4770  100.3 415.065389 -0.535328
tower_100_040_100      42.5899   16.4702  100.0 422.007791  0.939549
tower_120_040_100      42.6209   22.5112 1154.5 415.622309  0.217284
tower_140_040_100      42.2857   28.5181  100.0 406.293178 -0.421443
tower_040_060_100      44.5925   -2.8457  100.0 412.959201  0.723127
tower_080_060_100      46.6149    9.6297 2207.5 411.977298  0.561738
tower_120_060_100      47.0845   22.7373  528.8 421.627298 -0.441325
tower_140_060_100      46.7162   29.2780  196.6 402.446773  0.483354
tower_020_080_100      47.1544  -11.1656  100.0 415.100456 -1.209861
tower_040_080_100      48.8364   -4.9441  100.0 410.395273  0.260070
tower_060_080_100      50.1482    1.6766  149.2 409.043080 -0.419761
tower_080_080_100      51.0565    8.6182  551.1 410.230414 -0.063901
tower_100_080_100      51.5363   15.7723  231.8 412.601895 -1.165458
tower_120_080_100      51.5738   23.0082  265.8 403.693699  0.732269
tower_140_080_100      51.1681   30.1858  211.2 406.049873 -1.089955
tower_020_100_100      51.2071  -14.1346  100.0 411.738366 -0.568724
tower_040_100_100      53.0475   -7.4470  233.9 410.856167 -1.992897
tower_060_100_100      54.4890   -0.2414  109.8 410.892275  1.946275
tower_080_100_100      55.4905    7.3902  100.0 411.416331 -2.787232
tower_100_100_100      56.0207   15.3087  102.3 415.846194  1.482728
tower_120_100_100      56.0623   23.3385  203.3 407.174397  1.687541
tower_140_100_100      55.6137   31.2889  269.1 407.101390  0.992498
tower_020_120_100      55.1717  -17.6733  100.0 411.531738  0.167532
tower_040_120_100      57.1884  -10.4758  100.0 412.518066  0.423506
tower_060_120_100      58.7769   -2.5935  100.4 410.477175  0.639502
tower_100_120_100      60.4745   14.7310  382.9 412.682497  0.306729
tower_120_120_100      60.5207   23.7503  198.9 408.534279 -1.396698
tower_140_120_100      60.0223   32.6572  130.8 407.050771 -0.056289
tower_020_140_100      59.0011  -21.9409  100.0 412.620851 -0.295642
tower_040_140_100      61.2151  -14.2013  100.0 412.756684 -2.228740
tower_060_140_100      62.9721   -5.5391  100.0 412.056828 -2.776987
tower_080_140_100      64.2065    3.9369  100.0 409.749997  0.305462
tower_120_140_100      64.9168   24.2777  101.1 407.009677 -1.105496
tower_140_140_100      64.3592   34.3981  169.6 410.956630  0.904165
