tower_020_020_100      34.8407   -4.6202 1192.6 412.331853 -0.330860
tower_040_020_100      36.1314    0.4664  256.3 407.241701  0.562236
tower_060_020_100      37.1299    5.7541  100.0 408.551246 -1.435639
tower_080_020_100      37.8168   11.1969  100.0 412.782177 -0.156767
tower_100_020_100      38.1782   16.7394  100.0 415.101329 -0.754753
tower_020_040_100      38.9393   -6.4881  358.2 397.839032 -1.078563
tower_060_040_100      41.4407    4.6095  100.0 413.605079 -0.474043
tower_080_040_100      42.1935   10.4770  100.3 420.270023  0.999614
tower_100_040_100      42.5899   16.4702  100.0 440.655784  1.050315
tower_120_040_100      42.6209   22.5112 1154.5 416.088870  2.172302
tower_140_040_100      42.2857   28.5181  100.0 430.592320  0.435420
tower_040_060_100      44.5925   -2.8457  100.0 411.917116 -1.552188
tower_080_060_100      46.6149    9.6297 2207.5 411.349458  0.636879
tower_120_060_100      47.0845   22.7373  528.8 415.092961  1.316123
tower_140_060_100      46.7162   29.2780  196.6 413.153499 -0.363950
tower_020_080_100      47.1544  -11.1656  100.0 411.428268 -0.570284
tower_040_080_100      48.8364   -4.9441  100.0 409.001710 -1.212467
tower_060_080_100      50.1482    1.6766  149.2 417.240414 -1.222761
tower_080_080_100      51.0565    8.6182  551.1 411.337853  0.791642
tower_100_080_100      51.5363   15.7723  231.8 417.973146 -0.261921
tower_120_080_100      51.5738   23.0082  265.8 444.921746 -0.043560
tower_140_080_100      51.1681   30.1858  211.2 416.426248 -0.235347
tower_020_100_100      51.2071  -14.1346  100.0 409.152375  0.166951
tower_040_100_100      53.0475   -7.4470  233.9 412.242808  0.328986
tower_060_100_100      54.4890   -0.2414  109.8 412.921961  0.264648
tower_080_100_100      55.4905    7.3902  100.0 407.867178  0.550868
tower_100_100_100      56.0207   15.3087  102.3 422.949891  1.275585
tower_120_100_100      56.0623   23.3385  203.3 419.852729 -0.806060
tower_140_100_100      55.6137   31.2889  269.1 413.566998 -1.304765
tower_020_120_100      55.1717  -17.6733  100.0 408.633851  0.039367
tower_040_120_100      57.1884  -10.4758  100.0 408.823212 -0.203844
tower_060_120_100      58.7769   -2.5935  100.4 409.337182  1.529127
tower_100_120_100      60.4745   14.7310  382.9 411.824828  0.065052
tower_120_120_100      60.5207   23.7503  198.9 416.614589 -0.055524
tower_140_120_100      60.0223   32.6572  130.8 413.328576 -0.523499
tower_020_140_100      59.0011  -21.9409  100.0 408.721739  0.374446
tower_040_140_100      61.2151  -14.2013  100.0 408.928773 -1.139520
tower_060_140_100      62.9721   -5.5391  100.0 410.016520  0.252139
tower_080_140_100      64.2065    3.9369  100.0 410.466938  1.068868
tower_120_140_100      64.9168   24.2777  101.1 413.780007 -1.047836
tower_140_140_100      64.3592   34.3981  169.6 408.279457 -1.512520
