tower_020_020_100      34.8407   -4.6202 1192.6 416.774343  0.440462
tower_040_020_100      36.1314    0.4664  256.3 413.229115 -0.409249
tower_060_020_100      37.1299    5.7541  100.0 413.539980 -0.651996
tower_080_020_100      37.8168   11.1969  100.0 412.888856  0.647594
tower_100_020_100      38.1782   16.7394  100.0 417.160328  0.155802
tower_020_040_100      38.9393   -6.4881  358.2 414.605250 -0.101792
tower_060_040_100      41.4407    4.6095  100.0 412.756834 -0.640483
tower_080_040_100      42.1935   10.4770  100.3 411.817327  0.946364
tower_100_040_100      42.5899   16.4702  100.0 416.425722  0.515574
tower_120_040_100      42.6209   22.5112 1154.5 420.622013 -1.311503
tower_140_040_100      42.2857   28.5181  100.0 406.152048 -2.053229
tower_040_060_100      44.5925   -2.8457  100.0 412.530732 -2.128024
tower_080_060_100      46.6149    9.6297 2207.5 413.842675  0.663057
tower_120_060_100      47.0845   22.7373  528.8 414.363908  0.231259
tower_140_060_100      46.7162   29.2780  196.6 402.915602 -1.141529
tower_020_080_100      47.1544  -11.1656  100.0 413.972016 -0.929099
tower_040_080_100      48.8364   -4.9441  100.0 410.343019  0.300715
tower_060_080_100      50.1482    1.6766  149.2 411.699524 -1.078631
tower_080_080_100      51.0565    8.6182  551.1 409.177247 -0.324878
tower_100_080_100      51.5363   15.7723  231.8 411.586438 -0.485025
tower_120_080_100      51.5738   23.0082  265.8 412.701909  0.811102
tower_140_080_100      51.1681   30.1858  211.2 404.578968 -0.351450
tower_020_100_100      51.2071  -14.1346  100.0 412.524170 -0.346023
tower_040_100_100      53.0475   -7.4470  233.9 409.986050  0.141565
tower_060_100_100      54.4890   -0.2414  109.8 407.985056 -1.474888
tower_080_100_100      55.4905    7.3902  100.0 410.292099  2.292991
tower_100_100_100      56.0207   15.3087  102.3 414.308888 -0.980195
tower_120_100_100      56.0623   23.3385  203.3 410.038139 -0.584826
tower_140_100_100      55.6137   31.2889  269.1 406.159861  0.793905
tower_020_120_100      55.1717  -17.6733  100.0 412.492579  0.705532
tower_040_120_100      57.1884  -10.4758  100.0 412.557007  0.629066
tower_060_120_100      58.7769   -2.5935  100.4 409.882149 -0.619444
tower_100_120_100      60.4745   14.7310  382.9 412.078009 -0.682341
tower_120_120_100      60.5207   23.7503  198.9 410.568586  0.420556
tower_140_120_100      60.0223   32.6572  130.8 406.113222  0.695883
tower_020_140_100      59.0011  -21.9409  100.0 412.568575  1.417801
tower_040_140_100      61.2151  -14.2013  100.0 412.873351 -0.411000
tower_060_140_100      62.9721   -5.5391  100.0 411.009535 -0.069448
tower_080_140_100      64.2065    3.9369  100.0 409.761589 -1.918309
tower_120_140_100      64.9168   24.2777  101.1 408.054301  1.617326
tower_140_140_100      64.3592   34.3981  169.6 409.980626  0.686611
