tower_020_020_100      34.8407   -4.6202 1192.6 407.555756  0.434560
tower_040_020_100      36.1314    0.4664  256.3 405.750605 -0.203874
tower_060_020_100      37.1299    5.7541  100.0 413.444491 -1.475235
tower_080_020_100      37.8168   11.1969  100.0 414.023351 -0.413678
tower_100_020_100      38.1782   16.7394  100.0 427.147717  0.012495
tower_020_040_100      38.9393   -6.4881  358.2 404.714106  1.851088
tower_060_040_100      41.4407    4.6095  100.0 409.747338  1.332207
tower_080_040_100      42.1935   10.4770  100.3 418.049837  1.572997
tower_100_040_100      42.5899   16.4702  100.0 428.416477  1.315042
tower_120_040_100      42.6209   22.5112 1154.5 428.082987 -1.518136
tower_140_040_100      42.2857   28.5181  100.0 412.697184  0.540217
tower_040_060_100      44.5925   -2.8457  100.0 411.224431 -1.252957
tower_080_060_100      46.6149    9.6297 2207.5 413.636685  0.416232
tower_120_060_100      47.0845   22.7373  528.8 438.237097 -0.109842
tower_140_060_100      46.7162   29.2780  196.6 428.411495 -1.098606
tower_020_080_100      47.1544  -11.1656  100.0 405.490480  0.601513
tower_040_080_100      48.8364   -4.9441  100.0 407.336401 -0.032743
tower_060_080_100      50.1482    1.6766  149.2 414.620904 -0.635901
tower_080_080_100      51.0565    8.6182  551.1 414.511360  0.633335
tower_100_080_100      51.5363   15.7723  231.8 417.590435  0.621456
tower_120_080_100      51.5738   23.0082  265.8 419.926315 -1.049089
tower_140_080_100      51.1681   30.1858  211.2 412.000934  1.893800
tower_020_100_100      51.2071  -14.1346  100.0 404.952673  0.641058
tower_040_100_100      53.0475   -7.4470  233.9 412.679316  1.192394
tower_060_100_100      54.4890   -0.2414  109.8 412.349688  0.207751
tower_080_100_100      55.4905    7.3902  100.0 411.151062 -0.042580
tower_100_100_100      56.0207   15.3087  102.3 419.110656 -1.189867
tower_120_100_100      56.0623   23.3385  203.3 410.905018  0.234547
tower_140_100_100      55.6137   31.2889  269.1 409.931338  1.325974
tower_020_120_100      55.1717  -17.6733  100.0 412.690279 -1.063379
tower_040_120_100      57.1884  -10.4758  100.0 413.155973  0.321851
tower_060_120_100      58.7769   -2.5935  100.4 413.505512 -0.699271
tower_100_120_100      60.4745   14.7310  382.9 412.367183  1.170427
tower_120_120_100      60.5207   23.7503  198.9 411.430376  0.262302
tower_140_120_100      60.0223   32.6572  130.8 414.274914  0.457825
tower_020_140_100      59.0011  -21.9409  100.0 413.526548 -0.861586
tower_040_140_100      61.2151  -14.2013  100.0 408.338356  1.644815
tower_060_140_100      62.9721   -5.5391  100.0 409.519466 -0.811265
tower_080_140_100      64.2065    3.9369  100.0 410.394930 -0.685675
tower_120_140_100      64.9168   24.2777  101.1 412.221623 -0.899577
tower_140_140_100      64.3592   34.3981  169.6 414.549563 -0.334603
