tower_020_020_100      34.8407   -4.6202 1192.6 418.316740  0.820500
tower_040_020_100      36.1314    0.4664  256.3 415.553593  0.404520
tower_060_020_100      37.1299    5.7541  100.0 413.646692 -0.163094
tower_080_020_100      37.8168   11.1969  100.0 416.152469 -0.603913
tower_100_020_100      38.1782   16.7394  100.0 420.847382  0.309801
tower_020_040_100      38.9393   -6.4881  358.2 410.082587  0.350348
tower_060_040_100      41.4407    4.6095  100.0 418.291479  0.041539
tower_080_040_100      42.1935   10.4770  100.3 418.371626 -0.404246
tower_100_040_100      42.5899   16.4702  100.0 423.132656 -0.601905
tower_120_040_100      42.6209   22.5112 1154.5 411.027852  1.571314
tower_140_040_100      42.2857   28.5181  100.0 417.104406 -1.349383
tower_040_060_100      44.5925   -2.8457  100.0 413.776065 -0.989248
tower_080_060_100      46.6149    9.6297 2207.5 413.799621 -0.628238
tower_120_060_100      47.0845   22.7373  528.8 424.593372 -0.152828
tower_140_060_100      46.7162   29.2780  196.6 418.424709  0.708089
tower_020_080_100      47.1544  -11.1656  100.0 413.807821  0.491088
tower_040_080_100      48.8364   -4.9441  100.0 410.626348 -1.174879
tower_060_080_100      50.1482    1.6766  149.2 416.239395  0.596785
tower_080_080_100      51.0565    8.6182  551.1 416.521098  0.315492
tower_100_080_100      51.5363   15.7723  231.8 415.898428  0.605530
tower_120_080_100      51.5738   23.0082  265.8 416.098577 -0.671620
tower_140_080_100      51.1681   30.1858  211.2 424.672476 -0.687847
tower_020_100_100      51.2071  -14.1346  100.0 414.379516  0.531078
tower_040_100_100      53.0475   -7.4470  233.9 410.473946 -0.593965
tower_060_100_100      54.4890   -0.2414  109.8 415.721628  0.010800
tower_080_100_100      55.4905    7.3902  100.0 415.984457 -0.857320
tower_100_100_100      56.0207   15.3087  102.3 415.325732 -0.131569
tower_120_100_100      56.0623   23.3385  203.3 412.980168  1.663082
tower_140_100_100      55.6137   31.2889  269.1 414.914450  0.285034
tower_020_120_100      55.1717  -17.6733  100.0 411.660466  0.190445
tower_040_120_100      57.1884  -10.4758  100.0 415.007598  1.883552
tower_060_120_100      58.7769   -2.5935  100.4 415.335160  1.576008
tower_100_120_100      60.4745   14.7310  382.9 415.813136  2.288407
tower_120_120_100      60.5207   23.7503  198.9 413.175798 -0.163360
tower_140_120_100      60.0223   32.6572  130.8 411.614908  1.055834
tower_020_140_100      59.0011  -21.9409  100.0 412.868809 -0.231483
tower_040_140_100      61.2151  -14.2013  100.0 414.369355  0.390588
tower_060_140_100      62.9721   -5.5391  100.0 415.534670 -0.977657
tower_080_140_100      64.2065    3.9369  100.0 415.722472 -0.939555
tower_120_140_100      64.9168   24.2777  101.1 419.498398 -0.756132
tower_140_140_100      64.3592   34.3981  169.6 414.828307  0.330630
