tower_020_020_100      34.8407   -4.6202 1192.6 411.512225  0.137993
tower_040_020_100      36.1314    0.4664  256.3 409.551405  0.794653
tower_060_020_100      37.1299    5.7541  100.0 409.293422  1.293608
tower_080_020_100      37.8168   11.1969  100.0 412.262727 -1.132935
tower_100_020_100      38.1782   16.7394  100.0 412.426140 -0.637568
tower_020_040_100      38.9393   -6.4881  358.2 406.332584  0.030955
tower_060_040_100      41.4407    4.6095  100.0 409.509824  1.343058
tower_080_040_100      42.1935   10.4770  100.3 409.756741 -0.974518
tower_100_040_100      42.5899   16.4702  100.0 416.651691 -0.801574
tower_120_040_100      42.6209   22.5112 1154.5 411.931845  0.347072
tower_140_040_100      42.2857   28.5181  100.0 414.277496  0.435718
tower_040_060_100      44.5925   -2.8457  100.0 408.657258  0.356251
tower_080_060_100      46.6149    9.6297 2207.5 409.437011 -0.722541
tower_120_060_100      47.0845   22.7373  528.8 423.899992  0.688940
tower_140_060_100      46.7162   29.2780  196.6 416.131748 -1.924351
tower_020_080_100      47.1544  -11.1656  100.0 409.726503  1.124712
tower_040_080_100      48.8364   -4.9441  100.0 409.688782 -0.368396
tower_060_080_100      50.1482    1.6766  149.2 410.419432 -0.258945
tower_080_080_100      51.0565    8.6182  551.1 405.698095  0.471156
tower_100_080_100      51.5363   15.7723  231.8 414.985269  0.313996
tower_120_080_100      51.5738   23.0082  265.8 477.153230  1.513222
tower_140_080_100      51.1681   30.1858  211.2 423.160083  1.034240
tower_020_100_100      51.2071  -14.1346  100.0 409.503725  0.363240
tower_040_100_100      53.0475   -7.4470  233.9 409.222607 -1.353408
tower_060_100_100      54.4890   -0.2414  109.8 409.240443  1.811102
tower_080_100_100      55.4905    7.3902  100.0 407.404628 -0.795881
tower_100_100_100      56.0207   15.3087  102.3 413.457008 -2.093255
tower_120_100_100      56.0623   23.3385  203.3 407.972291 -1.569880
tower_140_100_100      55.6137   31.2889  269.1 409.010799 -1.514753
tower_020_120_100      55.1717  -17.6733  100.0 409.951353  0.459739
tower_040_120_100      57.1884  -10.4758  100.0 409.400268 -0.164841
tower_060_120_100      58.7769   -2.5935  100.4 409.223266  0.927591
tower_100_120_100      60.4745   14.7310  382.9 410.868295  0.231128
tower_120_120_100      60.5207   23.7503  198.9 412.660705  0.855321
tower_140_120_100      60.0223   32.6572  130.8 410.435527  1.136840
tower_020_140_100      59.0011  -21.9409  100.0 409.742310 -0.940811
tower_040_140_100      61.2151  -14.2013  100.0 409.660895 -0.880270
tower_060_140_100      62.9721   -5.5391  100.0 408.803012 -0.306036
tower_080_140_100      64.2065    3.9369  100.0 408.575805  0.181266
tower_120_140_100      64.9168   24.2777  101.1 408.783134 -0.162894
tower_140_140_100      64.3592   34.3981  169.6 410.255259 -0.640829
