tower_020_020_100      34.8407   -4.6202 1192.6 417.352266  1.171631
tower_040_020_100      36.1314    0.4664  256.3 413.965312 -1.953995
tower_060_020_100      37.1299    5.7541  100.0 408.481683 -0.722249
tower_080_020_100      37.8168   11.1969  100.0 412.337429 -1.865824
tower_100_020_100      38.1782   16.7394  100.0 417.358809  0.683022
tower_020_040_100      38.9393   -6.4881  358.2 414.030697  1.877916
tower_060_040_100      41.4407    4.6095  100.0 411.811410 -1.214824
tower_080_040_100      42.1935   10.4770  100.3 416.942818  0.257924
tower_100_040_100      42.5899   16.4702  100.0 425.365876 -0.111365
tower_120_040_100      42.6209   22.5112 1154.5 409.405786 -0.784405
tower_140_040_100      42.2857   28.5181  100.0 405.975367  2.673381
tower_040_060_100      44.5925   -2.8457  100.0 413.432433  0.339679
tower_080_060_100      46.6149    9.6297 2207.5 410.042641 -0.551529
tower_120_060_100      47.0845   22.7373  528.8 412.337844  0.759488
tower_140_060_100      46.7162   29.2780  196.6 403.788310  1.228494
tower_020_080_100      47.1544  -11.1656  100.0 411.501901 -1.396483
tower_040_080_100      48.8364   -4.9441  100.0 412.956814 -0.093862
tower_060_080_100      50.1482    1.6766  149.2 406.663640 -0.276940
tower_080_080_100      51.0565    8.6182  551.1 413.730131 -0.453473
tower_100_080_100      51.5363   15.7723  231.8 416.716866 -1.291148
tower_120_080_100      51.5738   23.0082  265.8 428.453777 -0.793329
tower_140_080_100      51.1681   30.1858  211.2 407.905392 -0.595908
tower_020_100_100      51.2071  -14.1346  100.0 411.753997  0.885758
tower_040_100_100      53.0475   -7.4470  233.9 410.609738  1.715922
tower_060_100_100      54.4890   -0.2414  109.8 408.851375 -1.134940
tower_080_100_100      55.4905    7.3902  100.0 411.808761  1.404183
tower_100_100_100      56.0207   15.3087  102.3 412.403560  1.044852
tower_120_100_100      56.0623   23.3385  203.3 405.210679 -0.962362
tower_140_100_100      55.6137   31.2889  269.1 409.321568 -0.055888
tower_020_120_100      55.1717  -17.6733  100.0 412.264984  0.704347
tower_040_120_100      57.1884  -10.4758  100.0 410.281344  0.786340
tower_060_120_100      58.7769   -2.5935  100.4 410.560296  0.001501
tower_100_120_100      60.4745   14.7310  382.9 410.994257  0.075032
tower_120_120_100      60.5207   23.7503  198.9 409.610505 -0.238798
tower_140_120_100      60.0223   32.6572  130.8 410.337433  0.803293
tower_020_140_100      59.0011  -21.9409  100.0 412.810580 -0.182914
tower_040_140_100      61.2151  -14.2013  100.0 410.925657  2.379945
tower_060_140_100      62.9721   -5.5391  100.0 411.019499  1.092497
tower_080_140_100      64.2065    3.9369  100.0 409.562649  0.612699
tower_120_140_100      64.9168   24.2777  101.1 409.627467 -1.101699
tower_140_140_100      64.3592   34.3981  169.6 410.930486  0.656241
