tower_020_020_100      34.8407   -4.6202 1192.6 418.065051  0.118193
tower_040_020_100      36.1314    0.4664  256.3 414.105887  0.200872
tower_060_020_100      37.1299    5.7541  100.0 413.776818 -1.021006
tower_080_020_100      37.8168   11.1969  100.0 418.237669  1.430063
tower_100_020_100      38.1782   16.7394  100.0 423.211302 -0.337565
tower_020_040_100      38.9393   -6.4881  358.2 419.654080  1.031563
tower_060_040_100      41.4407    4.6095  100.0 418.308479  0.947747
tower_080_040_100      42.1935   10.4770  100.3 430.375448 -0.629549
tower_100_040_100      42.5899   16.4702  100.0 411.764446  0.770324
tower_120_040_100      42.6209   22.5112 1154.5 400.696097  0.581159
tower_140_040_100      42.2857   28.5181  100.0 397.015428 -0.151928
tower_040_060_100      44.5925   -2.8457  100.0 416.635685 -1.029595
tower_080_060_100      46.6149    9.6297 2207.5 414.091709 -1.024961
tower_120_060_100      47.0845   22.7373  528.8 399.635560 -1.427075
tower_140_060_100      46.7162   29.2780  196.6 404.793979  0.051803
tower_020_080_100      47.1544  -11.1656  100.0 414.798485 -0.567329
tower_040_080_100      48.8364   -4.9441  100.0 418.938203 -0.570731
tower_060_080_100      50.1482    1.6766  149.2 414.299102 -1.041785
tower_080_080_100      51.0565    8.6182  551.1 408.630897  0.864310
tower_100_080_100      51.5363   15.7723  231.8 403.691499 -0.728477
tower_120_080_100      51.5738   23.0082  265.8 406.124300  1.819397
tower_140_080_100      51.1681   30.1858  211.2 409.704903  0.553515
tower_020_100_100      51.2071  -14.1346  100.0 417.307495  0.376302
tower_040_100_100      53.0475   -7.4470  233.9 414.794624 -0.256538
tower_060_100_100      54.4890   -0.2414  109.8 417.282396 -1.258802
tower_080_100_100      55.4905    7.3902  100.0 417.205510  2.071546
tower_100_100_100      56.0207   15.3087  102.3 413.762688 -2.795047
tower_120_100_100      56.0623   23.3385  203.3 412.897753  0.279823
tower_140_100_100      55.6137   31.2889  269.1 413.210482  0.898148
tower_020_120_100      55.1717  -17.6733  100.0 414.558479 -0.927274
tower_040_120_100      57.1884  -10.4758  100.0 414.565978 -1.950714
tower_060_120_100      58.7769   -2.5935  100.4 413.860939 -1.344084
tower_100_120_100      60.4745   14.7310  382.9 415.774258 -0.261304
tower_120_120_100      60.5207   23.7503  198.9 413.320052  0.527315
tower_140_120_100      60.0223   32.6572  130.8 414.826691 -0.545803
tower_020_140_100      59.0011  -21.9409  100.0 414.896059  0.713384
tower_040_140_100      61.2151  -14.2013  100.0 414.186246 -0.832998
tower_060_140_100      62.9721   -5.5391  100.0 416.038604  1.953129
tower_080_140_100      64.2065    3.9369  100.0 415.388949  1.519506
tower_120_140_100      64.9168   24.2777  101.1 414.611784 -0.916659
tower_140_140_100      64.3592   34.3981  169.6 415.869121  0.090096
