tower_020_020_100      34.8407   -4.6202 1192.6 413.880531 -0.367106
tower_040_020_100      36.1314    0.4664  256.3 409.561171 -0.855148
tower_060_020_100      37.1299    5.7541  100.0 409.281515  1.600328
tower_080_020_100      37.8168   11.1969  100.0 413.705796  0.640351
tower_100_020_100      38.1782   16.7394  100.0 413.227766  0.496391
tower_020_040_100      38.9393   -6.4881  358.2 412.379966  0.165921
tower_060_040_100      41.4407    4.6095  100.0 410.950563 -0.377946
tower_080_040_100      42.1935   10.4770  100.3 412.373371  0.438766
tower_100_040_100      42.5899   16.4702  100.0 426.425546  0.783348
tower_120_040_100      42.6209   22.5112 1154.5 413.038483 -0.994478
tower_140_040_100      42.2857   28.5181  100.0 411.061342 -0.099540
tower_040_060_100      44.5925   -2.8457  100.0 410.141645  0.846628
tower_080_060_100      46.6149    9.6297 2207.5 413.103418 -0.224224
tower_120_060_100      47.0845   22.7373  528.8 407.227672  0.211554
tower_140_060_100      46.7162   29.2780  196.6 408.586357 -2.356228
tower_020_080_100      47.1544  -11.1656  100.0 409.719861 -0.731507
tower_040_080_100      48.8364   -4.9441  100.0 409.679780  1.271811
tower_060_080_100      50.1482    1.6766  149.2 408.796141  0.726312
tower_080_080_100      51.0565    8.6182  551.1 405.741340 -0.700243
tower_100_080_100      51.5363   15.7723  231.8 403.871023  1.286258
tower_120_080_100      51.5738   23.0082  265.8 406.543847 -0.210577
tower_140_080_100      51.1681   30.1858  211.2 409.828741 -0.493381
tower_020_100_100      51.2071  -14.1346  100.0 410.238493  1.616749
tower_040_100_100      53.0475   -7.4470  233.9 403.220199 -0.394580
tower_060_100_100      54.4890   -0.2414  109.8 411.160759 -0.581960
tower_080_100_100      55.4905    7.3902  100.0 412.006951 -0.425254
tower_100_100_100      56.0207   15.3087  102.3 408.212934  1.853883
tower_120_100_100      56.0623   23.3385  203.3 408.860414 -0.088911
tower_140_100_100      55.6137   31.2889  269.1 409.766420 -1.031293
tower_020_120_100      55.1717  -17.6733  100.0 409.646951 -1.009178
tower_040_120_100      57.1884  -10.4758  100.0 410.776788  0.806584
tower_060_120_100      58.7769   -2.5935  100.4 412.503173 -0.717177
tower_100_120_100      60.4745   14.7310  382.9 407.288761  0.684414
tower_120_120_100      60.5207   23.7503  198.9 409.052887 -1.970943
tower_140_120_100      60.0223   32.6572  130.8 410.129306 -0.945060
tower_020_140_100      59.0011  -21.9409  100.0 410.518708 -0.304200
tower_040_140_100      61.2151  -14.2013  100.0 407.527329 -0.058574
tower_060_140_100      62.9721   -5.5391  100.0 412.308348  0.053012
tower_080_140_100      64.2065    3.9369  100.0 411.973936 -0.029619
tower_120_140_100      64.9168   24.2777  101.1 409.374877 -0.210145
tower_140_140_100      64.3592   34.3981  169.6 410.194775  1.545168
