tower_020_020_100      34.8407   -4.6202 1192.6 415.149949  0.843380
tower_040_020_100      36.1314    0.4664  256.3 414.196927 -0.390719
tower_060_020_100      37.1299    5.7541  100.0 416.511118 -0.150832
tower_080_020_100      37.8168   11.1969  100.0 416.112028  1.481959
tower_100_020_100      38.1782   16.7394  100.0 420.720016  1.146067
tower_020_040_100      38.9393   -6.4881  358.2 409.676421  0.349572
tower_060_040_100      41.4407    4.6095  100.0 414.494141 -0.760191
tower_080_040_100      42.1935   10.4770  100.3 415.195679  1.874909
tower_100_040_100      42.5899   16.4702  100.0 416.406415  0.026618
tower_120_040_100      42.6209   22.5112 1154.5 439.949351 -0.283435
tower_140_040_100      42.2857   28.5181  100.0 416.530183 -0.092476
tower_040_060_100      44.5925   -2.8457  100.0 413.579625  1.815495
tower_080_060_100      46.6149    9.6297 2207.5 414.672856  0.704550
tower_120_060_100      47.0845   22.7373  528.8 421.564287  2.401002
tower_140_060_100      46.7162   29.2780  196.6 418.541288 -0.261407
tower_020_080_100      47.1544  -11.1656  100.0 412.574318  1.094516
tower_040_080_100      48.8364   -4.9441  100.0 412.038368 -0.209875
tower_060_080_100      50.1482    1.6766  149.2 416.288484 -2.242561
tower_080_080_100      51.0565    8.6182  551.1 414.455161  0.487677
tower_100_080_100      51.5363   15.7723  231.8 421.572010  0.214382
tower_120_080_100      51.5738   23.0082  265.8 461.141428  0.373891
tower_140_080_100      51.1681   30.1858  211.2 451.194708 -0.247597
tower_020_100_100      51.2071  -14.1346  100.0 413.704377  0.313342
tower_040_100_100      53.0475   -7.4470  233.9 415.764768  0.629890
tower_060_100_100      54.4890   -0.2414  109.8 414.011098 -1.176241
tower_080_100_100      55.4905    7.3902  100.0 415.132351 -1.073700
tower_100_100_100      56.0207   15.3087  102.3 419.518908  2.657692
tower_120_100_100      56.0623   23.3385  203.3 420.840599 -1.081360
tower_140_100_100      55.6137   31.2889  269.1 408.034230  0.633666
tower_020_120_100      55.1717  -17.6733  100.0 413.494994 -1.481505
tower_040_120_100      57.1884  -10.4758  100.0 415.078368 -0.519727
tower_060_120_100      58.7769   -2.5935  100.4 414.428805  0.174975
tower_100_120_100      60.4745   14.7310  382.9 415.453311  1.314370
tower_120_120_100      60.5207   23.7503  198.9 419.250516  0.056566
tower_140_120_100      60.0223   32.6572  130.8 411.140993  1.545821
tower_020_140_100      59.0011  -21.9409  100.0 415.108002 -0.571055
tower_040_140_100      61.2151  -14.2013  100.0 414.821377 -0.105851
tower_060_140_100      62.9721   -5.5391  100.0 414.502383 -1.290617
tower_080_140_100      64.2065    3.9369  100.0 414.038760 -0.841562
tower_120_140_100      64.9168   24.2777  101.1 418.654751 -0.318836
tower_140_140_100      64.3592   34.3981  169.6 414.302404 -0.593519
