tower_020_020_100      34.8407   -4.6202 1192.6 415.848802 -0.031051
tower_040_020_100      36.1314    0.4664  256.3 412.286728  0.041722
tower_060_020_100      37.1299    5.7541  100.0 414.047324 -1.986507
tower_080_020_100      37.8168   11.1969  100.0 413.731509 -0.556611
tower_100_020_100      38.1782   16.7394  100.0 416.011090 -0.403139
tower_020_040_100      38.9393   -6.4881  358.2 412.174946 -0.062297
tower_060_040_100      41.4407    4.6095  100.0 411.392713 -0.524268
tower_080_040_100      42.1935   10.4770  100.3 412.640930  0.185436
tower_100_040_100      42.5899   16.4702  100.0 424.765805  1.281165
tower_120_040_100      42.6209   22.5112 1154.5 414.076021 -0.579239
tower_140_040_100      42.2857   28.5181  100.0 417.998178  0.503891
tower_040_060_100      44.5925   -2.8457  100.0 412.913848  1.114739
tower_080_060_100      46.6149    9.6297 2207.5 414.121656  0.762536
tower_120_060_100      47.0845   22.7373  528.8 410.548577  1.265548
tower_140_060_100      46.7162   29.2780  196.6 413.986300  0.694686
tower_020_080_100      47.1544  -11.1656  100.0 413.684543  1.506620
tower_040_080_100      48.8364   -4.9441  100.0 413.791994 -0.895281
tower_060_080_100      50.1482    1.6766  149.2 415.486872 -0.474624
tower_080_080_100      51.0565    8.6182  551.1 412.695154 -0.258746
tower_100_080_100      51.5363   15.7723  231.8 421.396813 -1.542262
tower_120_080_100      51.5738   23.0082  265.8 410.527960 -0.722704
tower_140_080_100      51.1681   30.1858  211.2 407.726702 -0.715556
tower_020_100_100      51.2071  -14.1346  100.0 412.952667 -1.778698
tower_040_100_100      53.0475   -7.4470  233.9 412.655262  0.050540
tower_060_100_100      54.4890   -0.2414  109.8 413.165670 -0.048256
tower_080_100_100      55.4905    7.3902  100.0 408.464263 -0.483097
tower_100_100_100      56.0207   15.3087  102.3 412.302943  1.098344
tower_120_100_100      56.0623   23.3385  203.3 408.868252 -0.341358
tower_140_100_100      55.6137   31.2889  269.1 408.707734 -0.926688
tower_020_120_100      55.1717  -17.6733  100.0 413.275879  0.611084
tower_040_120_100      57.1884  -10.4758  100.0 414.488831 -0.050709
tower_060_120_100      58.7769   -2.5935  100.4 412.961180  1.643477
tower_100_120_100      60.4745   14.7310  382.9 407.973639 -1.374893
tower_120_120_100      60.5207   23.7503  198.9 414.038578 -0.744100
tower_140_120_100      60.0223   32.6572  130.8 408.066529 -1.263623
tower_020_140_100      59.0011  -21.9409  100.0 412.125367 -0.263091
tower_040_140_100      61.2151  -14.2013  100.0 414.499477  0.301944
tower_060_140_100      62.9721   -5.5391  100.0 413.813017 -0.904796
tower_080_140_100      64.2065    3.9369  100.0 410.426792 -2.090079
tower_120_140_100      64.9168   24.2777  101.1 408.563707 -0.490783
tower_140_140_100      64.3592   34.3981  169.6 410.096887  2.005385
