tower_020_020_100      34.8407   -4.6202 1192.6 417.436977  0.763680
tower_040_020_100      36.1314    0.4664  256.3 412.204820 -1.421655
tower_060_020_100      37.1299    5.7541  100.0 414.627219 -0.553275
tower_080_020_100      37.8168   11.1969  100.0 415.421016 -1.528650
tower_100_020_100      38.1782   16.7394  100.0 413.502744 -0.510771
tower_020_040_100      38.9393   -6.4881  358.2 413.160616  1.296115
tower_060_040_100      41.4407    4.6095  100.0 414.726167  0.281952
tower_080_040_100      42.1935   10.4770  100.3 412.556334  0.096140
tower_100_040_100      42.5899   16.4702  100.0 427.418777 -0.790861
tower_120_040_100      42.6209   22.5112 1154.5 425.044530 -0.763758
tower_140_040_100      42.2857   28.5181  100.0 429.984800 -0.802320
tower_040_060_100      44.5925   -2.8457  100.0 413.659124 -1.445652
tower_080_060_100      46.6149    9.6297 2207.5 411.669803  0.738822
tower_120_060_100      47.0845   22.7373  528.8 416.073120 -1.227908
tower_140_060_100      46.7162   29.2780  196.6 418.679228 -0.839888
tower_020_080_100      47.1544  -11.1656  100.0 413.508686  0.806031
tower_040_080_100      48.8364   -4.9441  100.0 413.547271 -0.114030
tower_060_080_100      50.1482    1.6766  149.2 414.795814  0.619819
tower_080_080_100      51.0565    8.6182  551.1 420.871229  0.830813
tower_100_080_100      51.5363   15.7723  231.8 419.408945  0.337622
tower_120_080_100      51.5738   23.0082  265.8 413.206498  2.107891
tower_140_080_100      51.1681   30.1858  211.2 420.185876 -0.136633
tower_020_100_100      51.2071  -14.1346  100.0 413.552889  0.257056
tower_040_100_100      53.0475   -7.4470  233.9 412.510100  1.003099
tower_060_100_100      54.4890   -0.2414  109.8 417.653953 -0.795435
tower_080_100_100      55.4905    7.3902  100.0 413.011804 -0.075988
tower_100_100_100      56.0207   15.3087  102.3 414.054876 -0.856517
tower_120_100_100      56.0623   23.3385  203.3 408.487440  1.471166
tower_140_100_100      55.6137   31.2889  269.1 402.322056 -0.107283
tower_020_120_100      55.1717  -17.6733  100.0 413.646489  0.486005
tower_040_120_100      57.1884  -10.4758  100.0 414.691285 -0.536381
tower_060_120_100      58.7769   -2.5935  100.4 413.741543 -1.732750
tower_100_120_100      60.4745   14.7310  382.9 410.907325 -1.816847
tower_120_120_100      60.5207   23.7503  198.9 411.332522  0.478698
tower_140_120_100      60.0223   32.6572  130.8 412.093591 -0.448342
tower_020_140_100      59.0011  -21.9409  100.0 415.084776  0.391776
tower_040_140_100      61.2151  -14.2013  100.0 414.661865  1.303184
tower_060_140_100      62.9721   -5.5391  100.0 415.014802 -0.652172
tower_080_140_100      64.2065    3.9369  100.0 412.344020 -1.873511
tower_120_140_100      64.9168   24.2777  101.1 414.695845  0.551394
tower_140_140_100      64.3592   34.3981  169.6 414.312229  0.844392
