tower_020_020_100      34.8407   -4.6202 1192.6 417.881579 -0.524554
tower_040_020_100      36.1314    0.4664  256.3 415.062890 -0.641682
tower_060_020_100      37.1299    5.7541  100.0 414.850021  0.290393
tower_080_020_100      37.8168   11.1969  100.0 413.284841 -1.273014
tower_100_020_100      38.1782   16.7394  100.0 407.820345  1.719821
tower_020_040_100      38.9393   -6.4881  358.2 413.433738  0.477368
tower_060_040_100      41.4407    4.6095  100.0 412.481833 -0.130452
tower_080_040_100      42.1935   10.4770  100.3 410.291831 -0.410395
tower_100_040_100      42.5899   16.4702  100.0 421.115428 -0.564761
tower_120_040_100      42.6209   22.5112 1154.5 423.705583  0.156548
tower_140_040_100      42.2857   28.5181  100.0 413.803912  0.095951
tower_040_060_100      44.5925   -2.8457  100.0 412.825219  1.247313
tower_080_060_100      46.6149    9.6297 2207.5 412.686920  0.897041
tower_120_060_100      47.0845   22.7373  528.8 419.792046 -0.993539
tower_140_060_100      46.7162   29.2780  196.6 414.203903  0.619367
tower_020_080_100      47.1544  -11.1656  100.0 419.352938 -1.500924
tower_040_080_100      48.8364   -4.9441  100.0 418.433691 -0.070228
tower_060_080_100      50.1482    1.6766  149.2 415.743207 -1.164619
tower_080_080_100      51.0565    8.6182  551.1 413.029174 -0.103749
tower_100_080_100      51.5363   15.7723  231.8 415.085302  0.643502
tower_120_080_100      51.5738   23.0082  265.8 416.947151  0.286787
tower_140_080_100      51.1681   30.1858  211.2 420.922073 -1.634211
tower_020_100_100      51.2071  -14.1346  100.0 418.979706  1.391405
tower_040_100_100      53.0475   -7.4470  233.9 418.890287 -0.401010
tower_060_100_100      54.4890   -0.2414  109.8 418.967326 -1.410086
tower_080_100_100      55.4905    7.3902  100.0 412.391247  1.148894
tower_100_100_100      56.0207   15.3087  102.3 407.499170  0.762813
tower_120_100_100      56.0623   23.3385  203.3 415.706038  2.222163
tower_140_100_100      55.6137   31.2889  269.1 416.150035 -0.195579
tower_020_120_100      55.1717  -17.6733  100.0 418.789432 -0.197021
tower_040_120_100      57.1884  -10.4758  100.0 419.396881  1.491827
tower_060_120_100      58.7769   -2.5935  100.4 419.783144  0.928997
tower_100_120_100      60.4745   14.7310  382.9 417.185922  1.874446
tower_120_120_100      60.5207   23.7503  198.9 413.169043 -0.192612
tower_140_120_100      60.0223   32.6572  130.8 416.578561  0.536900
tower_020_140_100      59.0011  -21.9409  100.0 417.337193 -1.003498
tower_040_140_100      61.2151  -14.2013  100.0 417.038851  0.349448
tower_060_140_100      62.9721   -5.5391  100.0 419.903076  0.627320
tower_080_140_100      64.2065    3.9369  100.0 419.659670  0.782062
tower_120_140_100      64.9168   24.2777  101.1 421.519901 -1.669834
tower_140_140_100      64.3592   34.3981  169.6 411.232959  0.391845
