tower_020_020_100      34.8407   -4.6202 1192.6 416.743825  0.824520
tower_040_020_100      36.1314    0.4664  256.3 415.039432  0.008898
tower_060_020_100      37.1299    5.7541  100.0 418.360322  2.284294
tower_080_020_100      37.8168   11.1969  100.0 416.523536 -1.214038
tower_100_020_100      38.1782   16.7394  100.0 413.751163 -0.389789
tower_020_040_100      38.9393   -6.4881  358.2 412.548097  0.210871
tower_060_040_100      41.4407    4.6095  100.0 418.912394 -0.712183
tower_080_040_100      42.1935   10.4770  100.3 415.924765  1.134974
tower_100_040_100      42.5899   16.4702  100.0 407.235142  0.727989
tower_120_040_100      42.6209   22.5112 1154.5 398.090811 -1.235198
tower_140_040_100      42.2857   28.5181  100.0 405.096870 -0.338752
tower_040_060_100      44.5925   -2.8457  100.0 416.675788 -0.150659
tower_080_060_100      46.6149    9.6297 2207.5 416.863986  0.430667
tower_120_060_100      47.0845   22.7373  528.8 395.476374 -0.297721
tower_140_060_100      46.7162   29.2780  196.6 405.865269  0.442166
tower_020_080_100      47.1544  -11.1656  100.0 418.611662 -0.142439
tower_040_080_100      48.8364   -4.9441  100.0 415.973298 -0.115274
tower_060_080_100      50.1482    1.6766  149.2 420.093543 -1.187620
tower_080_080_100      51.0565    8.6182  551.1 415.500230 -0.510136
tower_100_080_100      51.5363   15.7723  231.8 425.475673  0.378192
tower_120_080_100      51.5738   23.0082  265.8 403.354733  0.685738
tower_140_080_100      51.1681   30.1858  211.2 420.015433 -1.060690
tower_020_100_100      51.2071  -14.1346  100.0 418.897461  0.389119
tower_040_100_100      53.0475   -7.4470  233.9 419.207899  0.477363
tower_060_100_100      54.4890   -0.2414  109.8 418.661327  2.243432
tower_080_100_100      55.4905    7.3902  100.0 418.181732 -0.081158
tower_100_100_100      56.0207   15.3087  102.3 415.850833  0.693710
tower_120_100_100      56.0623   23.3385  203.3 417.599798  1.822885
tower_140_100_100      55.6137   31.2889  269.1 410.307631 -0.727463
tower_020_120_100      55.1717  -17.6733  100.0 418.552090 -2.196714
tower_040_120_100      57.1884  -10.4758  100.0 418.824707 -0.309782
tower_060_120_100      58.7769   -2.5935  100.4 418.591342 -0.940128
tower_100_120_100      60.4745   14.7310  382.9 408.052357 -0.337708
tower_120_120_100      60.5207   23.7503  198.9 414.129398 -0.280636
tower_140_120_100      60.0223   32.6572  130.8 412.716499 -0.087745
tower_020_140_100      59.0011  -21.9409  100.0 416.361658 -0.087106
tower_040_140_100      61.2151  -14.2013  100.0 418.921876 -0.299719
tower_060_140_100      62.9721   -5.5391  100.0 418.991364  0.216503
tower_080_140_100      64.2065    3.9369  100.0 418.248321 -0.280463
tower_120_140_100      64.9168   24.2777  101.1 412.261476  1.722257
tower_140_140_100      64.3592   34.3981  169.6 412.142840 -0.740624
