tower_020_020_100      34.8407   -4.6202 1192.6 412.691303  0.361023
tower_040_020_100      36.1314    0.4664  256.3 397.640311 -0.721226
tower_060_020_100      37.1299    5.7541  100.0 409.966515  0.163108
tower_080_020_100      37.8168   11.1969  100.0 411.093891  1.314417
tower_100_020_100      38.1782   16.7394  100.0 416.137881 -0.297966
tower_020_040_100      38.9393   -6.4881  358.2 396.401682  0.044601
tower_060_040_100      41.4407    4.6095  100.0 411.071252  2.076220
tower_080_040_100      42.1935   10.4770  100.3 417.537408  0.499551
tower_100_040_100      42.5899   16.4702  100.0 433.898728  0.579053
tower_120_040_100      42.6209   22.5112 1154.5 408.684688 -0.137461
tower_140_040_100      42.2857   28.5181  100.0 416.017514  0.091001
tower_040_060_100      44.5925   -2.8457  100.0 411.826175  0.037351
tower_080_060_100      46.6149    9.6297 2207.5 411.573547  0.293088
tower_120_060_100      47.0845   22.7373  528.8 400.986796 -0.839108
tower_140_060_100      46.7162   29.2780  196.6 411.955684  0.146638
tower_020_080_100      47.1544  -11.1656  100.0 408.637453  0.028782
tower_040_080_100      48.8364   -4.9441  100.0 409.184601  0.002408
tower_060_080_100      50.1482    1.6766  149.2 409.684168  0.759978
tower_080_080_100      51.0565    8.6182  551.1 401.625072  1.358000
tower_100_080_100      51.5363   15.7723  231.8 451.930255  1.789487
tower_120_080_100      51.5738   23.0082  265.8 434.070977  0.565640
tower_140_080_100      51.1681   30.1858  211.2 414.673307  0.543389
tower_020_100_100      51.2071  -14.1346  100.0 408.993194 -0.037087
tower_040_100_100      53.0475   -7.4470  233.9 409.278536  1.120658
tower_060_100_100      54.4890   -0.2414  109.8 419.178859 -0.056861
tower_080_100_100      55.4905    7.3902  100.0 410.639217  0.438061
tower_100_100_100      56.0207   15.3087  102.3 407.947884 -1.251064
tower_120_100_100      56.0623   23.3385  203.3 411.129240  0.950157
tower_140_100_100      55.6137   31.2889  269.1 412.864479 -1.448066
tower_020_120_100      55.1717  -17.6733  100.0 408.715424 -0.968433
tower_040_120_100      57.1884  -10.4758  100.0 409.082642  1.021635
tower_060_120_100      58.7769   -2.5935  100.4 409.405182  0.324088
tower_100_120_100      60.4745   14.7310  382.9 406.676333 -0.021022
tower_120_120_100      60.5207   23.7503  198.9 417.637762  0.834212
tower_140_120_100      60.0223   32.6572  130.8 410.262979 -0.638261
tower_020_140_100      59.0011  -21.9409  100.0 409.349059 -0.568718
tower_040_140_100      61.2151  -14.2013  100.0 408.951050 -0.717808
tower_060_140_100      62.9721   -5.5391  100.0 409.073364  0.715822
tower_080_140_100      64.2065    3.9369  100.0 409.891691 -1.269193
tower_120_140_100      64.9168   24.2777  101.1 431.123743  0.926078
tower_140_140_100      64.3592   34.3981  169.6 410.864593 -0.521961
