tower_020_020_100      34.8407   -4.6202 1192.6 412.088739 -1.129955
tower_040_020_100      36.1314    0.4664  256.3 410.605082 -1.384749
tower_060_020_100      37.1299    5.7541  100.0 412.634453  0.542292
tower_080_020_100      37.8168   11.1969  100.0 417.528645 -1.323267
tower_100_020_100      38.1782   16.7394  100.0 409.812247  0.599058
tower_020_040_100      38.9393   -6.4881  358.2 414.418993  1.503640
tower_060_040_100      41.4407    4.6095  100.0 413.683255  0.593712
tower_080_040_100      42.1935   10.4770  100.3 409.246974 -1.923075
tower_100_040_100      42.5899   16.4702  100.0 407.103874 -0.818348
tower_120_040_100      42.6209   22.5112 1154.5 403.638846 -0.719571
tower_140_040_100      42.2857   28.5181  100.0 415.291138 -0.669105
tower_040_060_100      44.5925   -2.8457  100.0 408.347601 -0.519278
tower_080_060_100      46.6149    9.6297 2207.5 411.207058 -0.149218
tower_120_060_100      47.0845   22.7373  528.8 392.971094 -0.184295
tower_140_060_100      46.7162   29.2780  196.6 404.008615  1.419062
tower_020_080_100      47.1544  -11.1656  100.0 408.152590  0.989040
tower_040_080_100      48.8364   -4.9441  100.0 406.859284 -0.603830
tower_060_080_100      50.1482    1.6766  149.2 400.503080 -0.013008
tower_080_080_100      51.0565    8.6182  551.1 408.728227  2.305771
tower_100_080_100      51.5363   15.7723  231.8 409.235616  0.034678
tower_120_080_100      51.5738   23.0082  265.8 408.107065  0.017688
tower_140_080_100      51.1681   30.1858  211.2 405.764350 -0.686729
tower_020_100_100      51.2071  -14.1346  100.0 408.364305  0.487284
tower_040_100_100      53.0475   -7.4470  233.9 410.280705  1.848710
tower_060_100_100      54.4890   -0.2414  109.8 413.599039 -0.161818
tower_080_100_100      55.4905    7.3902  100.0 410.059254  0.324627
tower_100_100_100      56.0207   15.3087  102.3 408.591188 -0.978323
tower_120_100_100      56.0623   23.3385  203.3 414.004669 -0.531774
tower_140_100_100      55.6137   31.2889  269.1 409.891769 -2.317496
tower_020_120_100      55.1717  -17.6733  100.0 414.775575  0.415994
tower_040_120_100      57.1884  -10.4758  100.0 410.979765  2.379430
tower_060_120_100      58.7769   -2.5935  100.4 409.794069  0.635438
tower_100_120_100      60.4745   14.7310  382.9 411.021610 -1.503972
tower_120_120_100      60.5207   23.7503  198.9 408.676424 -0.577680
tower_140_120_100      60.0223   32.6572  130.8 410.214660 -0.658693
tower_020_140_100      59.0011  -21.9409  100.0 410.653528  1.321507
tower_040_140_100      61.2151  -14.2013  100.0 408.128227  0.312045
tower_060_140_100      62.9721   -5.5391  100.0 410.966614 -1.933408
tower_080_140_100      64.2065    3.9369  100.0 411.028900  1.721600
tower_120_140_100      64.9168   24.2777  101.1 408.115815  0.873664
tower_140_140_100      64.3592   34.3981  169.6 411.806774  1.088922
