tower_020_020_100      34.8407   -4.6202 1192.6 409.273569 -1.892635
tower_040_020_100      36.1314    0.4664  256.3 409.468678 -0.168762
tower_060_020_100      37.1299    5.7541  100.0 413.960087  0.775987
tower_080_020_100      37.8168   11.1969  100.0 410.412966  0.266764
tower_100_020_100      38.1782   16.7394  100.0 414.888946  1.632047
tower_020_040_100      38.9393   -6.4881  358.2 407.074997 -0.047708
tower_060_040_100      41.4407    4.6095  100.0 412.006850 -0.039711
tower_080_040_100      42.1935   10.4770  100.3 412.498843 -2.278564
tower_100_040_100      42.5899   16.4702  100.0 420.232886  1.871367
tower_120_040_100      42.6209   22.5112 1154.5 418.049702  0.182975
tower_140_040_100      42.2857   28.5181  100.0 420.585047 -0.275687
tower_040_060_100      44.5925   -2.8457  100.0 406.635887  2.724676
tower_080_060_100      46.6149    9.6297 2207.5 414.005450  0.101967
tower_120_060_100      47.0845   22.7373  528.8 398.181498 -2.257143
tower_140_060_100      46.7162   29.2780  196.6 412.845156  0.506213
tower_020_080_100      47.1544  -11.1656  100.0 409.914610 -0.647304
tower_040_080_100      48.8364   -4.9441  100.0 409.877004  0.503414
tower_060_080_100      50.1482    1.6766  149.2 410.678550 -0.263793
tower_080_080_100      51.0565    8.6182  551.1 409.636252 -0.343562
tower_100_080_100      51.5363   15.7723  231.8 425.287082  0.586581
tower_120_080_100      51.5738   23.0082  265.8 428.475926  0.473396
tower_140_080_100      51.1681   30.1858  211.2 404.456098  2.100120
tower_020_100_100      51.2071  -14.1346  100.0 411.545541  0.375008
tower_040_100_100      53.0475   -7.4470  233.9 410.818699 -2.155321
tower_060_100_100      54.4890   -0.2414  109.8 407.641940 -0.799799
tower_080_100_100      55.4905    7.3902  100.0 412.757332  1.447581
tower_100_100_100      56.0207   15.3087  102.3 414.841895 -1.968418
tower_120_100_100      56.0623   23.3385  203.3 410.901281 -0.357076
tower_140_100_100      55.6137   31.2889  269.1 415.199636 -0.478873
tower_020_120_100      55.1717  -17.6733  100.0 414.526942  1.103272
tower_040_120_100      57.1884  -10.4758  100.0 413.161013 -0.333812
tower_060_120_100      58.7769   -2.5935  100.4 411.048230  0.025735
tower_100_120_100      60.4745   14.7310  382.9 412.956890 -0.376531
tower_120_120_100      60.5207   23.7503  198.9 412.691076 -0.082690
tower_140_120_100      60.0223   32.6572  130.8 411.514616  0.217521
tower_020_140_100      59.0011  -21.9409  100.0 409.038688 -0.138398
tower_040_140_100      61.2151  -14.2013  100.0 410.398376  0.062595
tower_060_140_100      62.9721   -5.5391  100.0 410.914886 -2.045368
tower_080_140_100      64.2065    3.9369  100.0 410.942599  0.224974
tower_120_140_100      64.9168   24.2777  101.1 412.034549  0.455122
tower_140_140_100      64.3592   34.3981  169.6 412.936586  0.637192
