tower_020_020_100      34.8407   -4.6202 1192.6 410.420276  0.391938
tower_040_020_100      36.1314    0.4664  256.3 403.163326  2.110489
tower_060_020_100      37.1299    5.7541  100.0 413.327092  0.194008
tower_080_020_100      37.8168   11.1969  100.0 414.079902 -1.471992
tower_100_020_100      38.1782   16.7394  100.0 426.315083  0.910641
tower_020_040_100      38.9393   -6.4881  358.2 403.310050  0.539981
tower_060_040_100      41.4407    4.6095  100.0 409.533229  1.646757
tower_080_040_100      42.1935   10.4770  100.3 418.945496  0.763436
tower_100_040_100      42.5899   16.4702  100.0 430.714840  1.624155
tower_120_040_100      42.6209   22.5112 1154.5 424.592145 -0.225949
tower_140_040_100      42.2857   28.5181  100.0 414.782871  0.575294
tower_040_060_100      44.5925   -2.8457  100.0 411.263038  1.235495
tower_080_060_100      46.6149    9.6297 2207.5 413.655846  0.471125
tower_120_060_100      47.0845   22.7373  528.8 447.399927  0.384601
tower_140_060_100      46.7162   29.2780  196.6 430.035146 -0.498696
tower_020_080_100      47.1544  -11.1656  100.0 405.220738 -1.619528
tower_040_080_100      48.8364   -4.9441  100.0 407.009371  0.014518
tower_060_080_100      50.1482    1.6766  149.2 416.558851  1.182444
tower_080_080_100      51.0565    8.6182  551.1 415.767411  1.192767
tower_100_080_100      51.5363   15.7723  231.8 421.364123 -1.379786
tower_120_080_100      51.5738   23.0082  265.8 428.024836  1.858041
tower_140_080_100      51.1681   30.1858  211.2 412.579088  0.347788
tower_020_100_100      51.2071  -14.1346  100.0 404.506960  2.182130
tower_040_100_100      53.0475   -7.4470  233.9 412.647567 -1.274498
tower_060_100_100      54.4890   -0.2414  109.8 413.060690 -0.631876
tower_080_100_100      55.4905    7.3902  100.0 411.134460 -0.623044
tower_100_100_100      56.0207   15.3087  102.3 418.834439  0.891401
tower_120_100_100      56.0623   23.3385  203.3 410.812823  0.577785
tower_140_100_100      55.6137   31.2889  269.1 409.930789 -0.716861
tower_020_120_100      55.1717  -17.6733  100.0 412.615664  0.382019
tower_040_120_100      57.1884  -10.4758  100.0 413.174894 -0.612311
tower_060_120_100      58.7769   -2.5935  100.4 413.509014  0.914726
tower_100_120_100      60.4745   14.7310  382.9 413.216678 -0.192117
tower_120_120_100      60.5207   23.7503  198.9 411.020612  0.649771
tower_140_120_100      60.0223   32.6572  130.8 415.083332 -0.540538
tower_020_140_100      59.0011  -21.9409  100.0 413.517088 -0.038531
tower_040_140_100      61.2151  -14.2013  100.0 408.950384  1.962694
tower_060_140_100      62.9721   -5.5391  100.0 409.330837  1.225543
tower_080_140_100      64.2065    3.9369  100.0 410.522433  1.915715
tower_120_140_100      64.9168   24.2777  101.1 412.373536  0.329210
tower_140_140_100      64.3592   34.3981  169.6 415.317472 -0.749301
