tower_020_020_100      34.8407   -4.6202 1192.6 416.059786  1.208817
tower_040_020_100      36.1314    0.4664  256.3 414.816636  0.761774
tower_060_020_100      37.1299    5.7541  100.0 417.821169 -1.902219
tower_080_020_100      37.8168   11.1969  100.0 412.869616  0.166025
tower_100_020_100      38.1782   16.7394  100.0 405.652978 -0.020993
tower_020_040_100      38.9393   -6.4881  358.2 411.279659 -0.158444
tower_060_040_100      41.4407    4.6095  100.0 412.690871 -0.046583
tower_080_040_100      42.1935   10.4770  100.3 408.340772 -0.536712
tower_100_040_100      42.5899   16.4702  100.0 417.922207  0.346243
tower_120_040_100      42.6209   22.5112 1154.5 404.847429  0.643011
tower_140_040_100      42.2857   28.5181  100.0 419.019520 -1.360281
tower_040_060_100      44.5925   -2.8457  100.0 412.565431 -0.193602
tower_080_060_100      46.6149    9.6297 2207.5 410.731489  0.369368
tower_120_060_100      47.0845   22.7373  528.8 424.166642 -0.652120
tower_140_060_100      46.7162   29.2780  196.6 415.344641 -1.804587
tower_020_080_100      47.1544  -11.1656  100.0 419.594177  0.382036
tower_040_080_100      48.8364   -4.9441  100.0 418.625000 -0.780857
tower_060_080_100      50.1482    1.6766  149.2 418.967587  0.552736
tower_080_080_100      51.0565    8.6182  551.1 413.041510 -0.566007
tower_100_080_100      51.5363   15.7723  231.8 410.722483  2.594561
tower_120_080_100      51.5738   23.0082  265.8 437.318310 -1.022114
tower_140_080_100      51.1681   30.1858  211.2 422.782690 -0.146937
tower_020_100_100      51.2071  -14.1346  100.0 419.553772 -0.556567
tower_040_100_100      53.0475   -7.4470  233.9 422.479349 -1.479334
tower_060_100_100      54.4890   -0.2414  109.8 418.246481  0.136311
tower_080_100_100      55.4905    7.3902  100.0 421.539799 -2.164420
tower_100_100_100      56.0207   15.3087  102.3 416.306303  0.858787
tower_120_100_100      56.0623   23.3385  203.3 419.115528  0.607296
tower_140_100_100      55.6137   31.2889  269.1 420.798483 -0.209606
tower_020_120_100      55.1717  -17.6733  100.0 417.981778  0.791092
tower_040_120_100      57.1884  -10.4758  100.0 419.852814 -0.587159
tower_060_120_100      58.7769   -2.5935  100.4 420.149934 -1.477654
tower_100_120_100      60.4745   14.7310  382.9 409.782069 -0.492282
tower_120_120_100      60.5207   23.7503  198.9 413.126081  0.055561
tower_140_120_100      60.0223   32.6572  130.8 417.859388 -0.956696
tower_020_140_100      59.0011  -21.9409  100.0 417.588897  0.680197
tower_040_140_100      61.2151  -14.2013  100.0 419.894776 -0.860728
tower_060_140_100      62.9721   -5.5391  100.0 419.822724 -1.351466
tower_080_140_100      64.2065    3.9369  100.0 418.766051  1.024907
tower_120_140_100      64.9168   24.2777  101.1 418.008959  1.057214
tower_140_140_100      64.3592   34.3981  169.6 416.361820 -0.233584
