tower_020_020_100      34.8407   -4.6202 1192.6 416.786134  0.486012
tower_040_020_100      36.1314    0.4664  256.3 417.617823 -0.144769
tower_060_020_100      37.1299    5.7541  100.0 417.786837 -0.050423
tower_080_020_100      37.8168   11.1969  100.0 415.523628 -0.685164
tower_100_020_100      38.1782   16.7394  100.0 412.092596  1.459126
tower_020_040_100      38.9393   -6.4881  358.2 416.101035 -1.065453
tower_060_040_100      41.4407    4.6095  100.0 420.048468  1.074026
tower_080_040_100      42.1935   10.4770  100.3 414.672829  1.168790
tower_100_040_100      42.5899   16.4702  100.0 409.087738  0.320756
tower_120_040_100      42.6209   22.5112 1154.5 396.743303  0.060981
tower_140_040_100      42.2857   28.5181  100.0 407.375176  1.435576
tower_040_060_100      44.5925   -2.8457  100.0 416.751801  0.698578
tower_080_060_100      46.6149    9.6297 2207.5 415.202867  0.972283
tower_120_060_100      47.0845   22.7373  528.8 397.267994 -0.128360
tower_140_060_100      46.7162   29.2780  196.6 406.024662  0.917169
tower_020_080_100      47.1544  -11.1656  100.0 418.906952 -0.359333
tower_040_080_100      48.8364   -4.9441  100.0 418.030215 -0.844418
tower_060_080_100      50.1482    1.6766  149.2 418.994512 -0.454849
tower_080_080_100      51.0565    8.6182  551.1 410.362985  1.219299
tower_100_080_100      51.5363   15.7723  231.8 415.243511 -0.027885
tower_120_080_100      51.5738   23.0082  265.8 403.471348 -2.338420
tower_140_080_100      51.1681   30.1858  211.2 414.833335  0.961297
tower_020_100_100      51.2071  -14.1346  100.0 418.878480  0.571794
tower_040_100_100      53.0475   -7.4470  233.9 418.374480  0.352022
tower_060_100_100      54.4890   -0.2414  109.8 418.723991 -0.845004
tower_080_100_100      55.4905    7.3902  100.0 418.115357  0.811377
tower_100_100_100      56.0207   15.3087  102.3 411.022772  0.833611
tower_120_100_100      56.0623   23.3385  203.3 411.126690  1.610130
tower_140_100_100      55.6137   31.2889  269.1 410.180557  0.147505
tower_020_120_100      55.1717  -17.6733  100.0 419.045227 -0.267863
tower_040_120_100      57.1884  -10.4758  100.0 418.809631  0.709722
tower_060_120_100      58.7769   -2.5935  100.4 418.161716 -0.103706
tower_100_120_100      60.4745   14.7310  382.9 409.139114 -0.391283
tower_120_120_100      60.5207   23.7503  198.9 406.610009 -0.795542
tower_140_120_100      60.0223   32.6572  130.8 409.539497  0.287648
tower_020_140_100      59.0011  -21.9409  100.0 416.777494 -0.718593
tower_040_140_100      61.2151  -14.2013  100.0 419.134615  1.226762
tower_060_140_100      62.9721   -5.5391  100.0 419.004334 -1.179443
tower_080_140_100      64.2065    3.9369  100.0 418.435179 -0.229717
tower_120_140_100      64.9168   24.2777  101.1 411.555856  0.906499
tower_140_140_100      64.3592   34.3981  169.6 415.268876  1.643219
