tower_020_020_100      34.8407   -4.6202 1192.6 414.004962 -0.527103
tower_040_020_100      36.1314    0.4664  256.3 409.156308  0.417105
tower_060_020_100      37.1299    5.7541  100.0 409.309998 -0.525832
tower_080_020_100      37.8168   11.1969  100.0 414.841696  0.522325
tower_100_020_100      38.1782   16.7394  100.0 411.239883 -1.057406
tower_020_040_100      38.9393   -6.4881  358.2 410.897413 -0.827362
tower_060_040_100      41.4407    4.6095  100.0 412.002378 -0.272695
tower_080_040_100      42.1935   10.4770  100.3 411.775827 -0.602920
tower_100_040_100      42.5899   16.4702  100.0 410.716384 -0.056757
tower_120_040_100      42.6209   22.5112 1154.5 404.765595  1.111085
tower_140_040_100      42.2857   28.5181  100.0 412.442752 -0.434838
tower_040_060_100      44.5925   -2.8457  100.0 411.230045  1.039073
tower_080_060_100      46.6149    9.6297 2207.5 411.304488 -1.073450
tower_120_060_100      47.0845   22.7373  528.8 416.114779 -0.784513
tower_140_060_100      46.7162   29.2780  196.6 410.582466 -0.298273
tower_020_080_100      47.1544  -11.1656  100.0 412.830782 -1.159509
tower_040_080_100      48.8364   -4.9441  100.0 411.890836  0.592089
tower_060_080_100      50.1482    1.6766  149.2 406.033436 -1.127404
tower_080_080_100      51.0565    8.6182  551.1 407.145213 -0.053348
tower_100_080_100      51.5363   15.7723  231.8 405.371995  0.084229
tower_120_080_100      51.5738   23.0082  265.8 406.940016  0.043574
tower_140_080_100      51.1681   30.1858  211.2 409.278297  0.059567
tower_020_100_100      51.2071  -14.1346  100.0 408.570555 -0.917854
tower_040_100_100      53.0475   -7.4470  233.9 407.181315  0.182822
tower_060_100_100      54.4890   -0.2414  109.8 404.642118 -0.741635
tower_080_100_100      55.4905    7.3902  100.0 409.994096 -0.194023
tower_100_100_100      56.0207   15.3087  102.3 411.443767 -0.141161
tower_120_100_100      56.0623   23.3385  203.3 409.386968 -0.684558
tower_140_100_100      55.6137   31.2889  269.1 410.892883  0.907614
tower_020_120_100      55.1717  -17.6733  100.0 408.964631 -1.212141
tower_040_120_100      57.1884  -10.4758  100.0 409.303680  1.038740
tower_060_120_100      58.7769   -2.5935  100.4 409.285630  2.276892
tower_100_120_100      60.4745   14.7310  382.9 408.873130 -0.068092
tower_120_120_100      60.5207   23.7503  198.9 407.808178  0.762265
tower_140_120_100      60.0223   32.6572  130.8 408.431031 -0.850941
tower_020_140_100      59.0011  -21.9409  100.0 408.904816 -0.476156
tower_040_140_100      61.2151  -14.2013  100.0 408.885958 -0.480007
tower_060_140_100      62.9721   -5.5391  100.0 411.118711  0.885731
tower_080_140_100      64.2065    3.9369  100.0 408.259532  2.011291
tower_120_140_100      64.9168   24.2777  101.1 412.338671 -1.357097
tower_140_140_100      64.3592   34.3981  169.6 409.725546  0.046124
