tower_020_020_100      34.8407   -4.6202 1192.6 411.118631  0.941434
tower_040_020_100      36.1314    0.4664  256.3 409.467652 -0.114105
tower_060_020_100      37.1299    5.7541  100.0 409.807402  0.149802
tower_080_020_100      37.8168   11.1969  100.0 411.185822  0.519587
tower_100_020_100      38.1782   16.7394  100.0 417.067897  0.189739
tower_020_040_100      38.9393   -6.4881  358.2 401.841455 -1.113316
tower_060_040_100      41.4407    4.6095  100.0 411.176914 -0.165811
tower_080_040_100      42.1935   10.4770  100.3 411.564377 -0.802026
tower_100_040_100      42.5899   16.4702  100.0 432.835763 -0.290648
tower_120_040_100      42.6209   22.5112 1154.5 410.930478  0.964772
tower_140_040_100      42.2857   28.5181  100.0 414.442821 -1.530369
tower_040_060_100      44.5925   -2.8457  100.0 411.363307  1.561926
tower_080_060_100      46.6149    9.6297 2207.5 411.383784 -0.104783
tower_120_060_100      47.0845   22.7373  528.8 428.963509  0.580803
tower_140_060_100      46.7162   29.2780  196.6 435.460292  0.963955
tower_020_080_100      47.1544  -11.1656  100.0 409.136017 -1.136983
tower_040_080_100      48.8364   -4.9441  100.0 408.826600 -1.100567
tower_060_080_100      50.1482    1.6766  149.2 405.225917  1.652382
tower_080_080_100      51.0565    8.6182  551.1 405.007748  0.170590
tower_100_080_100      51.5363   15.7723  231.8 424.489645  0.111968
tower_120_080_100      51.5738   23.0082  265.8 404.963941  0.187575
tower_140_080_100      51.1681   30.1858  211.2 411.321199  1.654749
tower_020_100_100      51.2071  -14.1346  100.0 409.189210 -0.643251
tower_040_100_100      53.0475   -7.4470  233.9 408.980986  0.199144
tower_060_100_100      54.4890   -0.2414  109.8 409.339653  0.569810
tower_080_100_100      55.4905    7.3902  100.0 405.948614  0.120053
tower_100_100_100      56.0207   15.3087  102.3 413.887072 -0.193563
tower_120_100_100      56.0623   23.3385  203.3 418.241526  1.076866
tower_140_100_100      55.6137   31.2889  269.1 407.086949  0.854065
tower_020_120_100      55.1717  -17.6733  100.0 409.987486 -0.426727
tower_040_120_100      57.1884  -10.4758  100.0 409.755401  1.079972
tower_060_120_100      58.7769   -2.5935  100.4 409.302370 -0.320529
tower_100_120_100      60.4745   14.7310  382.9 408.834113  0.959268
tower_120_120_100      60.5207   23.7503  198.9 411.549272 -0.056618
tower_140_120_100      60.0223   32.6572  130.8 412.559363 -1.016145
tower_020_140_100      59.0011  -21.9409  100.0 409.524597 -0.693618
tower_040_140_100      61.2151  -14.2013  100.0 409.315586 -1.348636
tower_060_140_100      62.9721   -5.5391  100.0 408.919585 -1.886300
tower_080_140_100      64.2065    3.9369  100.0 410.774525 -0.333985
tower_120_140_100      64.9168   24.2777  101.1 415.424995 -0.731044
tower_140_140_100      64.3592   34.3981  169.6 407.738590 -1.291947
