tower_020_020_100      34.8407   -4.6202 1192.6 405.184951  0.133795
tower_040_020_100      36.1314    0.4664  256.3 399.996861 -0.936252
tower_060_020_100      37.1299    5.7541  100.0 410.060463 -0.979407
tower_080_020_100      37.8168   11.1969  100.0 415.142153 -0.432652
tower_100_020_100      38.1782   16.7394  100.0 421.711148  0.359822
tower_020_040_100      38.9393   -6.4881  358.2 402.769420  0.565962
tower_060_040_100      41.4407    4.6095  100.0 410.325932  0.107315
tower_080_040_100      42.1935   10.4770  100.3 427.309337  0.628784
tower_100_040_100      42.5899   16.4702  100.0 427.512526  1.499097
tower_120_040_100      42.6209   22.5112 1154.5 422.777137  1.647918
tower_140_040_100      42.2857   28.5181  100.0 410.984100  0.200558
tower_040_060_100      44.5925   -2.8457  100.0 410.873856 -1.182836
tower_080_060_100      46.6149    9.6297 2207.5 410.733948  1.364825
tower_120_060_100      47.0845   22.7373  528.8 441.781287  0.562563
tower_140_060_100      46.7162   29.2780  196.6 438.453346  0.673217
tower_020_080_100      47.1544  -11.1656  100.0 406.440489 -0.469581
tower_040_080_100      48.8364   -4.9441  100.0 410.279128 -0.652918
tower_060_080_100      50.1482    1.6766  149.2 420.440860  2.954886
tower_080_080_100      51.0565    8.6182  551.1 413.188923  1.983970
tower_100_080_100      51.5363   15.7723  231.8 422.728512  1.123264
tower_120_080_100      51.5738   23.0082  265.8 431.712219 -0.402279
tower_140_080_100      51.1681   30.1858  211.2 421.375829  3.011025
tower_020_100_100      51.2071  -14.1346  100.0 407.759602  0.314376
tower_040_100_100      53.0475   -7.4470  233.9 408.751218  1.416850
tower_060_100_100      54.4890   -0.2414  109.8 412.945868  1.083524
tower_080_100_100      55.4905    7.3902  100.0 409.209708 -0.513265
tower_100_100_100      56.0207   15.3087  102.3 417.191309 -0.491215
tower_120_100_100      56.0623   23.3385  203.3 412.215690 -1.663097
tower_140_100_100      55.6137   31.2889  269.1 421.416569  0.762142
tower_020_120_100      55.1717  -17.6733  100.0 411.642085 -0.237757
tower_040_120_100      57.1884  -10.4758  100.0 412.210049 -0.364199
tower_060_120_100      58.7769   -2.5935  100.4 408.970468  0.652323
tower_100_120_100      60.4745   14.7310  382.9 411.844225 -1.404455
tower_120_120_100      60.5207   23.7503  198.9 421.823856  0.484156
tower_140_120_100      60.0223   32.6572  130.8 412.587538  0.357915
tower_020_140_100      59.0011  -21.9409  100.0 412.874936  0.726286
tower_040_140_100      61.2151  -14.2013  100.0 411.620269 -0.098791
tower_060_140_100      62.9721   -5.5391  100.0 410.915369  0.628807
tower_080_140_100      64.2065    3.9369  100.0 410.261499  0.949985
tower_120_140_100      64.9168   24.2777  101.1 411.209763  0.488161
tower_140_140_100      64.3592   34.3981  169.6 416.531372  0.000539
