tower_020_020_100      34.8407   -4.6202 1192.6 415.695517  2.365387
tower_040_020_100      36.1314    0.4664  256.3 416.237931  1.008616
tower_060_020_100      37.1299    5.7541  100.0 414.735633 -0.795696
tower_080_020_100      37.8168   11.1969  100.0 418.091887 -1.135240
tower_100_020_100      38.1782   16.7394  100.0 417.522465 -0.529246
tower_020_040_100      38.9393   -6.4881  358.2 399.548438 -0.703380
tower_060_040_100      41.4407    4.6095  100.0 413.275402  0.340449
tower_080_040_100      42.1935   10.4770  100.3 415.628785 -0.050763
tower_100_040_100      42.5899   16.4702  100.0 419.482151 -1.125907
tower_120_040_100      42.6209   22.5112 1154.5 404.468593 -0.202799
tower_140_040_100      42.2857   28.5181  100.0 411.259088  1.436039
tower_040_060_100      44.5925   -2.8457  100.0 417.297595 -1.471726
tower_080_060_100      46.6149    9.6297 2207.5 414.553887  1.004139
tower_120_060_100      47.0845   22.7373  528.8 398.518787 -0.357647
tower_140_060_100      46.7162   29.2780  196.6 415.611148  1.204504
tower_020_080_100      47.1544  -11.1656  100.0 418.301332  1.094642
tower_040_080_100      48.8364   -4.9441  100.0 417.964995  0.506629
tower_060_080_100      50.1482    1.6766  149.2 418.259458 -1.379408
tower_080_080_100      51.0565    8.6182  551.1 417.194408  0.913227
tower_100_080_100      51.5363   15.7723  231.8 424.565410 -0.537096
tower_120_080_100      51.5738   23.0082  265.8 439.645216  1.260013
tower_140_080_100      51.1681   30.1858  211.2 410.983996  2.463831
tower_020_100_100      51.2071  -14.1346  100.0 414.866327  0.895959
tower_040_100_100      53.0475   -7.4470  233.9 417.099977 -0.631216
tower_060_100_100      54.4890   -0.2414  109.8 418.191963  0.587707
tower_080_100_100      55.4905    7.3902  100.0 418.302241 -0.923616
tower_100_100_100      56.0207   15.3087  102.3 424.050512  0.522737
tower_120_100_100      56.0623   23.3385  203.3 422.899496 -0.812418
tower_140_100_100      55.6137   31.2889  269.1 412.045847 -0.691563
tower_020_120_100      55.1717  -17.6733  100.0 417.690649  0.407495
tower_040_120_100      57.1884  -10.4758  100.0 417.843872 -0.602665
tower_060_120_100      58.7769   -2.5935  100.4 417.527530 -0.410792
tower_100_120_100      60.4745   14.7310  382.9 417.367927 -0.016561
tower_120_120_100      60.5207   23.7503  198.9 419.404285 -0.998421
tower_140_120_100      60.0223   32.6572  130.8 415.273751  0.040757
tower_020_140_100      59.0011  -21.9409  100.0 417.898225 -2.279367
tower_040_140_100      61.2151  -14.2013  100.0 417.939697  0.553573
tower_060_140_100      62.9721   -5.5391  100.0 417.466980 -0.946808
tower_080_140_100      64.2065    3.9369  100.0 417.063653 -1.069975
tower_120_140_100      64.9168   24.2777  101.1 417.213749  1.196296
tower_140_140_100      64.3592   34.3981  169.6 415.278451  0.328761
