tower_020_020_100      34.8407   -4.6202 1192.6 413.071070  0.811556
tower_040_020_100      36.1314    0.4664  256.3 407.030733  0.262401
tower_060_020_100      37.1299    5.7541  100.0 409.735866  0.121800
tower_080_020_100      37.8168   11.1969  100.0 411.848283  0.217884
tower_100_020_100      38.1782   16.7394  100.0 426.557167 -1.770189
tower_020_040_100      38.9393   -6.4881  358.2 405.584265  0.191659
tower_060_040_100      41.4407    4.6095  100.0 410.169144  1.462672
tower_080_040_100      42.1935   10.4770  100.3 415.329864 -1.337430
tower_100_040_100      42.5899   16.4702  100.0 441.641728  0.377829
tower_120_040_100      42.6209   22.5112 1154.5 408.146375  1.481301
tower_140_040_100      42.2857   28.5181  100.0 412.028172  1.119056
tower_040_060_100      44.5925   -2.8457  100.0 411.070201  0.095727
tower_080_060_100      46.6149    9.6297 2207.5 410.294123 -0.821317
tower_120_060_100      47.0845   22.7373  528.8 412.526932 -0.124049
tower_140_060_100      46.7162   29.2780  196.6 418.697277  1.883273
tower_020_080_100      47.1544  -11.1656  100.0 409.470321 -0.849835
tower_040_080_100      48.8364   -4.9441  100.0 408.729738  1.160707
tower_060_080_100      50.1482    1.6766  149.2 407.491666 -1.446932
tower_080_080_100      51.0565    8.6182  551.1 407.021751  2.362933
tower_100_080_100      51.5363   15.7723  231.8 405.770774  1.115021
tower_120_080_100      51.5738   23.0082  265.8 420.085047  0.553102
tower_140_080_100      51.1681   30.1858  211.2 418.044450  0.022409
tower_020_100_100      51.2071  -14.1346  100.0 408.979065 -0.729866
tower_040_100_100      53.0475   -7.4470  233.9 408.559264  0.308238
tower_060_100_100      54.4890   -0.2414  109.8 406.958778  0.551050
tower_080_100_100      55.4905    7.3902  100.0 410.255374  0.562606
tower_100_100_100      56.0207   15.3087  102.3 404.020164 -0.777741
tower_120_100_100      56.0623   23.3385  203.3 406.445773 -1.749443
tower_140_100_100      55.6137   31.2889  269.1 425.746431  0.834905
tower_020_120_100      55.1717  -17.6733  100.0 409.005890 -0.180059
tower_040_120_100      57.1884  -10.4758  100.0 409.092163 -1.267796
tower_060_120_100      58.7769   -2.5935  100.4 409.356931 -1.366798
tower_100_120_100      60.4745   14.7310  382.9 410.029045  0.239871
tower_120_120_100      60.5207   23.7503  198.9 408.452819 -1.383925
tower_140_120_100      60.0223   32.6572  130.8 409.829551 -0.244386
tower_020_140_100      59.0011  -21.9409  100.0 409.545898  0.102686
tower_040_140_100      61.2151  -14.2013  100.0 409.844022 -0.930351
tower_060_140_100      62.9721   -5.5391  100.0 409.710426  1.232209
tower_080_140_100      64.2065    3.9369  100.0 409.525818 -0.528687
tower_120_140_100      64.9168   24.2777  101.1 412.719684 -0.821670
tower_140_140_100      64.3592   34.3981  169.6 408.007766 -0.316473
