tower_020_020_100      34.8407   -4.6202 1192.6 411.843797 -1.231829
tower_040_020_100      36.1314    0.4664  256.3 411.167184 -2.256178
tower_060_020_100      37.1299    5.7541  100.0 411.859580  0.791213
tower_080_020_100      37.8168   11.1969  100.0 415.642592 -0.649236
tower_100_020_100      38.1782   16.7394  100.0 411.886105  2.053471
tower_020_040_100      38.9393   -6.4881  358.2 413.622926 -1.913331
tower_060_040_100      41.4407    4.6095  100.0 415.332390  0.393290
tower_080_040_100      42.1935   10.4770  100.3 410.515152  0.290975
tower_100_040_100      42.5899   16.4702  100.0 419.832189 -1.430044
tower_120_040_100      42.6209   22.5112 1154.5 402.324083  1.959016
tower_140_040_100      42.2857   28.5181  100.0 415.660814  0.728498
tower_040_060_100      44.5925   -2.8457  100.0 415.048683  1.233772
tower_080_060_100      46.6149    9.6297 2207.5 411.561576 -0.657877
tower_120_060_100      47.0845   22.7373  528.8 401.370182 -0.083157
tower_140_060_100      46.7162   29.2780  196.6 404.232236 -0.486870
tower_020_080_100      47.1544  -11.1656  100.0 403.656470  0.559817
tower_040_080_100      48.8364   -4.9441  100.0 408.470510  1.753614
tower_060_080_100      50.1482    1.6766  149.2 401.981032  1.000956
tower_080_080_100      51.0565    8.6182  551.1 408.846030 -0.604696
tower_100_080_100      51.5363   15.7723  231.8 408.707937 -0.488342
tower_120_080_100      51.5738   23.0082  265.8 405.892322 -0.293035
tower_140_080_100      51.1681   30.1858  211.2 405.373928  0.620269
tower_020_100_100      51.2071  -14.1346  100.0 408.927568 -0.800998
tower_040_100_100      53.0475   -7.4470  233.9 410.364657  1.065546
tower_060_100_100      54.4890   -0.2414  109.8 411.827986  2.421922
tower_080_100_100      55.4905    7.3902  100.0 411.286155  0.862778
tower_100_100_100      56.0207   15.3087  102.3 409.668187  0.582481
tower_120_100_100      56.0623   23.3385  203.3 412.512395  0.587903
tower_140_100_100      55.6137   31.2889  269.1 410.358611 -2.620099
tower_020_120_100      55.1717  -17.6733  100.0 414.924222 -1.038329
tower_040_120_100      57.1884  -10.4758  100.0 410.612401 -1.099070
tower_060_120_100      58.7769   -2.5935  100.4 409.755403  0.515985
tower_100_120_100      60.4745   14.7310  382.9 410.299962  0.563176
tower_120_120_100      60.5207   23.7503  198.9 409.164544 -1.483419
tower_140_120_100      60.0223   32.6572  130.8 410.694458  1.513285
tower_020_140_100      59.0011  -21.9409  100.0 410.511897 -0.816455
tower_040_140_100      61.2151  -14.2013  100.0 408.272935  0.232869
tower_060_140_100      62.9721   -5.5391  100.0 410.895325 -0.058228
tower_080_140_100      64.2065    3.9369  100.0 411.240051 -1.963124
tower_120_140_100      64.9168   24.2777  101.1 409.059875 -1.728916
tower_140_140_100      64.3592   34.3981  169.6 411.838413  0.154907
