tower_020_020_100      34.8407   -4.6202 1192.6 416.814318  0.356775
tower_040_020_100      36.1314    0.4664  256.3 413.102733 -0.375987
tower_060_020_100      37.1299    5.7541  100.0 415.495058  0.430882
tower_080_020_100      37.8168   11.1969  100.0 416.782190  0.490382
tower_100_020_100      38.1782   16.7394  100.0 420.768153  0.138512
tower_020_040_100      38.9393   -6.4881  358.2 413.088031 -0.057011
tower_060_040_100      41.4407    4.6095  100.0 416.377929  1.799923
tower_080_040_100      42.1935   10.4770  100.3 419.107861 -0.480079
tower_100_040_100      42.5899   16.4702  100.0 417.466044 -0.459055
tower_120_040_100      42.6209   22.5112 1154.5 400.974858  1.427418
tower_140_040_100      42.2857   28.5181  100.0 408.211108 -2.615220
tower_040_060_100      44.5925   -2.8457  100.0 416.058744  0.455934
tower_080_060_100      46.6149    9.6297 2207.5 413.687303  0.279418
tower_120_060_100      47.0845   22.7373  528.8 404.458184  0.765938
tower_140_060_100      46.7162   29.2780  196.6 416.490139 -0.029680
tower_020_080_100      47.1544  -11.1656  100.0 417.194333  0.515181
tower_040_080_100      48.8364   -4.9441  100.0 415.581838  0.036470
tower_060_080_100      50.1482    1.6766  149.2 415.632398  1.147030
tower_080_080_100      51.0565    8.6182  551.1 413.103195 -0.798564
tower_100_080_100      51.5363   15.7723  231.8 398.559438 -1.248556
tower_120_080_100      51.5738   23.0082  265.8 407.404623 -0.566270
tower_140_080_100      51.1681   30.1858  211.2 418.269485  1.656476
tower_020_100_100      51.2071  -14.1346  100.0 416.186907  1.536939
tower_040_100_100      53.0475   -7.4470  233.9 417.409499  0.728273
tower_060_100_100      54.4890   -0.2414  109.8 417.182160 -1.437764
tower_080_100_100      55.4905    7.3902  100.0 417.837203 -0.520422
tower_100_100_100      56.0207   15.3087  102.3 414.612979  0.949855
tower_120_100_100      56.0623   23.3385  203.3 421.950805  0.639715
tower_140_100_100      55.6137   31.2889  269.1 415.347526 -0.761605
tower_020_120_100      55.1717  -17.6733  100.0 415.064545  0.692511
tower_040_120_100      57.1884  -10.4758  100.0 414.352717 -0.048620
tower_060_120_100      58.7769   -2.5935  100.4 414.527595  0.855880
tower_100_120_100      60.4745   14.7310  382.9 416.664342  0.846138
tower_120_120_100      60.5207   23.7503  198.9 416.163102  0.795133
tower_140_120_100      60.0223   32.6572  130.8 415.377658  0.225236
tower_020_140_100      59.0011  -21.9409  100.0 413.696228  0.265674
tower_040_140_100      61.2151  -14.2013  100.0 414.173858 -0.570931
tower_060_140_100      62.9721   -5.5391  100.0 413.671782  0.167223
tower_080_140_100      64.2065    3.9369  100.0 415.905884  0.227251
tower_120_140_100      64.9168   24.2777  101.1 417.741312  0.798340
tower_140_140_100      64.3592   34.3981  169.6 417.386792  0.272982
