tower_020_020_100      34.8407   -4.6202 1192.6 413.685165 -0.832910
tower_040_020_100      36.1314    0.4664  256.3 407.909545  0.445287
tower_060_020_100      37.1299    5.7541  100.0 407.667774  0.265414
tower_080_020_100      37.8168   11.1969  100.0 412.937066 -0.110583
tower_100_020_100      38.1782   16.7394  100.0 423.126045 -0.006876
tower_020_040_100      38.9393   -6.4881  358.2 411.610570 -0.156662
tower_060_040_100      41.4407    4.6095  100.0 410.992863  1.605517
tower_080_040_100      42.1935   10.4770  100.3 412.788077  1.503310
tower_100_040_100      42.5899   16.4702  100.0 433.451079 -1.507623
tower_120_040_100      42.6209   22.5112 1154.5 409.525487 -1.027897
tower_140_040_100      42.2857   28.5181  100.0 411.939976 -0.629510
tower_040_060_100      44.5925   -2.8457  100.0 410.846652 -1.285913
tower_080_060_100      46.6149    9.6297 2207.5 412.095422 -0.247922
tower_120_060_100      47.0845   22.7373  528.8 407.645782 -0.276400
tower_140_060_100      46.7162   29.2780  196.6 410.751182  0.596712
tower_020_080_100      47.1544  -11.1656  100.0 411.194062 -0.119111
tower_040_080_100      48.8364   -4.9441  100.0 410.952287  0.957424
tower_060_080_100      50.1482    1.6766  149.2 407.003790 -1.671152
tower_080_080_100      51.0565    8.6182  551.1 417.110289  0.777608
tower_100_080_100      51.5363   15.7723  231.8 406.742623  1.540312
tower_120_080_100      51.5738   23.0082  265.8 410.108151 -0.195072
tower_140_080_100      51.1681   30.1858  211.2 410.716959 -1.098026
tower_020_100_100      51.2071  -14.1346  100.0 409.986716  0.860355
tower_040_100_100      53.0475   -7.4470  233.9 408.889956 -0.644919
tower_060_100_100      54.4890   -0.2414  109.8 411.965925  1.015945
tower_080_100_100      55.4905    7.3902  100.0 407.333986  0.350276
tower_100_100_100      56.0207   15.3087  102.3 410.585302 -1.084322
tower_120_100_100      56.0623   23.3385  203.3 409.504279 -0.263709
tower_140_100_100      55.6137   31.2889  269.1 409.408943 -1.151783
tower_020_120_100      55.1717  -17.6733  100.0 410.959717 -1.830514
tower_040_120_100      57.1884  -10.4758  100.0 413.507283 -0.732016
tower_060_120_100      58.7769   -2.5935  100.4 409.841972 -0.308298
tower_100_120_100      60.4745   14.7310  382.9 408.097963  1.803140
tower_120_120_100      60.5207   23.7503  198.9 407.596714  0.348611
tower_140_120_100      60.0223   32.6572  130.8 409.322784 -0.373338
tower_020_140_100      59.0011  -21.9409  100.0 408.463685  0.650495
tower_040_140_100      61.2151  -14.2013  100.0 410.525249 -0.631831
tower_060_140_100      62.9721   -5.5391  100.0 410.922191  0.834459
tower_080_140_100      64.2065    3.9369  100.0 411.330091 -0.215991
tower_120_140_100      64.9168   24.2777  101.1 410.910365  2.473332
tower_140_140_100      64.3592   34.3981  169.6 411.236285 -2.854796
