tower_020_020_100      34.8407   -4.6202 1192.6 413.556909  0.730712
tower_040_020_100      36.1314    0.4664  256.3 407.336970  0.159843
tower_060_020_100      37.1299    5.7541  100.0 407.315568 -2.416587
tower_080_020_100      37.8168   11.1969  100.0 413.880082  0.328290
tower_100_020_100      38.1782   16.7394  100.0 421.798211 -1.076774
tower_020_040_100      38.9393   -6.4881  358.2 411.279521  1.218725
tower_060_040_100      41.4407    4.6095  100.0 411.127264  0.108726
tower_080_040_100      42.1935   10.4770  100.3 413.170465 -1.249665
tower_100_040_100      42.5899   16.4702  100.0 435.525822  1.933908
tower_120_040_100      42.6209   22.5112 1154.5 409.937041 -0.758781
tower_140_040_100      42.2857   28.5181  100.0 411.709814 -0.423739
tower_040_060_100      44.5925   -2.8457  100.0 410.775424 -1.686256
tower_080_060_100      46.6149    9.6297 2207.5 411.857395  0.248297
tower_120_060_100      47.0845   22.7373  528.8 407.318216 -0.401944
tower_140_060_100      46.7162   29.2780  196.6 411.060566  0.366882
tower_020_080_100      47.1544  -11.1656  100.0 411.215608 -0.429965
tower_040_080_100      48.8364   -4.9441  100.0 411.047820  0.140296
tower_060_080_100      50.1482    1.6766  149.2 407.337579 -0.041841
tower_080_080_100      51.0565    8.6182  551.1 417.831785  0.301828
tower_100_080_100      51.5363   15.7723  231.8 406.934284 -0.015635
tower_120_080_100      51.5738   23.0082  265.8 410.934862  0.271741
tower_140_080_100      51.1681   30.1858  211.2 410.873515  0.793150
tower_020_100_100      51.2071  -14.1346  100.0 409.990410 -0.232221
tower_040_100_100      53.0475   -7.4470  233.9 408.757086 -0.182531
tower_060_100_100      54.4890   -0.2414  109.8 410.554110 -0.187306
tower_080_100_100      55.4905    7.3902  100.0 407.898048 -0.486159
tower_100_100_100      56.0207   15.3087  102.3 410.469281  0.712330
tower_120_100_100      56.0623   23.3385  203.3 409.880898  0.558508
tower_140_100_100      55.6137   31.2889  269.1 409.322423  0.191243
tower_020_120_100      55.1717  -17.6733  100.0 410.838715 -0.849093
tower_040_120_100      57.1884  -10.4758  100.0 412.972981 -0.492517
tower_060_120_100      58.7769   -2.5935  100.4 409.626764 -0.810619
tower_100_120_100      60.4745   14.7310  382.9 408.219364 -0.742962
tower_120_120_100      60.5207   23.7503  198.9 407.311925  0.563888
tower_140_120_100      60.0223   32.6572  130.8 409.167022 -1.212903
tower_020_140_100      59.0011  -21.9409  100.0 408.526765  0.020835
tower_040_140_100      61.2151  -14.2013  100.0 410.343120 -0.968062
tower_060_140_100      62.9721   -5.5391  100.0 411.451364 -0.803212
tower_080_140_100      64.2065    3.9369  100.0 411.619029 -0.957858
tower_120_140_100      64.9168   24.2777  101.1 410.952936  0.434472
tower_140_140_100      64.3592   34.3981  169.6 411.671404 -0.079983
