tower_020_020_100      34.8407   -4.6202 1192.6 418.303673  0.191262
tower_040_020_100      36.1314    0.4664  256.3 413.123770 -0.979399
tower_060_020_100      37.1299    5.7541  100.0 415.601613 -0.200931
tower_080_020_100      37.8168   11.1969  100.0 415.099618 -0.080661
tower_100_020_100      38.1782   16.7394  100.0 416.455316  0.596709
tower_020_040_100      38.9393   -6.4881  358.2 417.928954 -1.538376
tower_060_040_100      41.4407    4.6095  100.0 418.599754  0.036579
tower_080_040_100      42.1935   10.4770  100.3 415.102070  2.023231
tower_100_040_100      42.5899   16.4702  100.0 423.006268  0.283105
tower_120_040_100      42.6209   22.5112 1154.5 409.658740 -0.469048
tower_140_040_100      42.2857   28.5181  100.0 420.604225  0.687818
tower_040_060_100      44.5925   -2.8457  100.0 415.284115  1.768693
tower_080_060_100      46.6149    9.6297 2207.5 412.467191 -0.926811
tower_120_060_100      47.0845   22.7373  528.8 414.842632  0.766361
tower_140_060_100      46.7162   29.2780  196.6 410.140951 -0.595708
tower_020_080_100      47.1544  -11.1656  100.0 414.764282  0.728703
tower_040_080_100      48.8364   -4.9441  100.0 415.018921 -1.249509
tower_060_080_100      50.1482    1.6766  149.2 409.534577 -1.038097
tower_080_080_100      51.0565    8.6182  551.1 416.608428 -0.542934
tower_100_080_100      51.5363   15.7723  231.8 414.850120  0.506684
tower_120_080_100      51.5738   23.0082  265.8 416.970110 -0.245756
tower_140_080_100      51.1681   30.1858  211.2 413.484439  0.117295
tower_020_100_100      51.2071  -14.1346  100.0 414.195251 -0.991057
tower_040_100_100      53.0475   -7.4470  233.9 412.063777 -1.302245
tower_060_100_100      54.4890   -0.2414  109.8 412.874555  0.427207
tower_080_100_100      55.4905    7.3902  100.0 414.579230 -0.539374
tower_100_100_100      56.0207   15.3087  102.3 413.648137 -0.358498
tower_120_100_100      56.0623   23.3385  203.3 412.517953 -0.229260
tower_140_100_100      55.6137   31.2889  269.1 413.664246  0.437592
tower_020_120_100      55.1717  -17.6733  100.0 412.233552 -1.945783
tower_040_120_100      57.1884  -10.4758  100.0 414.936613  0.143891
tower_060_120_100      58.7769   -2.5935  100.4 415.321531 -0.226894
tower_100_120_100      60.4745   14.7310  382.9 413.663187 -2.154833
tower_120_120_100      60.5207   23.7503  198.9 406.183900 -1.423788
tower_140_120_100      60.0223   32.6572  130.8 406.589477 -1.293135
tower_020_140_100      59.0011  -21.9409  100.0 411.415071 -0.825974
tower_040_140_100      61.2151  -14.2013  100.0 413.293986  0.775528
tower_060_140_100      62.9721   -5.5391  100.0 415.134949 -0.585556
tower_080_140_100      64.2065    3.9369  100.0 414.618256 -0.290401
tower_120_140_100      64.9168   24.2777  101.1 416.975066  0.542559
tower_140_140_100      64.3592   34.3981  169.6 414.665222  0.478959
