tower_020_020_100      34.8407   -4.6202 1192.6 417.493961 -0.814288
tower_040_020_100      36.1314    0.4664  256.3 413.429087 -0.446101
tower_060_020_100      37.1299    5.7541  100.0 415.690519 -2.057739
tower_080_020_100      37.8168   11.1969  100.0 416.489685 -0.645150
tower_100_020_100      38.1782   16.7394  100.0 420.112327  0.827266
tower_020_040_100      38.9393   -6.4881  358.2 414.519672 -1.390009
tower_060_040_100      41.4407    4.6095  100.0 416.975393  0.915026
tower_080_040_100      42.1935   10.4770  100.3 415.251433  0.861943
tower_100_040_100      42.5899   16.4702  100.0 442.922543 -0.068305
tower_120_040_100      42.6209   22.5112 1154.5 409.916947  0.786857
tower_140_040_100      42.2857   28.5181  100.0 433.238043  2.760519
tower_040_060_100      44.5925   -2.8457  100.0 415.179262  1.686938
tower_080_060_100      46.6149    9.6297 2207.5 413.385558 -1.409303
tower_120_060_100      47.0845   22.7373  528.8 425.044976  0.013679
tower_140_060_100      46.7162   29.2780  196.6 414.414856 -0.165519
tower_020_080_100      47.1544  -11.1656  100.0 412.138817  0.370580
tower_040_080_100      48.8364   -4.9441  100.0 414.852905  0.527665
tower_060_080_100      50.1482    1.6766  149.2 409.768447  0.195669
tower_080_080_100      51.0565    8.6182  551.1 416.672565  0.398436
tower_100_080_100      51.5363   15.7723  231.8 414.328548  1.198195
tower_120_080_100      51.5738   23.0082  265.8 422.226228 -0.808309
tower_140_080_100      51.1681   30.1858  211.2 414.809586 -0.200029
tower_020_100_100      51.2071  -14.1346  100.0 413.706908 -0.643951
tower_040_100_100      53.0475   -7.4470  233.9 413.807061 -0.960435
tower_060_100_100      54.4890   -0.2414  109.8 413.614242 -2.332978
tower_080_100_100      55.4905    7.3902  100.0 413.925467  0.115108
tower_100_100_100      56.0207   15.3087  102.3 423.243736 -0.307189
tower_120_100_100      56.0623   23.3385  203.3 412.881113 -0.662211
tower_140_100_100      55.6137   31.2889  269.1 411.972346 -0.041261
tower_020_120_100      55.1717  -17.6733  100.0 413.365179 -0.451727
tower_040_120_100      57.1884  -10.4758  100.0 414.138370 -1.127245
tower_060_120_100      58.7769   -2.5935  100.4 414.601866  0.629546
tower_100_120_100      60.4745   14.7310  382.9 410.714782 -0.486879
tower_120_120_100      60.5207   23.7503  198.9 413.006164  0.939617
tower_140_120_100      60.0223   32.6572  130.8 405.900417 -0.110249
tower_020_140_100      59.0011  -21.9409  100.0 413.448644 -0.407280
tower_040_140_100      61.2151  -14.2013  100.0 414.010297 -0.394042
tower_060_140_100      62.9721   -5.5391  100.0 414.608216 -1.134162
tower_080_140_100      64.2065    3.9369  100.0 414.498353  0.718237
tower_120_140_100      64.9168   24.2777  101.1 417.983631 -0.406335
tower_140_140_100      64.3592   34.3981  169.6 414.811555  0.476125
