tower_020_020_100      34.8407   -4.6202 1192.6 418.587705 -0.003375
tower_040_020_100      36.1314    0.4664  256.3 415.888776 -0.809038
tower_060_020_100      37.1299    5.7541  100.0 417.766019 -0.699671
tower_080_020_100      37.8168   11.1969  100.0 417.247255 -0.586478
tower_100_020_100      38.1782   16.7394  100.0 411.342681 -0.098819
tower_020_040_100      38.9393   -6.4881  358.2 416.960738 -1.409300
tower_060_040_100      41.4407    4.6095  100.0 417.943485  0.609359
tower_080_040_100      42.1935   10.4770  100.3 417.077304  0.462263
tower_100_040_100      42.5899   16.4702  100.0 418.304022  1.634382
tower_120_040_100      42.6209   22.5112 1154.5 405.615583 -0.434874
tower_140_040_100      42.2857   28.5181  100.0 407.222629  0.918157
tower_040_060_100      44.5925   -2.8457  100.0 419.831973  0.826753
tower_080_060_100      46.6149    9.6297 2207.5 416.480071  0.422266
tower_120_060_100      47.0845   22.7373  528.8 396.696489  0.182417
tower_140_060_100      46.7162   29.2780  196.6 407.125879 -0.314735
tower_020_080_100      47.1544  -11.1656  100.0 418.046568  0.857709
tower_040_080_100      48.8364   -4.9441  100.0 418.683551  1.067976
tower_060_080_100      50.1482    1.6766  149.2 416.299025 -1.705975
tower_080_080_100      51.0565    8.6182  551.1 416.844940 -0.122777
tower_100_080_100      51.5363   15.7723  231.8 409.648376  0.825169
tower_120_080_100      51.5738   23.0082  265.8 393.478517  0.161571
tower_140_080_100      51.1681   30.1858  211.2 412.279002  2.135112
tower_020_100_100      51.2071  -14.1346  100.0 418.837801 -1.140681
tower_040_100_100      53.0475   -7.4470  233.9 416.947943 -0.143872
tower_060_100_100      54.4890   -0.2414  109.8 418.087355 -0.967876
tower_080_100_100      55.4905    7.3902  100.0 418.364197  1.882521
tower_100_100_100      56.0207   15.3087  102.3 413.470737  0.064481
tower_120_100_100      56.0623   23.3385  203.3 407.725325  1.391478
tower_140_100_100      55.6137   31.2889  269.1 413.235816 -0.507767
tower_020_120_100      55.1717  -17.6733  100.0 416.570678  1.266736
tower_040_120_100      57.1884  -10.4758  100.0 417.109197  0.175792
tower_060_120_100      58.7769   -2.5935  100.4 417.997089 -0.712245
tower_100_120_100      60.4745   14.7310  382.9 416.275724  1.733383
tower_120_120_100      60.5207   23.7503  198.9 410.338049 -0.239585
tower_140_120_100      60.0223   32.6572  130.8 412.703065  0.330228
tower_020_140_100      59.0011  -21.9409  100.0 416.870747 -0.316991
tower_040_140_100      61.2151  -14.2013  100.0 413.985993  1.715283
tower_060_140_100      62.9721   -5.5391  100.0 418.731781  1.112338
tower_080_140_100      64.2065    3.9369  100.0 418.703156 -1.528117
tower_120_140_100      64.9168   24.2777  101.1 409.741400  1.259284
tower_140_140_100      64.3592   34.3981  169.6 407.676457  1.773492
