tower_020_020_100      34.8407   -4.6202 1192.6 417.766352 -0.604494
tower_040_020_100      36.1314    0.4664  256.3 414.867128 -0.924970
tower_060_020_100      37.1299    5.7541  100.0 417.412477  0.153072
tower_080_020_100      37.8168   11.1969  100.0 417.396428  0.463736
tower_100_020_100      38.1782   16.7394  100.0 423.494059 -1.203515
tower_020_040_100      38.9393   -6.4881  358.2 411.728418  1.009947
tower_060_040_100      41.4407    4.6095  100.0 415.603907  0.170717
tower_080_040_100      42.1935   10.4770  100.3 414.355872  0.667557
tower_100_040_100      42.5899   16.4702  100.0 419.677354 -1.912666
tower_120_040_100      42.6209   22.5112 1154.5 411.167626  0.953703
tower_140_040_100      42.2857   28.5181  100.0 418.241102  0.832898
tower_040_060_100      44.5925   -2.8457  100.0 413.698121  1.215110
tower_080_060_100      46.6149    9.6297 2207.5 413.949794  0.733874
tower_120_060_100      47.0845   22.7373  528.8 449.870866  0.573810
tower_140_060_100      46.7162   29.2780  196.6 422.679722  1.274779
tower_020_080_100      47.1544  -11.1656  100.0 414.908807  0.008621
tower_040_080_100      48.8364   -4.9441  100.0 412.998550  1.419179
tower_060_080_100      50.1482    1.6766  149.2 419.506736 -0.762380
tower_080_080_100      51.0565    8.6182  551.1 418.675578  0.349973
tower_100_080_100      51.5363   15.7723  231.8 427.290946 -1.745573
tower_120_080_100      51.5738   23.0082  265.8 435.706599  0.882369
tower_140_080_100      51.1681   30.1858  211.2 423.551932 -0.156540
tower_020_100_100      51.2071  -14.1346  100.0 413.734337  0.972708
tower_040_100_100      53.0475   -7.4470  233.9 411.670873 -1.409781
tower_060_100_100      54.4890   -0.2414  109.8 414.153765  0.149622
tower_080_100_100      55.4905    7.3902  100.0 416.267406  0.541466
tower_100_100_100      56.0207   15.3087  102.3 421.536400  0.434897
tower_120_100_100      56.0623   23.3385  203.3 419.358756  0.495870
tower_140_100_100      55.6137   31.2889  269.1 417.695842  0.771546
tower_020_120_100      55.1717  -17.6733  100.0 412.210968  0.014548
tower_040_120_100      57.1884  -10.4758  100.0 415.166840 -0.393605
tower_060_120_100      58.7769   -2.5935  100.4 415.149308  1.648223
tower_100_120_100      60.4745   14.7310  382.9 415.721104  0.204347
tower_120_120_100      60.5207   23.7503  198.9 420.900861  1.039586
tower_140_120_100      60.0223   32.6572  130.8 413.650735 -1.155143
tower_020_140_100      59.0011  -21.9409  100.0 412.776099 -1.280154
tower_040_140_100      61.2151  -14.2013  100.0 415.514797  1.900072
tower_060_140_100      62.9721   -5.5391  100.0 415.935120  0.954468
tower_080_140_100      64.2065    3.9369  100.0 415.870608 -0.087783
tower_120_140_100      64.9168   24.2777  101.1 416.592291 -0.977041
tower_140_140_100      64.3592   34.3981  169.6 415.828926 -0.063510
