tower_020_020_100      34.8407   -4.6202 1192.6 409.675513  1.415001
tower_040_020_100      36.1314    0.4664  256.3 410.967531 -0.417281
tower_060_020_100      37.1299    5.7541  100.0 406.985779 -0.259283
tower_080_020_100      37.8168   11.1969  100.0 412.122529  0.465647
tower_100_020_100      38.1782   16.7394  100.0 412.250052  0.011125
tower_020_040_100      38.9393   -6.4881  358.2 409.747365  1.053395
tower_060_040_100      41.4407    4.6095  100.0 409.988661 -2.420277
tower_080_040_100      42.1935   10.4770  100.3 412.128464  0.810595
tower_100_040_100      42.5899   16.4702  100.0 415.676553 -1.018550
tower_120_040_100      42.6209   22.5112 1154.5 408.512875  2.141530
tower_140_040_100      42.2857   28.5181  100.0 416.204375  1.050046
tower_040_060_100      44.5925   -2.8457  100.0 409.633058  0.421860
tower_080_060_100      46.6149    9.6297 2207.5 407.408991  0.919997
tower_120_060_100      47.0845   22.7373  528.8 408.909584  0.661589
tower_140_060_100      46.7162   29.2780  196.6 405.357506  2.072902
tower_020_080_100      47.1544  -11.1656  100.0 408.766025 -0.742080
tower_040_080_100      48.8364   -4.9441  100.0 409.583955  0.483865
tower_060_080_100      50.1482    1.6766  149.2 407.964246 -2.379072
tower_080_080_100      51.0565    8.6182  551.1 406.164900  0.740074
tower_100_080_100      51.5363   15.7723  231.8 403.249734 -0.039940
tower_120_080_100      51.5738   23.0082  265.8 399.926817 -0.127991
tower_140_080_100      51.1681   30.1858  211.2 425.835649  0.758692
tower_020_100_100      51.2071  -14.1346  100.0 410.017307  0.251993
tower_040_100_100      53.0475   -7.4470  233.9 406.772623 -0.225340
tower_060_100_100      54.4890   -0.2414  109.8 411.667852  0.613041
tower_080_100_100      55.4905    7.3902  100.0 409.168243 -0.755948
tower_100_100_100      56.0207   15.3087  102.3 406.041165 -1.055688
tower_120_100_100      56.0623   23.3385  203.3 406.635739 -1.701117
tower_140_100_100      55.6137   31.2889  269.1 411.766149 -0.740484
tower_020_120_100      55.1717  -17.6733  100.0 409.638945 -0.248189
tower_040_120_100      57.1884  -10.4758  100.0 408.661102 -1.084556
tower_060_120_100      58.7769   -2.5935  100.4 408.570431 -0.267360
tower_100_120_100      60.4745   14.7310  382.9 409.367139  0.106158
tower_120_120_100      60.5207   23.7503  198.9 408.409661 -0.983359
tower_140_120_100      60.0223   32.6572  130.8 407.787448  1.881469
tower_020_140_100      59.0011  -21.9409  100.0 409.843872  0.453319
tower_040_140_100      61.2151  -14.2013  100.0 409.134737  0.883306
tower_060_140_100      62.9721   -5.5391  100.0 408.730773  0.621248
tower_080_140_100      64.2065    3.9369  100.0 408.360346 -0.239539
tower_120_140_100      64.9168   24.2777  101.1 408.233913 -0.487495
tower_140_140_100      64.3592   34.3981  169.6 409.132788  1.658711
