tower_020_020_100      34.8407   -4.6202 1192.6 416.776387 -0.824594
tower_040_020_100      36.1314    0.4664  256.3 414.160195  0.775256
tower_060_020_100      37.1299    5.7541  100.0 418.296600 -0.879107
tower_080_020_100      37.8168   11.1969  100.0 415.018292 -0.224988
tower_100_020_100      38.1782   16.7394  100.0 407.928564 -0.944389
tower_020_040_100      38.9393   -6.4881  358.2 412.639970 -0.013299
tower_060_040_100      41.4407    4.6095  100.0 414.697944 -0.837534
tower_080_040_100      42.1935   10.4770  100.3 407.920606 -0.827918
tower_100_040_100      42.5899   16.4702  100.0 421.748755  0.412642
tower_120_040_100      42.6209   22.5112 1154.5 409.495696  0.430484
tower_140_040_100      42.2857   28.5181  100.0 407.910593 -2.055445
tower_040_060_100      44.5925   -2.8457  100.0 416.290409 -1.506231
tower_080_060_100      46.6149    9.6297 2207.5 416.198717 -0.216014
tower_120_060_100      47.0845   22.7373  528.8 409.021142  0.587838
tower_140_060_100      46.7162   29.2780  196.6 422.467274 -0.555114
tower_020_080_100      47.1544  -11.1656  100.0 417.422209  0.411187
tower_040_080_100      48.8364   -4.9441  100.0 418.627066  0.449538
tower_060_080_100      50.1482    1.6766  149.2 417.378199  1.038468
tower_080_080_100      51.0565    8.6182  551.1 418.823672  0.838155
tower_100_080_100      51.5363   15.7723  231.8 396.009521 -0.302244
tower_120_080_100      51.5738   23.0082  265.8 397.736850 -0.870097
tower_140_080_100      51.1681   30.1858  211.2 418.059264 -0.616445
tower_020_100_100      51.2071  -14.1346  100.0 418.863371 -0.162644
tower_040_100_100      53.0475   -7.4470  233.9 414.350158 -0.065755
tower_060_100_100      54.4890   -0.2414  109.8 419.163341 -0.169257
tower_080_100_100      55.4905    7.3902  100.0 420.726610  1.687381
tower_100_100_100      56.0207   15.3087  102.3 417.007412  1.061086
tower_120_100_100      56.0623   23.3385  203.3 421.020274  1.116745
tower_140_100_100      55.6137   31.2889  269.1 413.727030  0.189779
tower_020_120_100      55.1717  -17.6733  100.0 419.035822 -1.162488
tower_040_120_100      57.1884  -10.4758  100.0 419.390683  0.372993
tower_060_120_100      58.7769   -2.5935  100.4 419.361116  0.901891
tower_100_120_100      60.4745   14.7310  382.9 418.333033  0.761090
tower_120_120_100      60.5207   23.7503  198.9 410.189355  0.191511
tower_140_120_100      60.0223   32.6572  130.8 418.149202 -0.035321
tower_020_140_100      59.0011  -21.9409  100.0 419.162658  0.271749
tower_040_140_100      61.2151  -14.2013  100.0 419.229157  0.270419
tower_060_140_100      62.9721   -5.5391  100.0 418.823371 -0.054087
tower_080_140_100      64.2065    3.9369  100.0 419.191775 -0.332009
tower_120_140_100      64.9168   24.2777  101.1 412.398093 -0.400766
tower_140_140_100      64.3592   34.3981  169.6 410.921587  1.692361
