tower_020_020_100      34.8407   -4.6202 1192.6 416.606348 -0.704752
tower_040_020_100      36.1314    0.4664  256.3 414.113604  0.821268
tower_060_020_100      37.1299    5.7541  100.0 418.743754 -1.556988
tower_080_020_100      37.8168   11.1969  100.0 417.523138 -0.650697
tower_100_020_100      38.1782   16.7394  100.0 422.171022  1.461174
tower_020_040_100      38.9393   -6.4881  358.2 409.161215  0.338702
tower_060_040_100      41.4407    4.6095  100.0 415.973446 -1.438684
tower_080_040_100      42.1935   10.4770  100.3 417.769063 -0.989406
tower_100_040_100      42.5899   16.4702  100.0 421.110135  1.295851
tower_120_040_100      42.6209   22.5112 1154.5 404.489574 -1.439901
tower_140_040_100      42.2857   28.5181  100.0 409.928383 -0.528069
tower_040_060_100      44.5925   -2.8457  100.0 409.628152 -0.794265
tower_080_060_100      46.6149    9.6297 2207.5 417.384363 -2.008602
tower_120_060_100      47.0845   22.7373  528.8 417.075990 -0.852533
tower_140_060_100      46.7162   29.2780  196.6 427.015044 -0.042596
tower_020_080_100      47.1544  -11.1656  100.0 418.466034 -0.335651
tower_040_080_100      48.8364   -4.9441  100.0 417.927553  1.430778
tower_060_080_100      50.1482    1.6766  149.2 423.614520 -0.013010
tower_080_080_100      51.0565    8.6182  551.1 421.891427  0.103927
tower_100_080_100      51.5363   15.7723  231.8 443.196708 -0.378177
tower_120_080_100      51.5738   23.0082  265.8 413.536160  0.915469
tower_140_080_100      51.1681   30.1858  211.2 413.395652 -0.762393
tower_020_100_100      51.2071  -14.1346  100.0 417.038998  1.548006
tower_040_100_100      53.0475   -7.4470  233.9 419.643892 -1.026932
tower_060_100_100      54.4890   -0.2414  109.8 420.319528  0.397814
tower_080_100_100      55.4905    7.3902  100.0 419.298683  1.701619
tower_100_100_100      56.0207   15.3087  102.3 422.602138  1.852823
tower_120_100_100      56.0623   23.3385  203.3 418.752991 -0.465810
tower_140_100_100      55.6137   31.2889  269.1 419.589344 -1.889062
tower_020_120_100      55.1717  -17.6733  100.0 416.594850 -1.432795
tower_040_120_100      57.1884  -10.4758  100.0 416.394988  0.325936
tower_060_120_100      58.7769   -2.5935  100.4 420.628046  1.771388
tower_100_120_100      60.4745   14.7310  382.9 418.213703  1.289624
tower_120_120_100      60.5207   23.7503  198.9 423.341649 -0.144664
tower_140_120_100      60.0223   32.6572  130.8 409.880215 -0.578866
tower_020_140_100      59.0011  -21.9409  100.0 417.739257  0.426565
tower_040_140_100      61.2151  -14.2013  100.0 417.805845  0.344173
tower_060_140_100      62.9721   -5.5391  100.0 418.268004  0.196460
tower_080_140_100      64.2065    3.9369  100.0 417.712013 -2.347983
tower_120_140_100      64.9168   24.2777  101.1 418.966924 -1.247575
tower_140_140_100      64.3592   34.3981  169.6 419.622295 -1.116190
