tower_020_020_100      34.8407   -4.6202 1192.6 415.660215 -0.618176
tower_040_020_100      36.1314    0.4664  256.3 410.064270 -1.631864
tower_060_020_100      37.1299    5.7541  100.0 410.773076  0.358864
tower_080_020_100      37.8168   11.1969  100.0 412.415621 -1.288453
tower_100_020_100      38.1782   16.7394  100.0 419.215978  0.474339
tower_020_040_100      38.9393   -6.4881  358.2 397.370375 -0.277931
tower_060_040_100      41.4407    4.6095  100.0 412.505980 -0.358781
tower_080_040_100      42.1935   10.4770  100.3 415.310517  1.617922
tower_100_040_100      42.5899   16.4702  100.0 426.459471 -1.368058
tower_120_040_100      42.6209   22.5112 1154.5 432.015775  1.066405
tower_140_040_100      42.2857   28.5181  100.0 407.183320  1.392796
tower_040_060_100      44.5925   -2.8457  100.0 412.813354  0.651033
tower_080_060_100      46.6149    9.6297 2207.5 413.663503  0.225778
tower_120_060_100      47.0845   22.7373  528.8 475.409532  0.791500
tower_140_060_100      46.7162   29.2780  196.6 405.789280  1.475907
tower_020_080_100      47.1544  -11.1656  100.0 410.518562  0.071084
tower_040_080_100      48.8364   -4.9441  100.0 411.662649 -1.584747
tower_060_080_100      50.1482    1.6766  149.2 423.740541 -0.552521
tower_080_080_100      51.0565    8.6182  551.1 412.852855 -1.599518
tower_100_080_100      51.5363   15.7723  231.8 438.401084  1.234481
tower_120_080_100      51.5738   23.0082  265.8 435.264359  0.057738
tower_140_080_100      51.1681   30.1858  211.2 420.495271  0.367923
tower_020_100_100      51.2071  -14.1346  100.0 412.434568 -0.681456
tower_040_100_100      53.0475   -7.4470  233.9 410.943170 -1.289718
tower_060_100_100      54.4890   -0.2414  109.8 415.164443 -0.420234
tower_080_100_100      55.4905    7.3902  100.0 413.174970  0.930101
tower_100_100_100      56.0207   15.3087  102.3 417.160641 -0.291702
tower_120_100_100      56.0623   23.3385  203.3 420.157342  0.786141
tower_140_100_100      55.6137   31.2889  269.1 415.966594 -0.833700
tower_020_120_100      55.1717  -17.6733  100.0 412.079681 -0.598837
tower_040_120_100      57.1884  -10.4758  100.0 412.476440  0.692412
tower_060_120_100      58.7769   -2.5935  100.4 412.612086  0.862982
tower_100_120_100      60.4745   14.7310  382.9 414.743733 -1.128495
tower_120_120_100      60.5207   23.7503  198.9 422.625836  0.481516
tower_140_120_100      60.0223   32.6572  130.8 412.702852 -0.680924
tower_020_140_100      59.0011  -21.9409  100.0 412.831391 -1.311599
tower_040_140_100      61.2151  -14.2013  100.0 412.620911 -2.116828
tower_060_140_100      62.9721   -5.5391  100.0 412.732179 -0.425442
tower_080_140_100      64.2065    3.9369  100.0 410.825309 -1.319147
tower_120_140_100      64.9168   24.2777  101.1 412.456112 -0.709032
tower_140_140_100      64.3592   34.3981  169.6 412.342545  0.245957
