tower_020_020_100      34.8407   -4.6202 1192.6 416.996763  0.687888
tower_040_020_100      36.1314    0.4664  256.3 414.063456 -1.271322
tower_060_020_100      37.1299    5.7541  100.0 409.956841  0.383185
tower_080_020_100      37.8168   11.1969  100.0 412.430750 -0.209779
tower_100_020_100      38.1782   16.7394  100.0 417.796216 -0.919568
tower_020_040_100      38.9393   -6.4881  358.2 413.828667 -0.893024
tower_060_040_100      41.4407    4.6095  100.0 412.397310  0.201542
tower_080_040_100      42.1935   10.4770  100.3 415.989156  0.049414
tower_100_040_100      42.5899   16.4702  100.0 420.305093 -1.921726
tower_120_040_100      42.6209   22.5112 1154.5 409.050012  1.307854
tower_140_040_100      42.2857   28.5181  100.0 406.073028  0.354697
tower_040_060_100      44.5925   -2.8457  100.0 413.450833 -0.283605
tower_080_060_100      46.6149    9.6297 2207.5 410.063912  0.845700
tower_120_060_100      47.0845   22.7373  528.8 410.929518 -1.294437
tower_140_060_100      46.7162   29.2780  196.6 403.253493  0.465902
tower_020_080_100      47.1544  -11.1656  100.0 411.682716  0.565433
tower_040_080_100      48.8364   -4.9441  100.0 412.610654  0.854071
tower_060_080_100      50.1482    1.6766  149.2 405.923726  0.369388
tower_080_080_100      51.0565    8.6182  551.1 412.697187 -0.753539
tower_100_080_100      51.5363   15.7723  231.8 414.334414 -0.043462
tower_120_080_100      51.5738   23.0082  265.8 428.643187  0.333432
tower_140_080_100      51.1681   30.1858  211.2 407.885254 -0.065273
tower_020_100_100      51.2071  -14.1346  100.0 411.669982 -0.300300
tower_040_100_100      53.0475   -7.4470  233.9 410.496245  0.055070
tower_060_100_100      54.4890   -0.2414  109.8 408.961457  0.427492
tower_080_100_100      55.4905    7.3902  100.0 411.073293  0.307284
tower_100_100_100      56.0207   15.3087  102.3 412.343267  0.813152
tower_120_100_100      56.0623   23.3385  203.3 405.026238 -0.921178
tower_140_100_100      55.6137   31.2889  269.1 409.209449 -0.532605
tower_020_120_100      55.1717  -17.6733  100.0 412.269898  0.547235
tower_040_120_100      57.1884  -10.4758  100.0 410.402864  0.517441
tower_060_120_100      58.7769   -2.5935  100.4 410.563867  1.618930
tower_100_120_100      60.4745   14.7310  382.9 410.963771 -1.727813
tower_120_120_100      60.5207   23.7503  198.9 409.368103 -0.930957
tower_140_120_100      60.0223   32.6572  130.8 410.386903  1.511157
tower_020_140_100      59.0011  -21.9409  100.0 412.630556  0.713498
tower_040_140_100      61.2151  -14.2013  100.0 410.788326  0.331166
tower_060_140_100      62.9721   -5.5391  100.0 411.175106  0.227323
tower_080_140_100      64.2065    3.9369  100.0 409.541927  0.715754
tower_120_140_100      64.9168   24.2777  101.1 409.137967 -1.554251
tower_140_140_100      64.3592   34.3981  169.6 410.915776 -0.497339
