tower_020_020_100      34.8407   -4.6202 1192.6 417.770008  0.381436
tower_040_020_100      36.1314    0.4664  256.3 414.538719  0.389546
tower_060_020_100      37.1299    5.7541  100.0 417.649073  0.671470
tower_080_020_100      37.8168   11.1969  100.0 417.626009 -0.119853
tower_100_020_100      38.1782   16.7394  100.0 407.505925 -0.618932
tower_020_040_100      38.9393   -6.4881  358.2 417.915308 -0.491075
tower_060_040_100      41.4407    4.6095  100.0 417.200069 -0.532493
tower_080_040_100      42.1935   10.4770  100.3 417.413486 -3.315698
tower_100_040_100      42.5899   16.4702  100.0 423.845313  0.225409
tower_120_040_100      42.6209   22.5112 1154.5 411.101732  0.140284
tower_140_040_100      42.2857   28.5181  100.0 406.799663  1.039647
tower_040_060_100      44.5925   -2.8457  100.0 418.868470  0.391396
tower_080_060_100      46.6149    9.6297 2207.5 415.487614  0.294692
tower_120_060_100      47.0845   22.7373  528.8 406.341428  0.164959
tower_140_060_100      46.7162   29.2780  196.6 411.257764 -0.314000
tower_020_080_100      47.1544  -11.1656  100.0 418.621551  1.333695
tower_040_080_100      48.8364   -4.9441  100.0 418.012297  0.199321
tower_060_080_100      50.1482    1.6766  149.2 413.388367  0.000238
tower_080_080_100      51.0565    8.6182  551.1 415.635535 -0.927200
tower_100_080_100      51.5363   15.7723  231.8 410.870835 -2.463367
tower_120_080_100      51.5738   23.0082  265.8 407.708107 -0.240232
tower_140_080_100      51.1681   30.1858  211.2 411.136789  0.453935
tower_020_100_100      51.2071  -14.1346  100.0 417.266690 -0.143040
tower_040_100_100      53.0475   -7.4470  233.9 416.427158 -0.153968
tower_060_100_100      54.4890   -0.2414  109.8 411.752267 -0.138561
tower_080_100_100      55.4905    7.3902  100.0 418.286344 -0.803581
tower_100_100_100      56.0207   15.3087  102.3 416.080519 -0.559562
tower_120_100_100      56.0623   23.3385  203.3 407.220007 -1.089695
tower_140_100_100      55.6137   31.2889  269.1 413.811953  0.465796
tower_020_120_100      55.1717  -17.6733  100.0 416.218384  1.411665
tower_040_120_100      57.1884  -10.4758  100.0 416.678040  0.620928
tower_060_120_100      58.7769   -2.5935  100.4 416.351867  1.115079
tower_100_120_100      60.4745   14.7310  382.9 416.687218 -0.119664
tower_120_120_100      60.5207   23.7503  198.9 411.565424  0.967750
tower_140_120_100      60.0223   32.6572  130.8 414.289033  0.093976
tower_020_140_100      59.0011  -21.9409  100.0 416.466409 -0.492042
tower_040_140_100      61.2151  -14.2013  100.0 416.734801  0.099504
tower_060_140_100      62.9721   -5.5391  100.0 418.185616 -1.279837
tower_080_140_100      64.2065    3.9369  100.0 415.448247 -0.214006
tower_120_140_100      64.9168   24.2777  101.1 417.065650 -0.918410
tower_140_140_100      64.3592   34.3981  169.6 413.245224  0.206977
