tower_020_020_100      34.8407   -4.6202 1192.6 413.376705  1.079884
tower_040_020_100      36.1314    0.4664  256.3 409.491774  0.322815
tower_060_020_100      37.1299    5.7541  100.0 410.760195 -0.230933
tower_080_020_100      37.8168   11.1969  100.0 413.863057 -0.048083
tower_100_020_100      38.1782   16.7394  100.0 412.137478  1.458876
tower_020_040_100      38.9393   -6.4881  358.2 404.621279 -0.591732
tower_060_040_100      41.4407    4.6095  100.0 411.020997  1.308451
tower_080_040_100      42.1935   10.4770  100.3 413.406859 -0.354991
tower_100_040_100      42.5899   16.4702  100.0 417.256760  0.312650
tower_120_040_100      42.6209   22.5112 1154.5 410.131926  0.955247
tower_140_040_100      42.2857   28.5181  100.0 414.521326  0.435718
tower_040_060_100      44.5925   -2.8457  100.0 411.567080  0.995327
tower_080_060_100      46.6149    9.6297 2207.5 412.656822  0.061307
tower_120_060_100      47.0845   22.7373  528.8 426.305333  2.266614
tower_140_060_100      46.7162   29.2780  196.6 420.977511 -0.245547
tower_020_080_100      47.1544  -11.1656  100.0 412.329842 -1.466508
tower_040_080_100      48.8364   -4.9441  100.0 409.410703  0.012637
tower_060_080_100      50.1482    1.6766  149.2 413.271253  0.078172
tower_080_080_100      51.0565    8.6182  551.1 407.970484  0.920057
tower_100_080_100      51.5363   15.7723  231.8 421.795074  0.033804
tower_120_080_100      51.5738   23.0082  265.8 446.631215  0.061154
tower_140_080_100      51.1681   30.1858  211.2 410.573169 -0.012192
tower_020_100_100      51.2071  -14.1346  100.0 408.746065 -0.664254
tower_040_100_100      53.0475   -7.4470  233.9 407.525335 -1.399721
tower_060_100_100      54.4890   -0.2414  109.8 410.094534  0.640171
tower_080_100_100      55.4905    7.3902  100.0 409.305328 -0.832860
tower_100_100_100      56.0207   15.3087  102.3 416.323775  0.663358
tower_120_100_100      56.0623   23.3385  203.3 426.062033 -0.423479
tower_140_100_100      55.6137   31.2889  269.1 410.895019  0.896144
tower_020_120_100      55.1717  -17.6733  100.0 408.726531 -1.286625
tower_040_120_100      57.1884  -10.4758  100.0 408.978913 -0.418773
tower_060_120_100      58.7769   -2.5935  100.4 409.811368  0.348774
tower_100_120_100      60.4745   14.7310  382.9 414.481102 -0.001741
tower_120_120_100      60.5207   23.7503  198.9 408.153523 -0.497759
tower_140_120_100      60.0223   32.6572  130.8 411.104885  1.825012
tower_020_140_100      59.0011  -21.9409  100.0 408.924345 -1.311728
tower_040_140_100      61.2151  -14.2013  100.0 408.934721  0.614526
tower_060_140_100      62.9721   -5.5391  100.0 411.400941 -1.692856
tower_080_140_100      64.2065    3.9369  100.0 407.778668 -0.267155
tower_120_140_100      64.9168   24.2777  101.1 413.798206 -0.312570
tower_140_140_100      64.3592   34.3981  169.6 408.673596 -1.174900
