tower_020_020_100      34.8407   -4.6202 1192.6 418.481348 -0.844063
tower_040_020_100      36.1314    0.4664  256.3 415.650071 -1.582431
tower_060_020_100      37.1299    5.7541  100.0 413.824091  1.373072
tower_080_020_100      37.8168   11.1969  100.0 416.076572  1.578353
tower_100_020_100      38.1782   16.7394  100.0 421.095700  0.350649
tower_020_040_100      38.9393   -6.4881  358.2 413.888216  0.515596
tower_060_040_100      41.4407    4.6095  100.0 418.272700  0.275687
tower_080_040_100      42.1935   10.4770  100.3 417.747518  2.667148
tower_100_040_100      42.5899   16.4702  100.0 421.000090 -0.177265
tower_120_040_100      42.6209   22.5112 1154.5 411.024911  0.105656
tower_140_040_100      42.2857   28.5181  100.0 412.290663 -1.575679
tower_040_060_100      44.5925   -2.8457  100.0 413.787845 -0.679058
tower_080_060_100      46.6149    9.6297 2207.5 413.731659  0.991085
tower_120_060_100      47.0845   22.7373  528.8 417.339701  1.727033
tower_140_060_100      46.7162   29.2780  196.6 416.975315  1.486416
tower_020_080_100      47.1544  -11.1656  100.0 413.884542  2.200554
tower_040_080_100      48.8364   -4.9441  100.0 410.490146  0.687192
tower_060_080_100      50.1482    1.6766  149.2 416.033148 -1.180538
tower_080_080_100      51.0565    8.6182  551.1 416.781260  1.257198
tower_100_080_100      51.5363   15.7723  231.8 415.295601 -0.560562
tower_120_080_100      51.5738   23.0082  265.8 414.603866 -0.378159
tower_140_080_100      51.1681   30.1858  211.2 418.880635  1.867329
tower_020_100_100      51.2071  -14.1346  100.0 414.297699 -1.393915
tower_040_100_100      53.0475   -7.4470  233.9 410.166689 -0.681965
tower_060_100_100      54.4890   -0.2414  109.8 415.572331 -0.663026
tower_080_100_100      55.4905    7.3902  100.0 415.107656  0.580453
tower_100_100_100      56.0207   15.3087  102.3 414.687094  0.726496
tower_120_100_100      56.0623   23.3385  203.3 412.585385 -0.829755
tower_140_100_100      55.6137   31.2889  269.1 414.828147  2.245794
tower_020_120_100      55.1717  -17.6733  100.0 411.574438  0.996356
tower_040_120_100      57.1884  -10.4758  100.0 415.003751  0.968008
tower_060_120_100      58.7769   -2.5935  100.4 415.311293 -1.308481
tower_100_120_100      60.4745   14.7310  382.9 415.423609  0.576075
tower_120_120_100      60.5207   23.7503  198.9 412.219287  0.273697
tower_140_120_100      60.0223   32.6572  130.8 411.376473 -0.692154
tower_020_140_100      59.0011  -21.9409  100.0 412.843785 -1.259840
tower_040_140_100      61.2151  -14.2013  100.0 414.259068  0.929482
tower_060_140_100      62.9721   -5.5391  100.0 415.506319 -0.829596
tower_080_140_100      64.2065    3.9369  100.0 415.708495 -0.536573
tower_120_140_100      64.9168   24.2777  101.1 418.635452 -1.352883
tower_140_140_100      64.3592   34.3981  169.6 414.819762 -0.425286
