tower_020_020_100      34.8407   -4.6202 1192.6 417.581064  1.962444
tower_040_020_100      36.1314    0.4664  256.3 414.560431  0.741258
tower_060_020_100      37.1299    5.7541  100.0 415.468635  0.466399
tower_080_020_100      37.8168   11.1969  100.0 416.406522 -0.244482
tower_100_020_100      38.1782   16.7394  100.0 418.990715  0.598491
tower_020_040_100      38.9393   -6.4881  358.2 414.677205  1.456240
tower_060_040_100      41.4407    4.6095  100.0 415.369004  0.076107
tower_080_040_100      42.1935   10.4770  100.3 413.290593 -0.398183
tower_100_040_100      42.5899   16.4702  100.0 421.883070  0.328905
tower_120_040_100      42.6209   22.5112 1154.5 412.561072  0.817628
tower_140_040_100      42.2857   28.5181  100.0 415.947252 -1.141121
tower_040_060_100      44.5925   -2.8457  100.0 413.966770 -2.622699
tower_080_060_100      46.6149    9.6297 2207.5 414.271452  1.536545
tower_120_060_100      47.0845   22.7373  528.8 425.362505 -0.738462
tower_140_060_100      46.7162   29.2780  196.6 411.246685  0.295683
tower_020_080_100      47.1544  -11.1656  100.0 412.945196  1.877705
tower_040_080_100      48.8364   -4.9441  100.0 412.266758  0.068554
tower_060_080_100      50.1482    1.6766  149.2 412.179182  0.950320
tower_080_080_100      51.0565    8.6182  551.1 414.774306 -0.438142
tower_100_080_100      51.5363   15.7723  231.8 414.093843 -1.554943
tower_120_080_100      51.5738   23.0082  265.8 419.117549  0.887916
tower_140_080_100      51.1681   30.1858  211.2 415.770708 -0.240256
tower_020_100_100      51.2071  -14.1346  100.0 413.777771 -0.355430
tower_040_100_100      53.0475   -7.4470  233.9 414.336669  0.081843
tower_060_100_100      54.4890   -0.2414  109.8 413.491815 -0.940947
tower_080_100_100      55.4905    7.3902  100.0 412.778408  0.051855
tower_100_100_100      56.0207   15.3087  102.3 420.119454  0.461571
tower_120_100_100      56.0623   23.3385  203.3 414.309514  1.232734
tower_140_100_100      55.6137   31.2889  269.1 409.940419 -0.431709
tower_020_120_100      55.1717  -17.6733  100.0 413.405516 -0.688820
tower_040_120_100      57.1884  -10.4758  100.0 414.506806  0.496930
tower_060_120_100      58.7769   -2.5935  100.4 414.350830  1.385442
tower_100_120_100      60.4745   14.7310  382.9 414.952753 -0.736981
tower_120_120_100      60.5207   23.7503  198.9 410.147339  1.325359
tower_140_120_100      60.0223   32.6572  130.8 411.655976  0.386230
tower_020_140_100      59.0011  -21.9409  100.0 414.499055  0.843828
tower_040_140_100      61.2151  -14.2013  100.0 415.030423 -0.594378
tower_060_140_100      62.9721   -5.5391  100.0 414.819917  1.090163
tower_080_140_100      64.2065    3.9369  100.0 414.305787  1.360077
tower_120_140_100      64.9168   24.2777  101.1 412.664166  0.901233
tower_140_140_100      64.3592   34.3981  169.6 414.562207  0.458346
