tower_020_020_100      34.8407   -4.6202 1192.6 412.847857 -1.266280
tower_040_020_100      36.1314    0.4664  256.3 410.604878 -0.075954
tower_060_020_100      37.1299    5.7541  100.0 406.558123  0.246875
tower_080_020_100      37.8168   11.1969  100.0 411.813627  0.286182
tower_100_020_100      38.1782   16.7394  100.0 411.878226  0.059432
tower_020_040_100      38.9393   -6.4881  358.2 410.721770 -1.057704
tower_060_040_100      41.4407    4.6095  100.0 411.706673  2.530405
tower_080_040_100      42.1935   10.4770  100.3 413.558869  0.340852
tower_100_040_100      42.5899   16.4702  100.0 413.749555  1.384768
tower_120_040_100      42.6209   22.5112 1154.5 407.992075 -1.065970
tower_140_040_100      42.2857   28.5181  100.0 417.995965  0.396945
tower_040_060_100      44.5925   -2.8457  100.0 409.370361  0.886656
tower_080_060_100      46.6149    9.6297 2207.5 408.472763 -0.044557
tower_120_060_100      47.0845   22.7373  528.8 409.468387  1.233513
tower_140_060_100      46.7162   29.2780  196.6 409.341384  1.001449
tower_020_080_100      47.1544  -11.1656  100.0 408.866273 -1.395880
tower_040_080_100      48.8364   -4.9441  100.0 409.463044  0.977572
tower_060_080_100      50.1482    1.6766  149.2 406.378369  0.612346
tower_080_080_100      51.0565    8.6182  551.1 405.305451  0.002623
tower_100_080_100      51.5363   15.7723  231.8 402.378548 -0.813296
tower_120_080_100      51.5738   23.0082  265.8 398.585831 -1.037934
tower_140_080_100      51.1681   30.1858  211.2 432.379878  0.312950
tower_020_100_100      51.2071  -14.1346  100.0 409.829409 -0.962292
tower_040_100_100      53.0475   -7.4470  233.9 407.583138 -0.585160
tower_060_100_100      54.4890   -0.2414  109.8 408.556797  0.398488
tower_080_100_100      55.4905    7.3902  100.0 409.421567 -1.385121
tower_100_100_100      56.0207   15.3087  102.3 403.850956 -0.319441
tower_120_100_100      56.0623   23.3385  203.3 403.821698  1.605774
tower_140_100_100      55.6137   31.2889  269.1 407.232424 -0.319873
tower_020_120_100      55.1717  -17.6733  100.0 409.585572 -0.777286
tower_040_120_100      57.1884  -10.4758  100.0 408.205168  0.771921
tower_060_120_100      58.7769   -2.5935  100.4 408.755063 -0.173047
tower_100_120_100      60.4745   14.7310  382.9 410.018094 -0.026685
tower_120_120_100      60.5207   23.7503  198.9 408.794977  0.121389
tower_140_120_100      60.0223   32.6572  130.8 407.964970  0.107571
tower_020_140_100      59.0011  -21.9409  100.0 409.766815  2.339128
tower_040_140_100      61.2151  -14.2013  100.0 409.088808  1.444227
tower_060_140_100      62.9721   -5.5391  100.0 408.810759  1.198553
tower_080_140_100      64.2065    3.9369  100.0 408.610015  1.383212
tower_120_140_100      64.9168   24.2777  101.1 408.586543  1.509793
tower_140_140_100      64.3592   34.3981  169.6 410.129979  0.135831
