tower_020_020_100      34.8407   -4.6202 1192.6 417.770987  0.198824
tower_040_020_100      36.1314    0.4664  256.3 414.684256 -1.168360
tower_060_020_100      37.1299    5.7541  100.0 417.726498 -1.138483
tower_080_020_100      37.8168   11.1969  100.0 417.596988  0.400926
tower_100_020_100      38.1782   16.7394  100.0 407.211213  1.202784
tower_020_040_100      38.9393   -6.4881  358.2 417.965600 -0.336003
tower_060_040_100      41.4407    4.6095  100.0 418.309632 -0.168219
tower_080_040_100      42.1935   10.4770  100.3 417.907943 -0.065374
tower_100_040_100      42.5899   16.4702  100.0 426.361824 -0.054804
tower_120_040_100      42.6209   22.5112 1154.5 412.643454 -0.479962
tower_140_040_100      42.2857   28.5181  100.0 407.994364 -0.406075
tower_040_060_100      44.5925   -2.8457  100.0 419.063752 -0.501948
tower_080_060_100      46.6149    9.6297 2207.5 415.488959 -0.256170
tower_120_060_100      47.0845   22.7373  528.8 405.665703 -0.092375
tower_140_060_100      46.7162   29.2780  196.6 411.931246  0.760227
tower_020_080_100      47.1544  -11.1656  100.0 418.628479 -1.762159
tower_040_080_100      48.8364   -4.9441  100.0 418.099424  1.294910
tower_060_080_100      50.1482    1.6766  149.2 413.903477  0.200424
tower_080_080_100      51.0565    8.6182  551.1 416.137155 -0.096335
tower_100_080_100      51.5363   15.7723  231.8 411.162798 -0.347182
tower_120_080_100      51.5738   23.0082  265.8 408.807846  0.403760
tower_140_080_100      51.1681   30.1858  211.2 411.270755  1.548291
tower_020_100_100      51.2071  -14.1346  100.0 417.263241 -1.141491
tower_040_100_100      53.0475   -7.4470  233.9 416.729803 -0.606693
tower_060_100_100      54.4890   -0.2414  109.8 412.069179 -0.150463
tower_080_100_100      55.4905    7.3902  100.0 418.348234 -0.092324
tower_100_100_100      56.0207   15.3087  102.3 416.101406 -1.098938
tower_120_100_100      56.0623   23.3385  203.3 406.803955 -1.098130
tower_140_100_100      55.6137   31.2889  269.1 414.192505 -0.124538
tower_020_120_100      55.1717  -17.6733  100.0 416.159821 -1.037029
tower_040_120_100      57.1884  -10.4758  100.0 416.676270  0.574613
tower_060_120_100      58.7769   -2.5935  100.4 416.183843  1.151674
tower_100_120_100      60.4745   14.7310  382.9 416.748619  0.050622
tower_120_120_100      60.5207   23.7503  198.9 411.727505 -0.663934
tower_140_120_100      60.0223   32.6572  130.8 414.269685 -0.885804
tower_020_140_100      59.0011  -21.9409  100.0 416.042856 -0.369181
tower_040_140_100      61.2151  -14.2013  100.0 416.674072  1.664613
tower_060_140_100      62.9721   -5.5391  100.0 417.903728  0.380308
tower_080_140_100      64.2065    3.9369  100.0 416.002162  0.524178
tower_120_140_100      64.9168   24.2777  101.1 417.205243  0.861825
tower_140_140_100      64.3592   34.3981  169.6 413.215380 -2.102205
