tower_020_020_100      34.8407   -4.6202 1192.6 410.993814 -0.754657
tower_040_020_100      36.1314    0.4664  256.3 411.193184 -1.164208
tower_060_020_100      37.1299    5.7541  100.0 409.297701 -0.790277
tower_080_020_100      37.8168   11.1969  100.0 408.459380 -1.827219
tower_100_020_100      38.1782   16.7394  100.0 409.041503  0.829158
tower_020_040_100      38.9393   -6.4881  358.2 411.309886 -0.342062
tower_060_040_100      41.4407    4.6095  100.0 408.622764  0.886926
tower_080_040_100      42.1935   10.4770  100.3 417.548027  0.249002
tower_100_040_100      42.5899   16.4702  100.0 427.684130  0.177056
tower_120_040_100      42.6209   22.5112 1154.5 397.432949  0.343826
tower_140_040_100      42.2857   28.5181  100.0 406.746400  1.980523
tower_040_060_100      44.5925   -2.8457  100.0 414.793730 -0.555774
tower_080_060_100      46.6149    9.6297 2207.5 409.766524  0.909011
tower_120_060_100      47.0845   22.7373  528.8 388.975815 -0.525646
tower_140_060_100      46.7162   29.2780  196.6 406.123080  0.406923
tower_020_080_100      47.1544  -11.1656  100.0 414.845538 -0.214231
tower_040_080_100      48.8364   -4.9441  100.0 413.874931 -1.692552
tower_060_080_100      50.1482    1.6766  149.2 406.875527  1.319723
tower_080_080_100      51.0565    8.6182  551.1 408.952438 -0.188578
tower_100_080_100      51.5363   15.7723  231.8 400.682959 -0.027811
tower_120_080_100      51.5738   23.0082  265.8 405.133789  0.083211
tower_140_080_100      51.1681   30.1858  211.2 406.176353  1.590001
tower_020_100_100      51.2071  -14.1346  100.0 412.713987  1.160815
tower_040_100_100      53.0475   -7.4470  233.9 411.638336  0.084802
tower_060_100_100      54.4890   -0.2414  109.8 414.599096  0.328752
tower_080_100_100      55.4905    7.3902  100.0 411.997464 -1.274100
tower_100_100_100      56.0207   15.3087  102.3 408.426031  0.091430
tower_120_100_100      56.0623   23.3385  203.3 408.455964 -0.004011
tower_140_100_100      55.6137   31.2889  269.1 405.400957 -1.021675
tower_020_120_100      55.1717  -17.6733  100.0 414.488951  0.324862
tower_040_120_100      57.1884  -10.4758  100.0 412.886958  0.209598
tower_060_120_100      58.7769   -2.5935  100.4 408.489002  0.116165
tower_100_120_100      60.4745   14.7310  382.9 411.130424 -0.182505
tower_120_120_100      60.5207   23.7503  198.9 409.659611  0.303392
tower_140_120_100      60.0223   32.6572  130.8 411.734923 -0.199932
tower_020_140_100      59.0011  -21.9409  100.0 409.410094  1.529277
tower_040_140_100      61.2151  -14.2013  100.0 409.691625 -1.831050
tower_060_140_100      62.9721   -5.5391  100.0 410.532380  0.838492
tower_080_140_100      64.2065    3.9369  100.0 410.911500 -1.471572
tower_120_140_100      64.9168   24.2777  101.1 410.348051 -0.046561
tower_140_140_100      64.3592   34.3981  169.6 410.829222 -1.437498
