tower_020_020_100      34.8407   -4.6202 1192.6 416.772095  0.136999
tower_040_020_100      36.1314    0.4664  256.3 413.657272 -0.850898
tower_060_020_100      37.1299    5.7541  100.0 420.433590 -0.476554
tower_080_020_100      37.8168   11.1969  100.0 416.857487  0.399417
tower_100_020_100      38.1782   16.7394  100.0 415.779611 -0.979342
tower_020_040_100      38.9393   -6.4881  358.2 410.846308  1.800787
tower_060_040_100      41.4407    4.6095  100.0 417.397467  0.290311
tower_080_040_100      42.1935   10.4770  100.3 415.938479  0.637631
tower_100_040_100      42.5899   16.4702  100.0 416.429088  0.239295
tower_120_040_100      42.6209   22.5112 1154.5 401.977072 -1.848108
tower_140_040_100      42.2857   28.5181  100.0 407.542217 -1.142788
tower_040_060_100      44.5925   -2.8457  100.0 416.914225 -0.244943
tower_080_060_100      46.6149    9.6297 2207.5 417.192681  0.081580
tower_120_060_100      47.0845   22.7373  528.8 395.433554  1.829639
tower_140_060_100      46.7162   29.2780  196.6 417.665531 -0.842661
tower_020_080_100      47.1544  -11.1656  100.0 418.399777 -2.036605
tower_040_080_100      48.8364   -4.9441  100.0 416.118571 -1.619769
tower_060_080_100      50.1482    1.6766  149.2 420.487727  0.323281
tower_080_080_100      51.0565    8.6182  551.1 427.859336 -1.748740
tower_100_080_100      51.5363   15.7723  231.8 438.907095  0.433761
tower_120_080_100      51.5738   23.0082  265.8 402.350877 -0.146183
tower_140_080_100      51.1681   30.1858  211.2 423.114892 -1.343788
tower_020_100_100      51.2071  -14.1346  100.0 418.936129  0.518757
tower_040_100_100      53.0475   -7.4470  233.9 418.933066 -0.984179
tower_060_100_100      54.4890   -0.2414  109.8 418.674930 -0.567961
tower_080_100_100      55.4905    7.3902  100.0 418.183808 -0.325586
tower_100_100_100      56.0207   15.3087  102.3 418.299828  0.443021
tower_120_100_100      56.0623   23.3385  203.3 424.286814  0.583978
tower_140_100_100      55.6137   31.2889  269.1 416.580856 -0.212236
tower_020_120_100      55.1717  -17.6733  100.0 417.012510 -1.308241
tower_040_120_100      57.1884  -10.4758  100.0 418.592744 -0.594783
tower_060_120_100      58.7769   -2.5935  100.4 418.844912 -0.142367
tower_100_120_100      60.4745   14.7310  382.9 411.963230  0.210161
tower_120_120_100      60.5207   23.7503  198.9 413.274688 -0.550541
tower_140_120_100      60.0223   32.6572  130.8 414.447640 -0.428053
tower_020_140_100      59.0011  -21.9409  100.0 416.929071 -2.428834
tower_040_140_100      61.2151  -14.2013  100.0 417.842859  0.279818
tower_060_140_100      62.9721   -5.5391  100.0 419.074768 -0.748537
tower_080_140_100      64.2065    3.9369  100.0 418.416293 -0.342586
tower_120_140_100      64.9168   24.2777  101.1 415.318112 -1.046704
tower_140_140_100      64.3592   34.3981  169.6 407.373103  0.720301
