tower_020_020_100      34.8407   -4.6202 1192.6 410.733072  0.472309
tower_040_020_100      36.1314    0.4664  256.3 410.338134  0.523395
tower_060_020_100      37.1299    5.7541  100.0 414.546270 -0.696144
tower_080_020_100      37.8168   11.1969  100.0 412.191318  0.618061
tower_100_020_100      38.1782   16.7394  100.0 414.683907 -1.583193
tower_020_040_100      38.9393   -6.4881  358.2 404.667609 -0.418113
tower_060_040_100      41.4407    4.6095  100.0 413.306524  0.418512
tower_080_040_100      42.1935   10.4770  100.3 412.302904  0.792590
tower_100_040_100      42.5899   16.4702  100.0 423.954500 -0.033261
tower_120_040_100      42.6209   22.5112 1154.5 442.824398  0.057669
tower_140_040_100      42.2857   28.5181  100.0 420.214434  1.040116
tower_040_060_100      44.5925   -2.8457  100.0 407.400421  1.099759
tower_080_060_100      46.6149    9.6297 2207.5 411.598218 -0.103088
tower_120_060_100      47.0845   22.7373  528.8 474.023816 -0.285021
tower_140_060_100      46.7162   29.2780  196.6 408.764104  0.518103
tower_020_080_100      47.1544  -11.1656  100.0 412.807369 -0.534035
tower_040_080_100      48.8364   -4.9441  100.0 406.970750 -1.087855
tower_060_080_100      50.1482    1.6766  149.2 413.153805  0.687124
tower_080_080_100      51.0565    8.6182  551.1 408.507791 -0.411324
tower_100_080_100      51.5363   15.7723  231.8 426.506454  0.478721
tower_120_080_100      51.5738   23.0082  265.8 438.877350  1.345811
tower_140_080_100      51.1681   30.1858  211.2 427.141883  0.731877
tower_020_100_100      51.2071  -14.1346  100.0 407.841397  0.216135
tower_040_100_100      53.0475   -7.4470  233.9 413.382445  1.651479
tower_060_100_100      54.4890   -0.2414  109.8 414.690056 -0.166605
tower_080_100_100      55.4905    7.3902  100.0 410.798833  0.018321
tower_100_100_100      56.0207   15.3087  102.3 416.632353 -0.372499
tower_120_100_100      56.0623   23.3385  203.3 411.484835  0.953602
tower_140_100_100      55.6137   31.2889  269.1 416.959987  1.477010
tower_020_120_100      55.1717  -17.6733  100.0 413.870155  0.033445
tower_040_120_100      57.1884  -10.4758  100.0 412.212644  0.653961
tower_060_120_100      58.7769   -2.5935  100.4 409.623051 -0.209277
tower_100_120_100      60.4745   14.7310  382.9 412.781684  0.410631
tower_120_120_100      60.5207   23.7503  198.9 415.386944 -1.390183
tower_140_120_100      60.0223   32.6572  130.8 412.406858 -1.016192
tower_020_140_100      59.0011  -21.9409  100.0 411.386495  0.650657
tower_040_140_100      61.2151  -14.2013  100.0 408.668228  0.723536
tower_060_140_100      62.9721   -5.5391  100.0 410.411652  0.523229
tower_080_140_100      64.2065    3.9369  100.0 410.947327  0.108144
tower_120_140_100      64.9168   24.2777  101.1 413.259754 -1.151935
tower_140_140_100      64.3592   34.3981  169.6 413.153060 -0.999796
