tower_020_020_100      34.8407   -4.6202 1192.6 412.594723 -1.248418
tower_040_020_100      36.1314    0.4664  256.3 406.104313 -0.553991
tower_060_020_100      37.1299    5.7541  100.0 409.634331  0.438265
tower_080_020_100      37.8168   11.1969  100.0 411.732748  0.079406
tower_100_020_100      38.1782   16.7394  100.0 424.504858 -0.347380
tower_020_040_100      38.9393   -6.4881  358.2 399.464840 -1.684668
tower_060_040_100      41.4407    4.6095  100.0 410.343559 -0.205141
tower_080_040_100      42.1935   10.4770  100.3 416.052983 -1.317924
tower_100_040_100      42.5899   16.4702  100.0 445.051024  0.422266
tower_120_040_100      42.6209   22.5112 1154.5 408.183121  0.174234
tower_140_040_100      42.2857   28.5181  100.0 413.659621 -0.640421
tower_040_060_100      44.5925   -2.8457  100.0 411.224711 -0.794158
tower_080_060_100      46.6149    9.6297 2207.5 410.128445  1.449683
tower_120_060_100      47.0845   22.7373  528.8 409.150723  0.525741
tower_140_060_100      46.7162   29.2780  196.6 422.045389 -1.151267
tower_020_080_100      47.1544  -11.1656  100.0 408.697013 -1.199203
tower_040_080_100      48.8364   -4.9441  100.0 408.796267  0.454300
tower_060_080_100      50.1482    1.6766  149.2 407.952965 -0.612197
tower_080_080_100      51.0565    8.6182  551.1 407.346991 -0.132906
tower_100_080_100      51.5363   15.7723  231.8 408.511366 -0.789254
tower_120_080_100      51.5738   23.0082  265.8 423.740240 -1.173548
tower_140_080_100      51.1681   30.1858  211.2 420.659664  0.116606
tower_020_100_100      51.2071  -14.1346  100.0 408.994323 -0.146942
tower_040_100_100      53.0475   -7.4470  233.9 408.967682  0.337782
tower_060_100_100      54.4890   -0.2414  109.8 408.021363  0.014914
tower_080_100_100      55.4905    7.3902  100.0 409.158185  0.598949
tower_100_100_100      56.0207   15.3087  102.3 403.015742 -2.168772
tower_120_100_100      56.0623   23.3385  203.3 406.660253  1.413556
tower_140_100_100      55.6137   31.2889  269.1 427.244386  0.536542
tower_020_120_100      55.1717  -17.6733  100.0 408.993897 -0.702591
tower_040_120_100      57.1884  -10.4758  100.0 409.055633  1.106559
tower_060_120_100      58.7769   -2.5935  100.4 409.441770  1.966303
tower_100_120_100      60.4745   14.7310  382.9 410.057733 -0.936143
tower_120_120_100      60.5207   23.7503  198.9 408.440670 -0.383485
tower_140_120_100      60.0223   32.6572  130.8 410.314657 -1.222811
tower_020_140_100      59.0011  -21.9409  100.0 409.465973  2.560729
tower_040_140_100      61.2151  -14.2013  100.0 409.930784 -0.792128
tower_060_140_100      62.9721   -5.5391  100.0 410.029365 -0.026715
tower_080_140_100      64.2065    3.9369  100.0 409.522217 -0.263363
tower_120_140_100      64.9168   24.2777  101.1 413.267959  0.398925
tower_140_140_100      64.3592   34.3981  169.6 408.036668 -0.738329
