tower_020_020_100      34.8407   -4.6202 1192.6 405.979380 -0.299955
tower_040_020_100      36.1314    0.4664  256.3 406.791823  0.569096
tower_060_020_100      37.1299    5.7541  100.0 412.029239  0.171772
tower_080_020_100      37.8168   11.1969  100.0 418.272283  0.552475
tower_100_020_100      38.1782   16.7394  100.0 417.432740  0.627665
tower_020_040_100      38.9393   -6.4881  358.2 406.090007  1.509878
tower_060_040_100      41.4407    4.6095  100.0 410.879503 -0.580770
tower_080_040_100      42.1935   10.4770  100.3 420.494615 -2.504632
tower_100_040_100      42.5899   16.4702  100.0 433.677948  2.096397
tower_120_040_100      42.6209   22.5112 1154.5 406.200271  0.600930
tower_140_040_100      42.2857   28.5181  100.0 408.234822  1.432027
tower_040_060_100      44.5925   -2.8457  100.0 409.517388  0.582886
tower_080_060_100      46.6149    9.6297 2207.5 409.799173  0.186701
tower_120_060_100      47.0845   22.7373  528.8 426.705805  1.437043
tower_140_060_100      46.7162   29.2780  196.6 416.222685  0.283944
tower_020_080_100      47.1544  -11.1656  100.0 410.585752  1.068336
tower_040_080_100      48.8364   -4.9441  100.0 411.582300  1.588714
tower_060_080_100      50.1482    1.6766  149.2 412.773925  1.403907
tower_080_080_100      51.0565    8.6182  551.1 406.845576  1.064931
tower_100_080_100      51.5363   15.7723  231.8 414.453109  1.405771
tower_120_080_100      51.5738   23.0082  265.8 411.114033  0.027617
tower_140_080_100      51.1681   30.1858  211.2 418.534892 -1.739096
tower_020_100_100      51.2071  -14.1346  100.0 407.945177  0.030413
tower_040_100_100      53.0475   -7.4470  233.9 407.387366  1.411619
tower_060_100_100      54.4890   -0.2414  109.8 410.168823  1.964358
tower_080_100_100      55.4905    7.3902  100.0 409.547878  0.064902
tower_100_100_100      56.0207   15.3087  102.3 412.814032  0.347269
tower_120_100_100      56.0623   23.3385  203.3 410.274326  1.431559
tower_140_100_100      55.6137   31.2889  269.1 410.707438 -0.793628
tower_020_120_100      55.1717  -17.6733  100.0 405.750314 -0.294978
tower_040_120_100      57.1884  -10.4758  100.0 410.302275 -0.806365
tower_060_120_100      58.7769   -2.5935  100.4 412.316988 -0.541616
tower_100_120_100      60.4745   14.7310  382.9 409.659144 -3.243544
tower_120_120_100      60.5207   23.7503  198.9 414.167799  0.607806
tower_140_120_100      60.0223   32.6572  130.8 411.121009 -0.615617
tower_020_140_100      59.0011  -21.9409  100.0 411.048156  0.661381
tower_040_140_100      61.2151  -14.2013  100.0 412.478759 -0.086141
tower_060_140_100      62.9721   -5.5391  100.0 412.973055 -1.056774
tower_080_140_100      64.2065    3.9369  100.0 409.812728  1.764848
tower_120_140_100      64.9168   24.2777  101.1 412.999972  0.378582
tower_140_140_100      64.3592   34.3981  169.6 412.462430  0.259675
