tower_020_020_100      34.8407   -4.6202 1192.6 410.678926 -0.095181
tower_040_020_100      36.1314    0.4664  256.3 413.015581  0.169490
tower_060_020_100      37.1299    5.7541  100.0 412.503909  1.081785
tower_080_020_100      37.8168   11.1969  100.0 411.187227 -0.381703
tower_100_020_100      38.1782   16.7394  100.0 413.668968 -1.131489
tower_020_040_100      38.9393   -6.4881  358.2 411.925358 -1.602690
tower_060_040_100      41.4407    4.6095  100.0 413.586172  2.000598
tower_080_040_100      42.1935   10.4770  100.3 409.906280 -0.098018
tower_100_040_100      42.5899   16.4702  100.0 413.776650 -0.902284
tower_120_040_100      42.6209   22.5112 1154.5 405.787393 -0.242372
tower_140_040_100      42.2857   28.5181  100.0 406.067878 -0.327095
tower_040_060_100      44.5925   -2.8457  100.0 411.431886 -1.369833
tower_080_060_100      46.6149    9.6297 2207.5 409.851254 -0.434174
tower_120_060_100      47.0845   22.7373  528.8 410.915541  0.164025
tower_140_060_100      46.7162   29.2780  196.6 404.167201 -0.611836
tower_020_080_100      47.1544  -11.1656  100.0 413.545530  0.389460
tower_040_080_100      48.8364   -4.9441  100.0 412.206633 -0.207991
tower_060_080_100      50.1482    1.6766  149.2 404.380214  0.736199
tower_080_080_100      51.0565    8.6182  551.1 406.865602  2.312865
tower_100_080_100      51.5363   15.7723  231.8 401.948905 -1.252055
tower_120_080_100      51.5738   23.0082  265.8 417.454284 -0.110423
tower_140_080_100      51.1681   30.1858  211.2 406.078229 -1.022363
tower_020_100_100      51.2071  -14.1346  100.0 411.051177 -2.643666
tower_040_100_100      53.0475   -7.4470  233.9 410.547518 -1.161214
tower_060_100_100      54.4890   -0.2414  109.8 409.444535 -0.584454
tower_080_100_100      55.4905    7.3902  100.0 411.558229  0.644710
tower_100_100_100      56.0207   15.3087  102.3 431.228729 -0.200136
tower_120_100_100      56.0623   23.3385  203.3 410.920031  0.985340
tower_140_100_100      55.6137   31.2889  269.1 409.183946  0.919860
tower_020_120_100      55.1717  -17.6733  100.0 410.705937  0.033526
tower_040_120_100      57.1884  -10.4758  100.0 411.823089  0.868960
tower_060_120_100      58.7769   -2.5935  100.4 409.382409 -1.567831
tower_100_120_100      60.4745   14.7310  382.9 410.206634  1.977978
tower_120_120_100      60.5207   23.7503  198.9 410.631197 -2.009753
tower_140_120_100      60.0223   32.6572  130.8 411.041871 -0.955715
tower_020_140_100      59.0011  -21.9409  100.0 409.991059  0.476874
tower_040_140_100      61.2151  -14.2013  100.0 410.890258  0.347942
tower_060_140_100      62.9721   -5.5391  100.0 410.754761 -0.694743
tower_080_140_100      64.2065    3.9369  100.0 411.209162 -1.243926
tower_120_140_100      64.9168   24.2777  101.1 408.054917  0.568099
tower_140_140_100      64.3592   34.3981  169.6 409.315389 -1.581446
