tower_020_020_100      34.8407   -4.6202 1192.6 415.123522  2.448697
tower_040_020_100      36.1314    0.4664  256.3 414.215706 -1.993726
tower_060_020_100      37.1299    5.7541  100.0 415.984814 -0.940069
tower_080_020_100      37.8168   11.1969  100.0 415.613801 -0.666431
tower_100_020_100      38.1782   16.7394  100.0 419.904530 -1.753362
tower_020_040_100      38.9393   -6.4881  358.2 411.603964 -0.554669
tower_060_040_100      41.4407    4.6095  100.0 416.634871 -0.651338
tower_080_040_100      42.1935   10.4770  100.3 416.804804 -0.339928
tower_100_040_100      42.5899   16.4702  100.0 418.260861 -2.119587
tower_120_040_100      42.6209   22.5112 1154.5 412.722807 -1.449040
tower_140_040_100      42.2857   28.5181  100.0 432.443349  0.201816
tower_040_060_100      44.5925   -2.8457  100.0 414.010996 -1.788170
tower_080_060_100      46.6149    9.6297 2207.5 413.510020 -1.912058
tower_120_060_100      47.0845   22.7373  528.8 406.545774  0.563554
tower_140_060_100      46.7162   29.2780  196.6 434.815724 -0.936190
tower_020_080_100      47.1544  -11.1656  100.0 414.880829 -0.319330
tower_040_080_100      48.8364   -4.9441  100.0 412.732996  0.070414
tower_060_080_100      50.1482    1.6766  149.2 416.627126  0.650700
tower_080_080_100      51.0565    8.6182  551.1 416.658420 -1.482827
tower_100_080_100      51.5363   15.7723  231.8 442.162747  1.034584
tower_120_080_100      51.5738   23.0082  265.8 427.597024 -0.129721
tower_140_080_100      51.1681   30.1858  211.2 414.352796 -0.325548
tower_020_100_100      51.2071  -14.1346  100.0 414.132662 -0.564730
tower_040_100_100      53.0475   -7.4470  233.9 414.263170  0.082220
tower_060_100_100      54.4890   -0.2414  109.8 414.855384 -0.367955
tower_080_100_100      55.4905    7.3902  100.0 415.226099 -1.106140
tower_100_100_100      56.0207   15.3087  102.3 428.616493 -0.047865
tower_120_100_100      56.0623   23.3385  203.3 424.903716 -0.144125
tower_140_100_100      55.6137   31.2889  269.1 417.431148 -0.154053
tower_020_120_100      55.1717  -17.6733  100.0 411.490633 -1.244402
tower_040_120_100      57.1884  -10.4758  100.0 413.093107  0.404662
tower_060_120_100      58.7769   -2.5935  100.4 414.406071  0.378374
tower_100_120_100      60.4745   14.7310  382.9 417.529986 -0.479765
tower_120_120_100      60.5207   23.7503  198.9 418.365249  0.024808
tower_140_120_100      60.0223   32.6572  130.8 402.428631  0.216374
tower_020_140_100      59.0011  -21.9409  100.0 412.803076 -0.476835
tower_040_140_100      61.2151  -14.2013  100.0 414.651797  0.608192
tower_060_140_100      62.9721   -5.5391  100.0 415.169953  0.277718
tower_080_140_100      64.2065    3.9369  100.0 415.006835  0.284966
tower_120_140_100      64.9168   24.2777  101.1 425.504435  1.422827
tower_140_140_100      64.3592   34.3981  169.6 415.322606 -0.646569
