tower_020_020_100      34.8407   -4.6202 1192.6 411.386260 -1.403769
tower_040_020_100      36.1314    0.4664  256.3 410.363885  1.704852
tower_060_020_100      37.1299    5.7541  100.0 408.798119  1.176513
tower_080_020_100      37.8168   11.1969  100.0 411.763545 -0.337409
tower_100_020_100      38.1782   16.7394  100.0 411.522893  0.353653
tower_020_040_100      38.9393   -6.4881  358.2 411.279466  0.980980
tower_060_040_100      41.4407    4.6095  100.0 412.251839  0.572535
tower_080_040_100      42.1935   10.4770  100.3 414.340668  1.027722
tower_100_040_100      42.5899   16.4702  100.0 413.025025 -0.584935
tower_120_040_100      42.6209   22.5112 1154.5 408.403613 -0.231479
tower_140_040_100      42.2857   28.5181  100.0 409.886627  0.522476
tower_040_060_100      44.5925   -2.8457  100.0 412.057895 -1.277443
tower_080_060_100      46.6149    9.6297 2207.5 412.898895 -0.496180
tower_120_060_100      47.0845   22.7373  528.8 417.987450 -1.387062
tower_140_060_100      46.7162   29.2780  196.6 409.008826 -0.424109
tower_020_080_100      47.1544  -11.1656  100.0 409.676694  0.183955
tower_040_080_100      48.8364   -4.9441  100.0 408.999085 -0.521215
tower_060_080_100      50.1482    1.6766  149.2 405.669269  1.016601
tower_080_080_100      51.0565    8.6182  551.1 401.917259  0.992381
tower_100_080_100      51.5363   15.7723  231.8 411.248423 -1.263540
tower_120_080_100      51.5738   23.0082  265.8 415.742595  0.148781
tower_140_080_100      51.1681   30.1858  211.2 408.685522 -0.074577
tower_020_100_100      51.2071  -14.1346  100.0 408.888427 -0.665827
tower_040_100_100      53.0475   -7.4470  233.9 407.880063 -0.409489
tower_060_100_100      54.4890   -0.2414  109.8 408.009164  0.354875
tower_080_100_100      55.4905    7.3902  100.0 406.134180  0.092732
tower_100_100_100      56.0207   15.3087  102.3 405.907939 -0.229457
tower_120_100_100      56.0623   23.3385  203.3 411.874578  0.108955
tower_140_100_100      55.6137   31.2889  269.1 410.671973 -1.814760
tower_020_120_100      55.1717  -17.6733  100.0 409.218716 -0.031447
tower_040_120_100      57.1884  -10.4758  100.0 408.851227 -0.540124
tower_060_120_100      58.7769   -2.5935  100.4 408.454639  0.288591
tower_100_120_100      60.4745   14.7310  382.9 415.004606 -0.884005
tower_120_120_100      60.5207   23.7503  198.9 410.308265  0.206431
tower_140_120_100      60.0223   32.6572  130.8 407.714633  0.192037
tower_020_140_100      59.0011  -21.9409  100.0 409.465454 -1.105328
tower_040_140_100      61.2151  -14.2013  100.0 408.841646 -0.223803
tower_060_140_100      62.9721   -5.5391  100.0 409.181826 -0.428462
tower_080_140_100      64.2065    3.9369  100.0 410.130616  0.313899
tower_120_140_100      64.9168   24.2777  101.1 410.913965 -1.464174
tower_140_140_100      64.3592   34.3981  169.6 408.337779 -0.640183
