tower_020_020_100      34.8407   -4.6202 1192.6 414.710704 -1.003842
tower_040_020_100      36.1314    0.4664  256.3 411.712752  0.749492
tower_060_020_100      37.1299    5.7541  100.0 414.643750  0.181766
tower_080_020_100      37.8168   11.1969  100.0 415.085847  0.230202
tower_100_020_100      38.1782   16.7394  100.0 422.038987 -1.066098
tower_020_040_100      38.9393   -6.4881  358.2 408.703163  2.294609
tower_060_040_100      41.4407    4.6095  100.0 414.647321 -0.050353
tower_080_040_100      42.1935   10.4770  100.3 423.282164  0.896522
tower_100_040_100      42.5899   16.4702  100.0 447.909774  0.261987
tower_120_040_100      42.6209   22.5112 1154.5 426.904664  0.099432
tower_140_040_100      42.2857   28.5181  100.0 439.175982  0.335778
tower_040_060_100      44.5925   -2.8457  100.0 413.249452  0.118554
tower_080_060_100      46.6149    9.6297 2207.5 416.542460 -0.590111
tower_120_060_100      47.0845   22.7373  528.8 423.294341 -0.574888
tower_140_060_100      46.7162   29.2780  196.6 414.111574  0.674344
tower_020_080_100      47.1544  -11.1656  100.0 412.346806  0.139216
tower_040_080_100      48.8364   -4.9441  100.0 413.369689 -0.315220
tower_060_080_100      50.1482    1.6766  149.2 421.386005  1.534051
tower_080_080_100      51.0565    8.6182  551.1 427.279577 -0.889053
tower_100_080_100      51.5363   15.7723  231.8 439.221960 -1.356937
tower_120_080_100      51.5738   23.0082  265.8 481.432238  1.275280
tower_140_080_100      51.1681   30.1858  211.2 422.145357  0.088682
tower_020_100_100      51.2071  -14.1346  100.0 412.594057  1.448116
tower_040_100_100      53.0475   -7.4470  233.9 416.693779 -0.522569
tower_060_100_100      54.4890   -0.2414  109.8 415.863880  1.021543
tower_080_100_100      55.4905    7.3902  100.0 413.780354 -3.127568
tower_100_100_100      56.0207   15.3087  102.3 412.833535 -0.589416
tower_120_100_100      56.0623   23.3385  203.3 410.727542 -0.979266
tower_140_100_100      55.6137   31.2889  269.1 414.444566 -2.112668
tower_020_120_100      55.1717  -17.6733  100.0 412.699553  0.594324
tower_040_120_100      57.1884  -10.4758  100.0 412.742646  1.220387
tower_060_120_100      58.7769   -2.5935  100.4 414.110961  0.595019
tower_100_120_100      60.4745   14.7310  382.9 412.834364  0.939705
tower_120_120_100      60.5207   23.7503  198.9 410.961543 -0.556251
tower_140_120_100      60.0223   32.6572  130.8 409.130401  0.868425
tower_020_140_100      59.0011  -21.9409  100.0 412.293182 -0.229853
tower_040_140_100      61.2151  -14.2013  100.0 412.082100  1.158861
tower_060_140_100      62.9721   -5.5391  100.0 414.203583 -0.182855
tower_080_140_100      64.2065    3.9369  100.0 411.208971 -0.959580
tower_120_140_100      64.9168   24.2777  101.1 414.645534  0.115388
tower_140_140_100      64.3592   34.3981  169.6 406.672899 -1.074393
