tower_020_020_100      34.8407   -4.6202 1192.6 414.062751  0.437210
tower_040_020_100      36.1314    0.4664  256.3 401.222274  1.416941
tower_060_020_100      37.1299    5.7541  100.0 397.698609 -0.627337
tower_080_020_100      37.8168   11.1969  100.0 417.479102  0.425160
tower_100_020_100      38.1782   16.7394  100.0 417.302038 -0.356462
tower_020_040_100      38.9393   -6.4881  358.2 409.583382 -0.614104
tower_060_040_100      41.4407    4.6095  100.0 410.586828 -1.805014
tower_080_040_100      42.1935   10.4770  100.3 415.495859 -1.818092
tower_100_040_100      42.5899   16.4702  100.0 433.271730 -0.356469
tower_120_040_100      42.6209   22.5112 1154.5 409.228659 -0.745479
tower_140_040_100      42.2857   28.5181  100.0 410.868470 -0.009951
tower_040_060_100      44.5925   -2.8457  100.0 409.038026 -1.193389
tower_080_060_100      46.6149    9.6297 2207.5 412.595367  0.494696
tower_120_060_100      47.0845   22.7373  528.8 414.988651  1.032977
tower_140_060_100      46.7162   29.2780  196.6 410.391721 -0.353951
tower_020_080_100      47.1544  -11.1656  100.0 408.813424 -0.241929
tower_040_080_100      48.8364   -4.9441  100.0 410.937848  0.153079
tower_060_080_100      50.1482    1.6766  149.2 412.495555 -0.291839
tower_080_080_100      51.0565    8.6182  551.1 411.613489  0.895536
tower_100_080_100      51.5363   15.7723  231.8 406.080166  0.243601
tower_120_080_100      51.5738   23.0082  265.8 413.778496 -0.529890
tower_140_080_100      51.1681   30.1858  211.2 412.098208  0.349189
tower_020_100_100      51.2071  -14.1346  100.0 410.575284  0.078084
tower_040_100_100      53.0475   -7.4470  233.9 411.448865 -0.016435
tower_060_100_100      54.4890   -0.2414  109.8 409.788825 -0.146750
tower_080_100_100      55.4905    7.3902  100.0 412.176297  0.829041
tower_100_100_100      56.0207   15.3087  102.3 408.856877 -1.086418
tower_120_100_100      56.0623   23.3385  203.3 406.759880  0.584548
tower_140_100_100      55.6137   31.2889  269.1 410.508757  1.207854
tower_020_120_100      55.1717  -17.6733  100.0 408.517274  0.481724
tower_040_120_100      57.1884  -10.4758  100.0 407.937322  0.001148
tower_060_120_100      58.7769   -2.5935  100.4 412.099879  0.129505
tower_100_120_100      60.4745   14.7310  382.9 407.767995  0.216473
tower_120_120_100      60.5207   23.7503  198.9 408.670723  1.886711
tower_140_120_100      60.0223   32.6572  130.8 410.262571  1.277201
tower_020_140_100      59.0011  -21.9409  100.0 408.946163 -0.484684
tower_040_140_100      61.2151  -14.2013  100.0 408.139135 -1.055242
tower_060_140_100      62.9721   -5.5391  100.0 412.006651  1.224833
tower_080_140_100      64.2065    3.9369  100.0 412.129000  1.261965
tower_120_140_100      64.9168   24.2777  101.1 410.385706 -0.062368
tower_140_140_100      64.3592   34.3981  169.6 411.468861 -0.730045
