tower_020_020_100      34.8407   -4.6202 1192.6 418.898033  0.108546
tower_040_020_100      36.1314    0.4664  256.3 416.530887 -1.843024
tower_060_020_100      37.1299    5.7541  100.0 417.674124  1.599176
tower_080_020_100      37.8168   11.1969  100.0 416.881691  0.792705
tower_100_020_100      38.1782   16.7394  100.0 410.525787  0.169303
tower_020_040_100      38.9393   -6.4881  358.2 417.467623  1.234448
tower_060_040_100      41.4407    4.6095  100.0 417.967676 -2.074455
tower_080_040_100      42.1935   10.4770  100.3 416.985812  0.899633
tower_100_040_100      42.5899   16.4702  100.0 414.177509  1.139037
tower_120_040_100      42.6209   22.5112 1154.5 402.131503 -0.549393
tower_140_040_100      42.2857   28.5181  100.0 406.702961 -0.762608
tower_040_060_100      44.5925   -2.8457  100.0 417.255594 -0.994786
tower_080_060_100      46.6149    9.6297 2207.5 416.194670 -0.161640
tower_120_060_100      47.0845   22.7373  528.8 389.755586  1.622837
tower_140_060_100      46.7162   29.2780  196.6 405.288541 -0.148574
tower_020_080_100      47.1544  -11.1656  100.0 418.350433  0.778679
tower_040_080_100      48.8364   -4.9441  100.0 417.550075  0.232907
tower_060_080_100      50.1482    1.6766  149.2 416.358901  0.017303
tower_080_080_100      51.0565    8.6182  551.1 412.255571 -0.223021
tower_100_080_100      51.5363   15.7723  231.8 412.828029  0.553076
tower_120_080_100      51.5738   23.0082  265.8 389.319154 -0.727951
tower_140_080_100      51.1681   30.1858  211.2 412.177458 -0.083089
tower_020_100_100      51.2071  -14.1346  100.0 418.821677  0.714098
tower_040_100_100      53.0475   -7.4470  233.9 416.265718  1.682448
tower_060_100_100      54.4890   -0.2414  109.8 417.480992 -1.663363
tower_080_100_100      55.4905    7.3902  100.0 418.419371 -1.703269
tower_100_100_100      56.0207   15.3087  102.3 414.043952 -1.416192
tower_120_100_100      56.0623   23.3385  203.3 407.537946  0.839975
tower_140_100_100      55.6137   31.2889  269.1 412.073039 -1.204514
tower_020_120_100      55.1717  -17.6733  100.0 416.699065 -0.823245
tower_040_120_100      57.1884  -10.4758  100.0 416.930328  0.058414
tower_060_120_100      58.7769   -2.5935  100.4 417.888162 -0.584255
tower_100_120_100      60.4745   14.7310  382.9 416.512296  0.176537
tower_120_120_100      60.5207   23.7503  198.9 411.396368 -0.529647
tower_140_120_100      60.0223   32.6572  130.8 412.679106  0.945472
tower_020_140_100      59.0011  -21.9409  100.0 416.396228 -1.472465
tower_040_140_100      61.2151  -14.2013  100.0 415.274344 -0.544754
tower_060_140_100      62.9721   -5.5391  100.0 418.639557 -0.168591
tower_080_140_100      64.2065    3.9369  100.0 418.714173 -0.802918
tower_120_140_100      64.9168   24.2777  101.1 411.874049 -0.814914
tower_140_140_100      64.3592   34.3981  169.6 411.521035 -0.222963
