tower_020_020_100      34.8407   -4.6202 1192.6 418.245664  0.341079
tower_040_020_100      36.1314    0.4664  256.3 406.842990 -2.127735
tower_060_020_100      37.1299    5.7541  100.0 411.075447 -0.446296
tower_080_020_100      37.8168   11.1969  100.0 412.800752  0.968995
tower_100_020_100      38.1782   16.7394  100.0 416.762793 -0.938361
tower_020_040_100      38.9393   -6.4881  358.2 407.812521 -0.177312
tower_060_040_100      41.4407    4.6095  100.0 412.728754  1.354682
tower_080_040_100      42.1935   10.4770  100.3 415.999993 -0.440729
tower_100_040_100      42.5899   16.4702  100.0 419.249747  0.201875
tower_120_040_100      42.6209   22.5112 1154.5 412.445915  0.101478
tower_140_040_100      42.2857   28.5181  100.0 407.545874 -0.757804
tower_040_060_100      44.5925   -2.8457  100.0 412.970343 -0.257108
tower_080_060_100      46.6149    9.6297 2207.5 411.949437 -0.038577
tower_120_060_100      47.0845   22.7373  528.8 431.290462 -0.181454
tower_140_060_100      46.7162   29.2780  196.6 402.948787 -0.216663
tower_020_080_100      47.1544  -11.1656  100.0 413.950917 -0.638616
tower_040_080_100      48.8364   -4.9441  100.0 409.963015  1.187870
tower_060_080_100      50.1482    1.6766  149.2 411.843831  2.289541
tower_080_080_100      51.0565    8.6182  551.1 412.807015  0.097572
tower_100_080_100      51.5363   15.7723  231.8 416.304756 -1.300733
tower_120_080_100      51.5738   23.0082  265.8 405.872467  0.567259
tower_140_080_100      51.1681   30.1858  211.2 406.603005  0.987256
tower_020_100_100      51.2071  -14.1346  100.0 410.668061  0.433207
tower_040_100_100      53.0475   -7.4470  233.9 411.077607  0.698969
tower_060_100_100      54.4890   -0.2414  109.8 413.068008 -1.672135
tower_080_100_100      55.4905    7.3902  100.0 413.421111  0.411161
tower_100_100_100      56.0207   15.3087  102.3 415.375313  0.426477
tower_120_100_100      56.0623   23.3385  203.3 406.722126  0.248749
tower_140_100_100      55.6137   31.2889  269.1 409.056530 -1.302845
tower_020_120_100      55.1717  -17.6733  100.0 411.790497 -1.092936
tower_040_120_100      57.1884  -10.4758  100.0 412.509033  0.238117
tower_060_120_100      58.7769   -2.5935  100.4 410.741733 -1.148462
tower_100_120_100      60.4745   14.7310  382.9 413.135051  0.126726
tower_120_120_100      60.5207   23.7503  198.9 410.864513 -0.884051
tower_140_120_100      60.0223   32.6572  130.8 411.215602  1.806305
tower_020_140_100      59.0011  -21.9409  100.0 412.700654 -0.437764
tower_040_140_100      61.2151  -14.2013  100.0 412.718659  0.605099
tower_060_140_100      62.9721   -5.5391  100.0 412.331361  1.929105
tower_080_140_100      64.2065    3.9369  100.0 410.882990  1.140375
tower_120_140_100      64.9168   24.2777  101.1 409.270477 -0.775989
tower_140_140_100      64.3592   34.3981  169.6 411.455161  2.222052
