tower_020_020_100      34.8407   -4.6202 1192.6 415.589052  0.468971
tower_040_020_100      36.1314    0.4664  256.3 416.619090 -0.168775
tower_060_020_100      37.1299    5.7541  100.0 414.506908  2.036247
tower_080_020_100      37.8168   11.1969  100.0 417.741852 -0.139958
tower_100_020_100      38.1782   16.7394  100.0 416.203626 -1.636167
tower_020_040_100      38.9393   -6.4881  358.2 405.446070  1.741067
tower_060_040_100      41.4407    4.6095  100.0 412.596817  0.238281
tower_080_040_100      42.1935   10.4770  100.3 415.354804  1.142035
tower_100_040_100      42.5899   16.4702  100.0 420.425768 -0.530294
tower_120_040_100      42.6209   22.5112 1154.5 404.712961 -1.286649
tower_140_040_100      42.2857   28.5181  100.0 414.318556 -0.421294
tower_040_060_100      44.5925   -2.8457  100.0 417.063618  0.339925
tower_080_060_100      46.6149    9.6297 2207.5 414.273673 -0.425543
tower_120_060_100      47.0845   22.7373  528.8 398.101141 -0.593431
tower_140_060_100      46.7162   29.2780  196.6 414.045460  0.664130
tower_020_080_100      47.1544  -11.1656  100.0 418.284730  1.623338
tower_040_080_100      48.8364   -4.9441  100.0 417.996001  0.027170
tower_060_080_100      50.1482    1.6766  149.2 420.096223  0.822059
tower_080_080_100      51.0565    8.6182  551.1 417.712247 -0.951557
tower_100_080_100      51.5363   15.7723  231.8 424.069411  0.084833
tower_120_080_100      51.5738   23.0082  265.8 441.165204 -0.240091
tower_140_080_100      51.1681   30.1858  211.2 411.230736 -0.221597
tower_020_100_100      51.2071  -14.1346  100.0 415.224135 -2.112618
tower_040_100_100      53.0475   -7.4470  233.9 416.831602  0.849006
tower_060_100_100      54.4890   -0.2414  109.8 420.490776 -1.204431
tower_080_100_100      55.4905    7.3902  100.0 418.355709  0.142063
tower_100_100_100      56.0207   15.3087  102.3 419.988377 -1.040301
tower_120_100_100      56.0623   23.3385  203.3 422.133726 -0.586682
tower_140_100_100      55.6137   31.2889  269.1 412.007581 -0.096055
tower_020_120_100      55.1717  -17.6733  100.0 417.493873 -1.035317
tower_040_120_100      57.1884  -10.4758  100.0 417.825836 -0.618622
tower_060_120_100      58.7769   -2.5935  100.4 417.480715 -0.277080
tower_100_120_100      60.4745   14.7310  382.9 417.343386  0.089056
tower_120_120_100      60.5207   23.7503  198.9 416.180227  0.667217
tower_140_120_100      60.0223   32.6572  130.8 414.863838  0.260758
tower_020_140_100      59.0011  -21.9409  100.0 417.909242 -0.537806
tower_040_140_100      61.2151  -14.2013  100.0 417.929412  1.255389
tower_060_140_100      62.9721   -5.5391  100.0 417.489196  0.051987
tower_080_140_100      64.2065    3.9369  100.0 417.253623 -1.297919
tower_120_140_100      64.9168   24.2777  101.1 417.129306  0.323766
tower_140_140_100      64.3592   34.3981  169.6 414.595342  0.391155
