tower_020_020_100      34.8407   -4.6202 1192.6 411.330980  0.217772
tower_040_020_100      36.1314    0.4664  256.3 410.793176  1.283162
tower_060_020_100      37.1299    5.7541  100.0 411.333267  0.098614
tower_080_020_100      37.8168   11.1969  100.0 413.875586 -0.564340
tower_100_020_100      38.1782   16.7394  100.0 411.013664 -1.307542
tower_020_040_100      38.9393   -6.4881  358.2 412.158281  0.543480
tower_060_040_100      41.4407    4.6095  100.0 414.313552  0.656465
tower_080_040_100      42.1935   10.4770  100.3 413.516378  1.535278
tower_100_040_100      42.5899   16.4702  100.0 415.253112 -0.593175
tower_120_040_100      42.6209   22.5112 1154.5 405.878896 -0.418878
tower_140_040_100      42.2857   28.5181  100.0 420.835652  0.541660
tower_040_060_100      44.5925   -2.8457  100.0 416.047341 -1.358075
tower_080_060_100      46.6149    9.6297 2207.5 411.348852 -0.570406
tower_120_060_100      47.0845   22.7373  528.8 401.725790 -0.593886
tower_140_060_100      46.7162   29.2780  196.6 407.311997 -0.131774
tower_020_080_100      47.1544  -11.1656  100.0 407.833428 -0.185599
tower_040_080_100      48.8364   -4.9441  100.0 410.741888  0.023931
tower_060_080_100      50.1482    1.6766  149.2 404.534463  0.764621
tower_080_080_100      51.0565    8.6182  551.1 408.918826 -0.631462
tower_100_080_100      51.5363   15.7723  231.8 411.727221 -0.109412
tower_120_080_100      51.5738   23.0082  265.8 401.832995  1.734720
tower_140_080_100      51.1681   30.1858  211.2 404.753791  0.469053
tower_020_100_100      51.2071  -14.1346  100.0 411.700950  0.144336
tower_040_100_100      53.0475   -7.4470  233.9 410.729707  1.472740
tower_060_100_100      54.4890   -0.2414  109.8 410.907471  0.500844
tower_080_100_100      55.4905    7.3902  100.0 411.749779  0.113779
tower_100_100_100      56.0207   15.3087  102.3 411.678542 -1.363383
tower_120_100_100      56.0623   23.3385  203.3 409.363804  0.075009
tower_140_100_100      55.6137   31.2889  269.1 409.689095  0.085024
tower_020_120_100      55.1717  -17.6733  100.0 413.826965  0.319278
tower_040_120_100      57.1884  -10.4758  100.0 413.283263  0.394543
tower_060_120_100      58.7769   -2.5935  100.4 412.189885 -0.847552
tower_100_120_100      60.4745   14.7310  382.9 409.730133  0.033655
tower_120_120_100      60.5207   23.7503  198.9 408.739748 -1.939586
tower_140_120_100      60.0223   32.6572  130.8 410.888153  0.108849
tower_020_140_100      59.0011  -21.9409  100.0 407.403802  0.191903
tower_040_140_100      61.2151  -14.2013  100.0 410.524504  0.356102
tower_060_140_100      62.9721   -5.5391  100.0 409.746990  0.057533
tower_080_140_100      64.2065    3.9369  100.0 409.549703 -0.105836
tower_120_140_100      64.9168   24.2777  101.1 410.939650  1.492882
tower_140_140_100      64.3592   34.3981  169.6 411.625141  0.157161
