tower_020_020_100      34.8407   -4.6202 1192.6 408.816606  0.833260
tower_040_020_100      36.1314    0.4664  256.3 407.092864 -0.579372
tower_060_020_100      37.1299    5.7541  100.0 410.202043 -0.058277
tower_080_020_100      37.8168   11.1969  100.0 411.023055  2.960726
tower_100_020_100      38.1782   16.7394  100.0 413.802123  0.585494
tower_020_040_100      38.9393   -6.4881  358.2 403.811825  0.913205
tower_060_040_100      41.4407    4.6095  100.0 407.882185  0.430203
tower_080_040_100      42.1935   10.4770  100.3 411.394301  1.776943
tower_100_040_100      42.5899   16.4702  100.0 416.612245 -0.158774
tower_120_040_100      42.6209   22.5112 1154.5 418.016455  0.418161
tower_140_040_100      42.2857   28.5181  100.0 415.200101 -0.462958
tower_040_060_100      44.5925   -2.8457  100.0 409.702514 -0.163814
tower_080_060_100      46.6149    9.6297 2207.5 409.384291  0.254562
tower_120_060_100      47.0845   22.7373  528.8 415.486818 -1.896480
tower_140_060_100      46.7162   29.2780  196.6 408.367342 -0.849471
tower_020_080_100      47.1544  -11.1656  100.0 408.537663  0.386329
tower_040_080_100      48.8364   -4.9441  100.0 409.353022  0.532329
tower_060_080_100      50.1482    1.6766  149.2 415.957115 -0.452273
tower_080_080_100      51.0565    8.6182  551.1 404.452120  2.064957
tower_100_080_100      51.5363   15.7723  231.8 417.309148  0.652953
tower_120_080_100      51.5738   23.0082  265.8 409.761863 -0.016368
tower_140_080_100      51.1681   30.1858  211.2 414.048297  1.682777
tower_020_100_100      51.2071  -14.1346  100.0 409.998286 -0.677930
tower_040_100_100      53.0475   -7.4470  233.9 411.031570  0.101831
tower_060_100_100      54.4890   -0.2414  109.8 412.027614 -0.838145
tower_080_100_100      55.4905    7.3902  100.0 409.308114 -0.179290
tower_100_100_100      56.0207   15.3087  102.3 412.831394  1.136751
tower_120_100_100      56.0623   23.3385  203.3 416.754938 -2.752445
tower_140_100_100      55.6137   31.2889  269.1 408.636033  0.934151
tower_020_120_100      55.1717  -17.6733  100.0 409.451843  1.360555
tower_040_120_100      57.1884  -10.4758  100.0 408.876953  0.221698
tower_060_120_100      58.7769   -2.5935  100.4 408.760865 -0.716541
tower_100_120_100      60.4745   14.7310  382.9 411.120292  1.364829
tower_120_120_100      60.5207   23.7503  198.9 409.964303 -1.239816
tower_140_120_100      60.0223   32.6572  130.8 407.295267  0.213304
tower_020_140_100      59.0011  -21.9409  100.0 409.878845 -1.569584
tower_040_140_100      61.2151  -14.2013  100.0 409.151400 -0.798663
tower_060_140_100      62.9721   -5.5391  100.0 408.307221  1.790915
tower_080_140_100      64.2065    3.9369  100.0 407.354065  0.525405
tower_120_140_100      64.9168   24.2777  101.1 409.028369 -0.730416
tower_140_140_100      64.3592   34.3981  169.6 408.101461  1.096758
