tower_020_020_100      34.8407   -4.6202 1192.6 409.294489 -0.451483
tower_040_020_100      36.1314    0.4664  256.3 409.740408 -2.415921
tower_060_020_100      37.1299    5.7541  100.0 407.694853 -1.066822
tower_080_020_100      37.8168   11.1969  100.0 412.194031 -1.924681
tower_100_020_100      38.1782   16.7394  100.0 412.464930  0.046140
tower_020_040_100      38.9393   -6.4881  358.2 409.109481  0.056880
tower_060_040_100      41.4407    4.6095  100.0 409.732196  0.635827
tower_080_040_100      42.1935   10.4770  100.3 410.805411  0.711137
tower_100_040_100      42.5899   16.4702  100.0 414.020335 -1.510535
tower_120_040_100      42.6209   22.5112 1154.5 411.250772  0.125784
tower_140_040_100      42.2857   28.5181  100.0 415.811735 -0.724483
tower_040_060_100      44.5925   -2.8457  100.0 409.733125 -1.533617
tower_080_060_100      46.6149    9.6297 2207.5 407.330713  0.507004
tower_120_060_100      47.0845   22.7373  528.8 409.386054  1.334501
tower_140_060_100      46.7162   29.2780  196.6 402.997562 -0.218482
tower_020_080_100      47.1544  -11.1656  100.0 408.698246  2.835737
tower_040_080_100      48.8364   -4.9441  100.0 409.634491  0.020681
tower_060_080_100      50.1482    1.6766  149.2 408.364957  0.162936
tower_080_080_100      51.0565    8.6182  551.1 406.246851 -0.040533
tower_100_080_100      51.5363   15.7723  231.8 404.411156  0.325240
tower_120_080_100      51.5738   23.0082  265.8 401.910265  0.336689
tower_140_080_100      51.1681   30.1858  211.2 418.595113 -0.943894
tower_020_100_100      51.2071  -14.1346  100.0 410.073061  1.175258
tower_040_100_100      53.0475   -7.4470  233.9 406.926034 -0.747990
tower_060_100_100      54.4890   -0.2414  109.8 411.104024  0.028224
tower_080_100_100      55.4905    7.3902  100.0 409.082366 -0.929057
tower_100_100_100      56.0207   15.3087  102.3 407.105293 -0.080549
tower_120_100_100      56.0623   23.3385  203.3 407.562064 -2.067264
tower_140_100_100      55.6137   31.2889  269.1 412.231408 -0.140517
tower_020_120_100      55.1717  -17.6733  100.0 409.607785 -0.336641
tower_040_120_100      57.1884  -10.4758  100.0 408.655517  0.133397
tower_060_120_100      58.7769   -2.5935  100.4 408.572235 -1.371099
tower_100_120_100      60.4745   14.7310  382.9 409.113388 -0.360834
tower_120_120_100      60.5207   23.7503  198.9 408.872424  1.271327
tower_140_120_100      60.0223   32.6572  130.8 407.771640 -1.399531
tower_020_140_100      59.0011  -21.9409  100.0 409.859253 -0.472235
tower_040_140_100      61.2151  -14.2013  100.0 409.138857 -0.191182
tower_060_140_100      62.9721   -5.5391  100.0 408.687621  1.701962
tower_080_140_100      64.2065    3.9369  100.0 408.098047 -0.551123
tower_120_140_100      64.9168   24.2777  101.1 408.236994 -1.907422
tower_140_140_100      64.3592   34.3981  169.6 408.647417 -0.272878
