tower_020_020_100      34.8407   -4.6202 1192.6 415.784561 -1.415841
tower_040_020_100      36.1314    0.4664  256.3 413.760639 -0.479669
tower_060_020_100      37.1299    5.7541  100.0 419.820682  1.883265
tower_080_020_100      37.8168   11.1969  100.0 416.291851  0.563588
tower_100_020_100      38.1782   16.7394  100.0 412.882062  0.646206
tower_020_040_100      38.9393   -6.4881  358.2 412.561371 -0.000325
tower_060_040_100      41.4407    4.6095  100.0 416.216513  0.040011
tower_080_040_100      42.1935   10.4770  100.3 423.626896  0.135505
tower_100_040_100      42.5899   16.4702  100.0 416.793696  1.100821
tower_120_040_100      42.6209   22.5112 1154.5 420.071867 -0.588027
tower_140_040_100      42.2857   28.5181  100.0 407.261036  0.541534
tower_040_060_100      44.5925   -2.8457  100.0 413.364014  0.536961
tower_080_060_100      46.6149    9.6297 2207.5 416.241022 -1.379182
tower_120_060_100      47.0845   22.7373  528.8 413.267591 -1.811218
tower_140_060_100      46.7162   29.2780  196.6 420.340692  0.695872
tower_020_080_100      47.1544  -11.1656  100.0 418.515534  0.972584
tower_040_080_100      48.8364   -4.9441  100.0 417.767062 -0.081685
tower_060_080_100      50.1482    1.6766  149.2 419.058531  0.039810
tower_080_080_100      51.0565    8.6182  551.1 421.771430 -1.257386
tower_100_080_100      51.5363   15.7723  231.8 431.135444  1.002138
tower_120_080_100      51.5738   23.0082  265.8 437.390087 -0.679176
tower_140_080_100      51.1681   30.1858  211.2 416.449638  0.049925
tower_020_100_100      51.2071  -14.1346  100.0 417.625422  0.163434
tower_040_100_100      53.0475   -7.4470  233.9 420.071227  1.325767
tower_060_100_100      54.4890   -0.2414  109.8 420.425853 -1.109768
tower_080_100_100      55.4905    7.3902  100.0 418.336793 -0.157409
tower_100_100_100      56.0207   15.3087  102.3 420.370137 -0.733742
tower_120_100_100      56.0623   23.3385  203.3 425.282411  2.057775
tower_140_100_100      55.6137   31.2889  269.1 416.736010  1.643198
tower_020_120_100      55.1717  -17.6733  100.0 416.489197  0.350296
tower_040_120_100      57.1884  -10.4758  100.0 416.803008 -1.113118
tower_060_120_100      58.7769   -2.5935  100.4 420.703052  1.357003
tower_100_120_100      60.4745   14.7310  382.9 419.419874 -1.312877
tower_120_120_100      60.5207   23.7503  198.9 423.657575 -2.098404
tower_140_120_100      60.0223   32.6572  130.8 414.969210  0.864939
tower_020_140_100      59.0011  -21.9409  100.0 416.296191 -0.756252
tower_040_140_100      61.2151  -14.2013  100.0 417.313718  0.464287
tower_060_140_100      62.9721   -5.5391  100.0 416.878906  2.881144
tower_080_140_100      64.2065    3.9369  100.0 418.470459  1.409837
tower_120_140_100      64.9168   24.2777  101.1 419.501247 -1.058370
tower_140_140_100      64.3592   34.3981  169.6 412.752912  1.046026
