tower_020_020_100      34.8407   -4.6202 1192.6 410.063353 -0.509746
tower_040_020_100      36.1314    0.4664  256.3 410.788605 -0.126238
tower_060_020_100      37.1299    5.7541  100.0 410.183779 -1.634409
tower_080_020_100      37.8168   11.1969  100.0 411.518706  0.436708
tower_100_020_100      38.1782   16.7394  100.0 411.832286 -0.461596
tower_020_040_100      38.9393   -6.4881  358.2 399.959441 -0.747104
tower_060_040_100      41.4407    4.6095  100.0 410.056600  0.349743
tower_080_040_100      42.1935   10.4770  100.3 411.343427  1.227459
tower_100_040_100      42.5899   16.4702  100.0 413.703394 -1.113619
tower_120_040_100      42.6209   22.5112 1154.5 412.480862 -0.982269
tower_140_040_100      42.2857   28.5181  100.0 409.226364 -0.265618
tower_040_060_100      44.5925   -2.8457  100.0 410.948971 -0.449179
tower_080_060_100      46.6149    9.6297 2207.5 408.507126 -1.852555
tower_120_060_100      47.0845   22.7373  528.8 407.855146 -0.167796
tower_140_060_100      46.7162   29.2780  196.6 406.750235  0.091313
tower_020_080_100      47.1544  -11.1656  100.0 414.525453  0.004061
tower_040_080_100      48.8364   -4.9441  100.0 412.726195 -0.028112
tower_060_080_100      50.1482    1.6766  149.2 406.668735  0.504591
tower_080_080_100      51.0565    8.6182  551.1 415.661247 -0.254379
tower_100_080_100      51.5363   15.7723  231.8 401.705161 -2.358850
tower_120_080_100      51.5738   23.0082  265.8 425.992028 -2.285516
tower_140_080_100      51.1681   30.1858  211.2 404.527208 -0.938212
tower_020_100_100      51.2071  -14.1346  100.0 412.479644 -0.200220
tower_040_100_100      53.0475   -7.4470  233.9 415.133383 -0.431052
tower_060_100_100      54.4890   -0.2414  109.8 416.211349  0.035307
tower_080_100_100      55.4905    7.3902  100.0 411.073243  0.589538
tower_100_100_100      56.0207   15.3087  102.3 418.616621  1.950817
tower_120_100_100      56.0623   23.3385  203.3 406.961453 -0.234304
tower_140_100_100      55.6137   31.2889  269.1 405.665566 -1.101783
tower_020_120_100      55.1717  -17.6733  100.0 412.230927 -1.321179
tower_040_120_100      57.1884  -10.4758  100.0 410.794618 -0.008842
tower_060_120_100      58.7769   -2.5935  100.4 412.024744 -0.836373
tower_100_120_100      60.4745   14.7310  382.9 410.922613  0.414124
tower_120_120_100      60.5207   23.7503  198.9 416.206401  0.836419
tower_140_120_100      60.0223   32.6572  130.8 415.584125 -0.708092
tower_020_140_100      59.0011  -21.9409  100.0 410.315034 -0.366505
tower_040_140_100      61.2151  -14.2013  100.0 411.173278  1.284345
tower_060_140_100      62.9721   -5.5391  100.0 410.711702 -1.191648
tower_080_140_100      64.2065    3.9369  100.0 410.363525  1.437083
tower_120_140_100      64.9168   24.2777  101.1 406.328391  0.049090
tower_140_140_100      64.3592   34.3981  169.6 411.841817  0.814036
