tower_020_020_100      34.8407   -4.6202 1192.6 410.033469  0.845698
tower_040_020_100      36.1314    0.4664  256.3 409.837092  0.755848
tower_060_020_100      37.1299    5.7541  100.0 413.881381  0.065565
tower_080_020_100      37.8168   11.1969  100.0 410.508180 -0.412304
tower_100_020_100      38.1782   16.7394  100.0 413.661836  0.814350
tower_020_040_100      38.9393   -6.4881  358.2 407.424696 -0.785735
tower_060_040_100      41.4407    4.6095  100.0 413.667365 -1.051788
tower_080_040_100      42.1935   10.4770  100.3 412.267777 -0.706465
tower_100_040_100      42.5899   16.4702  100.0 416.824255  0.092055
tower_120_040_100      42.6209   22.5112 1154.5 415.774774 -0.983195
tower_140_040_100      42.2857   28.5181  100.0 420.112168  1.076421
tower_040_060_100      44.5925   -2.8457  100.0 406.331818 -0.109617
tower_080_060_100      46.6149    9.6297 2207.5 414.393146 -0.295543
tower_120_060_100      47.0845   22.7373  528.8 397.547281  0.258980
tower_140_060_100      46.7162   29.2780  196.6 411.758847  0.189899
tower_020_080_100      47.1544  -11.1656  100.0 411.341699  0.446612
tower_040_080_100      48.8364   -4.9441  100.0 410.251821 -0.460635
tower_060_080_100      50.1482    1.6766  149.2 409.407200 -2.456792
tower_080_080_100      51.0565    8.6182  551.1 407.254382 -0.416938
tower_100_080_100      51.5363   15.7723  231.8 421.702054  0.100014
tower_120_080_100      51.5738   23.0082  265.8 426.072630  1.011192
tower_140_080_100      51.1681   30.1858  211.2 404.711286 -1.027498
tower_020_100_100      51.2071  -14.1346  100.0 411.627203  0.435496
tower_040_100_100      53.0475   -7.4470  233.9 410.437593  0.532001
tower_060_100_100      54.4890   -0.2414  109.8 407.067988  1.368620
tower_080_100_100      55.4905    7.3902  100.0 412.600807  2.375094
tower_100_100_100      56.0207   15.3087  102.3 413.583053  1.577218
tower_120_100_100      56.0623   23.3385  203.3 410.853585 -0.330383
tower_140_100_100      55.6137   31.2889  269.1 413.812440  1.038849
tower_020_120_100      55.1717  -17.6733  100.0 414.491054 -1.341046
tower_040_120_100      57.1884  -10.4758  100.0 413.283265  0.935769
tower_060_120_100      58.7769   -2.5935  100.4 411.320483 -0.608892
tower_100_120_100      60.4745   14.7310  382.9 412.577353  1.548711
tower_120_120_100      60.5207   23.7503  198.9 411.761482  0.589003
tower_140_120_100      60.0223   32.6572  130.8 411.433562 -0.745490
tower_020_140_100      59.0011  -21.9409  100.0 408.573511  0.919271
tower_040_140_100      61.2151  -14.2013  100.0 410.375579 -0.249041
tower_060_140_100      62.9721   -5.5391  100.0 410.899077  0.568751
tower_080_140_100      64.2065    3.9369  100.0 410.795351  0.758534
tower_120_140_100      64.9168   24.2777  101.1 411.267102  0.196645
tower_140_140_100      64.3592   34.3981  169.6 411.746538 -0.370851
