tower_020_020_100      34.8407   -4.6202 1192.6 419.233922  0.953202
tower_040_020_100      36.1314    0.4664  256.3 417.295356  0.947441
tower_060_020_100      37.1299    5.7541  100.0 415.778567  2.590222
tower_080_020_100      37.8168   11.1969  100.0 414.698881 -0.850303
tower_100_020_100      38.1782   16.7394  100.0 407.548189 -1.383377
tower_020_040_100      38.9393   -6.4881  358.2 419.208462  0.797508
tower_060_040_100      41.4407    4.6095  100.0 419.889751  0.614215
tower_080_040_100      42.1935   10.4770  100.3 414.659746  1.164497
tower_100_040_100      42.5899   16.4702  100.0 413.694653  1.633414
tower_120_040_100      42.6209   22.5112 1154.5 397.244562 -0.433474
tower_140_040_100      42.2857   28.5181  100.0 407.784021  0.748933
tower_040_060_100      44.5925   -2.8457  100.0 417.333797  0.716703
tower_080_060_100      46.6149    9.6297 2207.5 416.029575 -0.853075
tower_120_060_100      47.0845   22.7373  528.8 396.800646  2.473298
tower_140_060_100      46.7162   29.2780  196.6 406.311262  0.073122
tower_020_080_100      47.1544  -11.1656  100.0 417.751127 -0.229386
tower_040_080_100      48.8364   -4.9441  100.0 417.048253  1.429978
tower_060_080_100      50.1482    1.6766  149.2 412.098824 -1.094120
tower_080_080_100      51.0565    8.6182  551.1 408.754853  1.254213
tower_100_080_100      51.5363   15.7723  231.8 408.123385  0.275581
tower_120_080_100      51.5738   23.0082  265.8 406.600620  0.639305
tower_140_080_100      51.1681   30.1858  211.2 409.582132  1.913767
tower_020_100_100      51.2071  -14.1346  100.0 418.956086 -1.088727
tower_040_100_100      53.0475   -7.4470  233.9 417.867222  1.255890
tower_060_100_100      54.4890   -0.2414  109.8 418.898458 -1.508535
tower_080_100_100      55.4905    7.3902  100.0 417.886689  0.163332
tower_100_100_100      56.0207   15.3087  102.3 397.543703 -0.181886
tower_120_100_100      56.0623   23.3385  203.3 407.659818  0.023690
tower_140_100_100      55.6137   31.2889  269.1 411.466155  1.177070
tower_020_120_100      55.1717  -17.6733  100.0 418.835541  0.783889
tower_040_120_100      57.1884  -10.4758  100.0 418.838592 -0.262705
tower_060_120_100      58.7769   -2.5935  100.4 418.455281  0.253916
tower_100_120_100      60.4745   14.7310  382.9 414.241599  0.070444
tower_120_120_100      60.5207   23.7503  198.9 401.239649  0.643346
tower_140_120_100      60.0223   32.6572  130.8 407.858464  1.794030
tower_020_140_100      59.0011  -21.9409  100.0 418.318361 -1.380051
tower_040_140_100      61.2151  -14.2013  100.0 419.448364 -1.302262
tower_060_140_100      62.9721   -5.5391  100.0 418.996553  0.749098
tower_080_140_100      64.2065    3.9369  100.0 419.172607 -1.052617
tower_120_140_100      64.9168   24.2777  101.1 406.846550  1.350274
tower_140_140_100      64.3592   34.3981  169.6 415.315154 -0.227620
