tower_020_020_100      34.8407   -4.6202 1192.6 417.180488  0.316098
tower_040_020_100      36.1314    0.4664  256.3 412.234077  1.716993
tower_060_020_100      37.1299    5.7541  100.0 411.548413  1.632515
tower_080_020_100      37.8168   11.1969  100.0 412.486327 -2.045596
tower_100_020_100      38.1782   16.7394  100.0 415.477414 -0.108576
tower_020_040_100      38.9393   -6.4881  358.2 409.986905 -0.204162
tower_060_040_100      41.4407    4.6095  100.0 411.662935 -1.029980
tower_080_040_100      42.1935   10.4770  100.3 413.139470  0.962567
tower_100_040_100      42.5899   16.4702  100.0 417.193604 -0.806413
tower_120_040_100      42.6209   22.5112 1154.5 413.723384  0.141255
tower_140_040_100      42.2857   28.5181  100.0 408.677887  1.075775
tower_040_060_100      44.5925   -2.8457  100.0 413.087006  1.285835
tower_080_060_100      46.6149    9.6297 2207.5 410.940126  0.174033
tower_120_060_100      47.0845   22.7373  528.8 412.130117 -1.940981
tower_140_060_100      46.7162   29.2780  196.6 407.743517 -1.167909
tower_020_080_100      47.1544  -11.1656  100.0 413.572849  1.533043
tower_040_080_100      48.8364   -4.9441  100.0 412.725647 -1.203576
tower_060_080_100      50.1482    1.6766  149.2 406.868480 -1.995900
tower_080_080_100      51.0565    8.6182  551.1 415.747483 -0.020882
tower_100_080_100      51.5363   15.7723  231.8 426.488890 -0.431839
tower_120_080_100      51.5738   23.0082  265.8 420.811542 -1.988154
tower_140_080_100      51.1681   30.1858  211.2 408.934503 -0.141152
tower_020_100_100      51.2071  -14.1346  100.0 411.220643  1.053528
tower_040_100_100      53.0475   -7.4470  233.9 410.879774  1.511790
tower_060_100_100      54.4890   -0.2414  109.8 408.584069  0.303255
tower_080_100_100      55.4905    7.3902  100.0 412.465322  1.076464
tower_100_100_100      56.0207   15.3087  102.3 415.349126 -0.321411
tower_120_100_100      56.0623   23.3385  203.3 403.936347  1.625058
tower_140_100_100      55.6137   31.2889  269.1 407.576659 -0.274952
tower_020_120_100      55.1717  -17.6733  100.0 412.021912 -0.107172
tower_040_120_100      57.1884  -10.4758  100.0 411.920777  1.419563
tower_060_120_100      58.7769   -2.5935  100.4 410.824983  0.436107
tower_100_120_100      60.4745   14.7310  382.9 410.793060  0.726381
tower_120_120_100      60.5207   23.7503  198.9 412.031266 -1.700206
tower_140_120_100      60.0223   32.6572  130.8 411.436247 -1.040359
tower_020_140_100      59.0011  -21.9409  100.0 412.501616 -0.169933
tower_040_140_100      61.2151  -14.2013  100.0 411.953432  0.710429
tower_060_140_100      62.9721   -5.5391  100.0 409.957668  1.205454
tower_080_140_100      64.2065    3.9369  100.0 411.243901  0.910639
tower_120_140_100      64.9168   24.2777  101.1 413.208437  1.300650
tower_140_140_100      64.3592   34.3981  169.6 410.742005  0.494002
