tower_020_020_100      34.8407   -4.6202 1192.6 414.745749 -0.883266
tower_040_020_100      36.1314    0.4664  256.3 408.777470 -1.139368
tower_060_020_100      37.1299    5.7541  100.0 405.916369 -0.980888
tower_080_020_100      37.8168   11.1969  100.0 415.874090  0.343782
tower_100_020_100      38.1782   16.7394  100.0 415.521810  0.414916
tower_020_040_100      38.9393   -6.4881  358.2 412.448486 -0.262873
tower_060_040_100      41.4407    4.6095  100.0 410.795075  0.335868
tower_080_040_100      42.1935   10.4770  100.3 414.254324  0.672150
tower_100_040_100      42.5899   16.4702  100.0 430.808252 -0.365948
tower_120_040_100      42.6209   22.5112 1154.5 410.912269  0.156671
tower_140_040_100      42.2857   28.5181  100.0 411.128146  0.552054
tower_040_060_100      44.5925   -2.8457  100.0 408.927399 -0.752201
tower_080_060_100      46.6149    9.6297 2207.5 412.753935  1.671189
tower_120_060_100      47.0845   22.7373  528.8 408.748831 -0.481229
tower_140_060_100      46.7162   29.2780  196.6 408.448199 -0.650811
tower_020_080_100      47.1544  -11.1656  100.0 409.296828 -0.818117
tower_040_080_100      48.8364   -4.9441  100.0 410.509561  0.151056
tower_060_080_100      50.1482    1.6766  149.2 408.534117  0.627915
tower_080_080_100      51.0565    8.6182  551.1 406.132416  1.199546
tower_100_080_100      51.5363   15.7723  231.8 403.267457 -0.166686
tower_120_080_100      51.5738   23.0082  265.8 407.292301 -0.797547
tower_140_080_100      51.1681   30.1858  211.2 410.014912 -0.548246
tower_020_100_100      51.2071  -14.1346  100.0 410.483514 -1.935703
tower_040_100_100      53.0475   -7.4470  233.9 406.377982  0.086892
tower_060_100_100      54.4890   -0.2414  109.8 410.825442 -0.612132
tower_080_100_100      55.4905    7.3902  100.0 412.012537 -0.856053
tower_100_100_100      56.0207   15.3087  102.3 407.919772 -1.819548
tower_120_100_100      56.0623   23.3385  203.3 407.963972  0.390937
tower_140_100_100      55.6137   31.2889  269.1 409.954894 -1.227584
tower_020_120_100      55.1717  -17.6733  100.0 408.831674 -1.109320
tower_040_120_100      57.1884  -10.4758  100.0 413.533596  1.407759
tower_060_120_100      58.7769   -2.5935  100.4 412.518333  2.215674
tower_100_120_100      60.4745   14.7310  382.9 407.241759  0.726619
tower_120_120_100      60.5207   23.7503  198.9 408.416103  0.107871
tower_140_120_100      60.0223   32.6572  130.8 410.712158 -1.156775
tower_020_140_100      59.0011  -21.9409  100.0 410.251734  1.850526
tower_040_140_100      61.2151  -14.2013  100.0 407.423717  0.477109
tower_060_140_100      62.9721   -5.5391  100.0 412.250336  0.524302
tower_080_140_100      64.2065    3.9369  100.0 412.063993 -1.553166
tower_120_140_100      64.9168   24.2777  101.1 409.143736  0.704546
tower_140_140_100      64.3592   34.3981  169.6 410.888155 -0.505409
