tower_020_020_100      34.8407   -4.6202 1192.6 415.017237 -0.401934
tower_040_020_100      36.1314    0.4664  256.3 411.455287  0.464569
tower_060_020_100      37.1299    5.7541  100.0 410.553770 -1.113652
tower_080_020_100      37.8168   11.1969  100.0 413.116975  1.196445
tower_100_020_100      38.1782   16.7394  100.0 415.202731 -0.301522
tower_020_040_100      38.9393   -6.4881  358.2 415.884568 -0.230382
tower_060_040_100      41.4407    4.6095  100.0 413.143830 -1.075921
tower_080_040_100      42.1935   10.4770  100.3 413.766602 -0.048485
tower_100_040_100      42.5899   16.4702  100.0 419.467866 -0.618624
tower_120_040_100      42.6209   22.5112 1154.5 414.161369  1.076559
tower_140_040_100      42.2857   28.5181  100.0 417.642658 -0.313811
tower_040_060_100      44.5925   -2.8457  100.0 413.025083  1.640146
tower_080_060_100      46.6149    9.6297 2207.5 413.748783 -0.403123
tower_120_060_100      47.0845   22.7373  528.8 413.483910 -1.532476
tower_140_060_100      46.7162   29.2780  196.6 416.892871  0.153185
tower_020_080_100      47.1544  -11.1656  100.0 413.715149 -0.949815
tower_040_080_100      48.8364   -4.9441  100.0 413.789919  1.332971
tower_060_080_100      50.1482    1.6766  149.2 411.874944 -0.037706
tower_080_080_100      51.0565    8.6182  551.1 411.302589 -0.364342
tower_100_080_100      51.5363   15.7723  231.8 405.452930 -0.282066
tower_120_080_100      51.5738   23.0082  265.8 416.237190  0.993503
tower_140_080_100      51.1681   30.1858  211.2 406.012777  1.517391
tower_020_100_100      51.2071  -14.1346  100.0 414.461397 -0.611293
tower_040_100_100      53.0475   -7.4470  233.9 411.634162 -1.275034
tower_060_100_100      54.4890   -0.2414  109.8 412.451735 -1.396793
tower_080_100_100      55.4905    7.3902  100.0 417.416741  2.379679
tower_100_100_100      56.0207   15.3087  102.3 420.600384  0.563627
tower_120_100_100      56.0623   23.3385  203.3 410.206093  0.256800
tower_140_100_100      55.6137   31.2889  269.1 401.447363 -0.185990
tower_020_120_100      55.1717  -17.6733  100.0 412.850556  1.608117
tower_040_120_100      57.1884  -10.4758  100.0 414.483735  0.966919
tower_060_120_100      58.7769   -2.5935  100.4 411.543668 -0.270090
tower_100_120_100      60.4745   14.7310  382.9 406.100012  0.536460
tower_120_120_100      60.5207   23.7503  198.9 400.185799 -0.102409
tower_140_120_100      60.0223   32.6572  130.8 407.543609 -1.050062
tower_020_140_100      59.0011  -21.9409  100.0 412.672519 -0.414398
tower_040_140_100      61.2151  -14.2013  100.0 414.324817 -1.501060
tower_060_140_100      62.9721   -5.5391  100.0 414.671474 -0.200004
tower_080_140_100      64.2065    3.9369  100.0 410.710332  1.152825
tower_120_140_100      64.9168   24.2777  101.1 407.543260 -1.898641
tower_140_140_100      64.3592   34.3981  169.6 411.165846  1.296768
