tower_020_020_100      34.8407   -4.6202 1192.6 417.363315 -0.455876
tower_040_020_100      36.1314    0.4664  256.3 413.599082  0.053837
tower_060_020_100      37.1299    5.7541  100.0 415.032990 -0.579204
tower_080_020_100      37.8168   11.1969  100.0 418.356658  1.198264
tower_100_020_100      38.1782   16.7394  100.0 425.660469  0.482106
tower_020_040_100      38.9393   -6.4881  358.2 416.865299  0.308339
tower_060_040_100      41.4407    4.6095  100.0 416.313286  1.006625
tower_080_040_100      42.1935   10.4770  100.3 438.370443 -1.198057
tower_100_040_100      42.5899   16.4702  100.0 422.176470  0.992261
tower_120_040_100      42.6209   22.5112 1154.5 401.429113  0.227044
tower_140_040_100      42.2857   28.5181  100.0 406.159733 -0.701009
tower_040_060_100      44.5925   -2.8457  100.0 417.492914 -1.158026
tower_080_060_100      46.6149    9.6297 2207.5 415.015171  0.553967
tower_120_060_100      47.0845   22.7373  528.8 404.981837  0.387540
tower_140_060_100      46.7162   29.2780  196.6 410.132223 -0.959835
tower_020_080_100      47.1544  -11.1656  100.0 416.869539 -2.410792
tower_040_080_100      48.8364   -4.9441  100.0 414.806235  0.325727
tower_060_080_100      50.1482    1.6766  149.2 421.634212  0.173771
tower_080_080_100      51.0565    8.6182  551.1 410.936921 -0.320397
tower_100_080_100      51.5363   15.7723  231.8 406.398718  0.351189
tower_120_080_100      51.5738   23.0082  265.8 408.000553  1.314104
tower_140_080_100      51.1681   30.1858  211.2 411.297564 -0.752582
tower_020_100_100      51.2071  -14.1346  100.0 417.641602  0.071044
tower_040_100_100      53.0475   -7.4470  233.9 414.763170  0.681852
tower_060_100_100      54.4890   -0.2414  109.8 417.284055 -2.133650
tower_080_100_100      55.4905    7.3902  100.0 417.102568 -0.528390
tower_100_100_100      56.0207   15.3087  102.3 415.054974  0.655366
tower_120_100_100      56.0623   23.3385  203.3 412.378421  0.395790
tower_140_100_100      55.6137   31.2889  269.1 411.787727 -1.495246
tower_020_120_100      55.1717  -17.6733  100.0 414.281582  0.703587
tower_040_120_100      57.1884  -10.4758  100.0 414.583529  0.359415
tower_060_120_100      58.7769   -2.5935  100.4 415.068841 -0.210028
tower_100_120_100      60.4745   14.7310  382.9 417.129099 -1.222548
tower_120_120_100      60.5207   23.7503  198.9 412.128491  1.128323
tower_140_120_100      60.0223   32.6572  130.8 414.366149  0.010321
tower_020_140_100      59.0011  -21.9409  100.0 415.693177 -0.764787
tower_040_140_100      61.2151  -14.2013  100.0 414.131018 -0.250436
tower_060_140_100      62.9721   -5.5391  100.0 416.030485 -0.072482
tower_080_140_100      64.2065    3.9369  100.0 414.949739 -1.628113
tower_120_140_100      64.9168   24.2777  101.1 419.919240  0.486581
tower_140_140_100      64.3592   34.3981  169.6 415.881005 -0.861147
