tower_020_020_100      34.8407   -4.6202 1192.6 417.604571 -0.348323
tower_040_020_100      36.1314    0.4664  256.3 416.849133  1.337786
tower_060_020_100      37.1299    5.7541  100.0 408.847660  0.104592
tower_080_020_100      37.8168   11.1969  100.0 410.504003  0.867927
tower_100_020_100      38.1782   16.7394  100.0 411.124523  0.344592
tower_020_040_100      38.9393   -6.4881  358.2 416.967588 -0.452518
tower_060_040_100      41.4407    4.6095  100.0 411.460823 -0.551331
tower_080_040_100      42.1935   10.4770  100.3 408.142458 -0.086244
tower_100_040_100      42.5899   16.4702  100.0 417.589781  0.085326
tower_120_040_100      42.6209   22.5112 1154.5 394.892948 -0.811759
tower_140_040_100      42.2857   28.5181  100.0 412.269857 -0.749222
tower_040_060_100      44.5925   -2.8457  100.0 413.540794 -0.797114
tower_080_060_100      46.6149    9.6297 2207.5 410.708829 -0.833277
tower_120_060_100      47.0845   22.7373  528.8 400.730619  0.184771
tower_140_060_100      46.7162   29.2780  196.6 405.968051  0.888529
tower_020_080_100      47.1544  -11.1656  100.0 419.717957  0.180331
tower_040_080_100      48.8364   -4.9441  100.0 417.174836  2.148100
tower_060_080_100      50.1482    1.6766  149.2 406.044436 -0.220274
tower_080_080_100      51.0565    8.6182  551.1 414.805573  0.804711
tower_100_080_100      51.5363   15.7723  231.8 397.477085 -0.678030
tower_120_080_100      51.5738   23.0082  265.8 410.104625 -0.771142
tower_140_080_100      51.1681   30.1858  211.2 414.904277  0.787000
tower_020_100_100      51.2071  -14.1346  100.0 419.665222  0.698043
tower_040_100_100      53.0475   -7.4470  233.9 417.029518  0.280035
tower_060_100_100      54.4890   -0.2414  109.8 415.799399  0.996024
tower_080_100_100      55.4905    7.3902  100.0 415.141357 -0.048802
tower_100_100_100      56.0207   15.3087  102.3 410.347693 -0.813539
tower_120_100_100      56.0623   23.3385  203.3 411.801490 -1.356245
tower_140_100_100      55.6137   31.2889  269.1 416.267266 -0.418008
tower_020_120_100      55.1717  -17.6733  100.0 419.934235 -1.068616
tower_040_120_100      57.1884  -10.4758  100.0 419.641694 -0.436223
tower_060_120_100      58.7769   -2.5935  100.4 416.787447 -2.794233
tower_100_120_100      60.4745   14.7310  382.9 413.023510  0.624863
tower_120_120_100      60.5207   23.7503  198.9 415.818354 -0.176665
tower_140_120_100      60.0223   32.6572  130.8 416.872650  0.430157
tower_020_140_100      59.0011  -21.9409  100.0 418.927099  1.603086
tower_040_140_100      61.2151  -14.2013  100.0 420.043487  0.908218
tower_060_140_100      62.9721   -5.5391  100.0 419.741147  0.235210
tower_080_140_100      64.2065    3.9369  100.0 417.354678 -0.964210
tower_120_140_100      64.9168   24.2777  101.1 416.806584  1.948168
tower_140_140_100      64.3592   34.3981  169.6 417.650012  1.052039
