tower_020_020_100      34.8407   -4.6202 1192.6 418.242267  2.194151
tower_040_020_100      36.1314    0.4664  256.3 414.960257  0.900506
tower_060_020_100      37.1299    5.7541  100.0 415.389308 -0.476820
tower_080_020_100      37.8168   11.1969  100.0 415.481030  1.814621
tower_100_020_100      38.1782   16.7394  100.0 415.777271  1.272048
tower_020_040_100      38.9393   -6.4881  358.2 417.534815 -0.340869
tower_060_040_100      41.4407    4.6095  100.0 417.326583  0.294089
tower_080_040_100      42.1935   10.4770  100.3 414.706929 -0.083656
tower_100_040_100      42.5899   16.4702  100.0 423.697906  0.636244
tower_120_040_100      42.6209   22.5112 1154.5 407.260884  0.163704
tower_140_040_100      42.2857   28.5181  100.0 418.704638  0.133761
tower_040_060_100      44.5925   -2.8457  100.0 414.980863 -1.502070
tower_080_060_100      46.6149    9.6297 2207.5 411.335690 -0.367164
tower_120_060_100      47.0845   22.7373  528.8 408.705135 -0.267455
tower_140_060_100      46.7162   29.2780  196.6 410.565188  1.028288
tower_020_080_100      47.1544  -11.1656  100.0 414.729218 -1.119487
tower_040_080_100      48.8364   -4.9441  100.0 414.756532 -0.145054
tower_060_080_100      50.1482    1.6766  149.2 409.414813  0.082324
tower_080_080_100      51.0565    8.6182  551.1 415.599915 -0.058776
tower_100_080_100      51.5363   15.7723  231.8 413.509057 -0.586283
tower_120_080_100      51.5738   23.0082  265.8 418.846065 -2.226520
tower_140_080_100      51.1681   30.1858  211.2 413.694281 -0.242194
tower_020_100_100      51.2071  -14.1346  100.0 414.101075  0.985457
tower_040_100_100      53.0475   -7.4470  233.9 412.506041  0.838906
tower_060_100_100      54.4890   -0.2414  109.8 413.276292 -0.238345
tower_080_100_100      55.4905    7.3902  100.0 415.449335 -0.567380
tower_100_100_100      56.0207   15.3087  102.3 413.999506  0.699173
tower_120_100_100      56.0623   23.3385  203.3 412.897869  1.055121
tower_140_100_100      55.6137   31.2889  269.1 413.553288 -0.789192
tower_020_120_100      55.1717  -17.6733  100.0 413.115653  0.764836
tower_040_120_100      57.1884  -10.4758  100.0 413.843232  1.042395
tower_060_120_100      58.7769   -2.5935  100.4 415.447385 -0.051972
tower_100_120_100      60.4745   14.7310  382.9 415.440182 -0.388952
tower_120_120_100      60.5207   23.7503  198.9 406.499983 -0.692684
tower_140_120_100      60.0223   32.6572  130.8 407.031978 -1.223006
tower_020_140_100      59.0011  -21.9409  100.0 411.680453 -0.430962
tower_040_140_100      61.2151  -14.2013  100.0 413.781833  0.776181
tower_060_140_100      62.9721   -5.5391  100.0 415.223539  1.275403
tower_080_140_100      64.2065    3.9369  100.0 414.696259  0.536712
tower_120_140_100      64.9168   24.2777  101.1 416.563376 -1.806079
tower_140_140_100      64.3592   34.3981  169.6 414.863373  0.914575
