tower_020_020_100      34.8407   -4.6202 1192.6 413.961249  1.097223
tower_040_020_100      36.1314    0.4664  256.3 407.638142  2.139050
tower_060_020_100      37.1299    5.7541  100.0 409.719745 -1.025351
tower_080_020_100      37.8168   11.1969  100.0 413.995666 -1.844725
tower_100_020_100      38.1782   16.7394  100.0 413.085698 -0.311973
tower_020_040_100      38.9393   -6.4881  358.2 405.026722 -1.686253
tower_060_040_100      41.4407    4.6095  100.0 413.733217  0.693320
tower_080_040_100      42.1935   10.4770  100.3 421.171712  0.806897
tower_100_040_100      42.5899   16.4702  100.0 432.168584  1.966920
tower_120_040_100      42.6209   22.5112 1154.5 409.592559 -0.998655
tower_140_040_100      42.2857   28.5181  100.0 418.930217  0.333894
tower_040_060_100      44.5925   -2.8457  100.0 411.971012 -1.360899
tower_080_060_100      46.6149    9.6297 2207.5 411.705110 -0.846989
tower_120_060_100      47.0845   22.7373  528.8 414.851419  2.222939
tower_140_060_100      46.7162   29.2780  196.6 410.126184  0.565709
tower_020_080_100      47.1544  -11.1656  100.0 410.210743 -0.334882
tower_040_080_100      48.8364   -4.9441  100.0 409.014801  1.238575
tower_060_080_100      50.1482    1.6766  149.2 410.321247  0.199830
tower_080_080_100      51.0565    8.6182  551.1 404.736856 -0.609782
tower_100_080_100      51.5363   15.7723  231.8 411.089593 -0.821832
tower_120_080_100      51.5738   23.0082  265.8 445.875243 -0.720296
tower_140_080_100      51.1681   30.1858  211.2 408.668412  0.614207
tower_020_100_100      51.2071  -14.1346  100.0 409.370176 -0.807772
tower_040_100_100      53.0475   -7.4470  233.9 408.636746 -0.743726
tower_060_100_100      54.4890   -0.2414  109.8 411.018667 -0.286388
tower_080_100_100      55.4905    7.3902  100.0 413.276709  2.200698
tower_100_100_100      56.0207   15.3087  102.3 417.052803  0.274288
tower_120_100_100      56.0623   23.3385  203.3 411.415951  1.057811
tower_140_100_100      55.6137   31.2889  269.1 411.455292  1.869418
tower_020_120_100      55.1717  -17.6733  100.0 408.850954  0.751320
tower_040_120_100      57.1884  -10.4758  100.0 408.851807 -1.788249
tower_060_120_100      58.7769   -2.5935  100.4 408.413602  0.422154
tower_100_120_100      60.4745   14.7310  382.9 409.564294  0.124209
tower_120_120_100      60.5207   23.7503  198.9 410.747559 -0.479593
tower_140_120_100      60.0223   32.6572  130.8 409.921926  1.211616
tower_020_140_100      59.0011  -21.9409  100.0 408.393404  0.880793
tower_040_140_100      61.2151  -14.2013  100.0 408.894776 -0.883831
tower_060_140_100      62.9721   -5.5391  100.0 409.410889 -1.035538
tower_080_140_100      64.2065    3.9369  100.0 410.607452  2.162381
tower_120_140_100      64.9168   24.2777  101.1 412.583699 -0.303510
tower_140_140_100      64.3592   34.3981  169.6 408.212836 -0.765617
