tower_020_020_100      34.8407   -4.6202 1192.6 410.030858  0.618030
tower_040_020_100      36.1314    0.4664  256.3 407.805258  0.511862
tower_060_020_100      37.1299    5.7541  100.0 410.146337 -0.199439
tower_080_020_100      37.8168   11.1969  100.0 411.378319  0.028286
tower_100_020_100      38.1782   16.7394  100.0 413.584433  1.608906
tower_020_040_100      38.9393   -6.4881  358.2 404.744037  0.084229
tower_060_040_100      41.4407    4.6095  100.0 411.067145 -0.301512
tower_080_040_100      42.1935   10.4770  100.3 410.919611 -0.802343
tower_100_040_100      42.5899   16.4702  100.0 418.916205  0.190335
tower_120_040_100      42.6209   22.5112 1154.5 410.905925  0.607756
tower_140_040_100      42.2857   28.5181  100.0 413.175034  2.197718
tower_040_060_100      44.5925   -2.8457  100.0 411.902713  0.121460
tower_080_060_100      46.6149    9.6297 2207.5 410.574798 -0.814229
tower_120_060_100      47.0845   22.7373  528.8 429.599548 -1.258804
tower_140_060_100      46.7162   29.2780  196.6 416.113663  0.246412
tower_020_080_100      47.1544  -11.1656  100.0 408.536377  0.238870
tower_040_080_100      48.8364   -4.9441  100.0 408.908602  0.892638
tower_060_080_100      50.1482    1.6766  149.2 411.915723 -0.341271
tower_080_080_100      51.0565    8.6182  551.1 404.751786  2.769164
tower_100_080_100      51.5363   15.7723  231.8 408.600668 -1.117258
tower_120_080_100      51.5738   23.0082  265.8 407.916908  0.443950
tower_140_080_100      51.1681   30.1858  211.2 412.159449  0.293730
tower_020_100_100      51.2071  -14.1346  100.0 408.989320 -0.559126
tower_040_100_100      53.0475   -7.4470  233.9 411.177116  0.206353
tower_060_100_100      54.4890   -0.2414  109.8 415.276656 -0.908334
tower_080_100_100      55.4905    7.3902  100.0 405.506597  1.249790
tower_100_100_100      56.0207   15.3087  102.3 408.553264 -0.019718
tower_120_100_100      56.0623   23.3385  203.3 419.567602 -0.706157
tower_140_100_100      55.6137   31.2889  269.1 414.028999 -0.287856
tower_020_120_100      55.1717  -17.6733  100.0 408.996184 -0.478223
tower_040_120_100      57.1884  -10.4758  100.0 409.214203  1.414963
tower_060_120_100      58.7769   -2.5935  100.4 409.154673 -1.327295
tower_100_120_100      60.4745   14.7310  382.9 409.621648  0.353891
tower_120_120_100      60.5207   23.7503  198.9 414.644253 -0.081747
tower_140_120_100      60.0223   32.6572  130.8 411.262333  0.750749
tower_020_140_100      59.0011  -21.9409  100.0 408.904724  1.837890
tower_040_140_100      61.2151  -14.2013  100.0 409.613748  0.117790
tower_060_140_100      62.9721   -5.5391  100.0 410.352257 -0.863825
tower_080_140_100      64.2065    3.9369  100.0 409.495911  0.116485
tower_120_140_100      64.9168   24.2777  101.1 412.393816 -0.627934
tower_140_140_100      64.3592   34.3981  169.6 410.536740  1.392180
