tower_020_020_100      34.8407   -4.6202 1192.6 416.645530 -1.566862
tower_040_020_100      36.1314    0.4664  256.3 414.382179  1.508858
tower_060_020_100      37.1299    5.7541  100.0 412.266731  1.181183
tower_080_020_100      37.8168   11.1969  100.0 412.789677  0.880034
tower_100_020_100      38.1782   16.7394  100.0 416.770483 -0.468664
tower_020_040_100      38.9393   -6.4881  358.2 414.736199 -0.384375
tower_060_040_100      41.4407    4.6095  100.0 414.113419  0.839141
tower_080_040_100      42.1935   10.4770  100.3 413.480807 -1.499521
tower_100_040_100      42.5899   16.4702  100.0 427.078920 -0.515002
tower_120_040_100      42.6209   22.5112 1154.5 408.733409  0.020269
tower_140_040_100      42.2857   28.5181  100.0 416.104388  1.310089
tower_040_060_100      44.5925   -2.8457  100.0 413.620270 -0.750004
tower_080_060_100      46.6149    9.6297 2207.5 412.698446  0.430711
tower_120_060_100      47.0845   22.7373  528.8 400.032052  1.495971
tower_140_060_100      46.7162   29.2780  196.6 410.443352 -0.463369
tower_020_080_100      47.1544  -11.1656  100.0 413.181218 -1.019514
tower_040_080_100      48.8364   -4.9441  100.0 413.889562 -0.384421
tower_060_080_100      50.1482    1.6766  149.2 411.808900  0.024353
tower_080_080_100      51.0565    8.6182  551.1 411.873768  0.136410
tower_100_080_100      51.5363   15.7723  231.8 407.527594  0.288763
tower_120_080_100      51.5738   23.0082  265.8 405.305804 -1.095611
tower_140_080_100      51.1681   30.1858  211.2 403.240327  0.617901
tower_020_100_100      51.2071  -14.1346  100.0 412.823085  0.344607
tower_040_100_100      53.0475   -7.4470  233.9 410.367317 -0.859453
tower_060_100_100      54.4890   -0.2414  109.8 412.131401 -0.943370
tower_080_100_100      55.4905    7.3902  100.0 411.780984 -0.504654
tower_100_100_100      56.0207   15.3087  102.3 411.012338  0.879754
tower_120_100_100      56.0623   23.3385  203.3 416.736099 -0.711278
tower_140_100_100      55.6137   31.2889  269.1 405.042940 -1.653298
tower_020_120_100      55.1717  -17.6733  100.0 412.125945 -0.439130
tower_040_120_100      57.1884  -10.4758  100.0 413.620877  0.950815
tower_060_120_100      58.7769   -2.5935  100.4 413.587008 -0.015071
tower_100_120_100      60.4745   14.7310  382.9 411.386426  1.327369
tower_120_120_100      60.5207   23.7503  198.9 410.088541 -0.606416
tower_140_120_100      60.0223   32.6572  130.8 407.097993  1.646779
tower_020_140_100      59.0011  -21.9409  100.0 412.376036 -0.056146
tower_040_140_100      61.2151  -14.2013  100.0 413.017979 -0.949127
tower_060_140_100      62.9721   -5.5391  100.0 413.953949 -1.210596
tower_080_140_100      64.2065    3.9369  100.0 408.358247 -1.259785
tower_120_140_100      64.9168   24.2777  101.1 410.258351 -0.202826
tower_140_140_100      64.3592   34.3981  169.6 407.836509 -0.609251
