tower_020_020_100      34.8407   -4.6202 1192.6 415.057151  0.169466
tower_040_020_100      36.1314    0.4664  256.3 406.550656 -0.730445
tower_060_020_100      37.1299    5.7541  100.0 416.038767 -0.083727
tower_080_020_100      37.8168   11.1969  100.0 418.255129  1.770168
tower_100_020_100      38.1782   16.7394  100.0 423.165481  0.656865
tower_020_040_100      38.9393   -6.4881  358.2 411.299940 -0.748680
tower_060_040_100      41.4407    4.6095  100.0 415.364269 -1.588480
tower_080_040_100      42.1935   10.4770  100.3 431.318177 -0.056364
tower_100_040_100      42.5899   16.4702  100.0 428.610789 -0.741336
tower_120_040_100      42.6209   22.5112 1154.5 401.005403 -1.126478
tower_140_040_100      42.2857   28.5181  100.0 412.779983  0.865183
tower_040_060_100      44.5925   -2.8457  100.0 417.616977 -0.066660
tower_080_060_100      46.6149    9.6297 2207.5 415.466619  0.421186
tower_120_060_100      47.0845   22.7373  528.8 414.036892 -0.025312
tower_140_060_100      46.7162   29.2780  196.6 420.138430  1.471266
tower_020_080_100      47.1544  -11.1656  100.0 416.996890 -2.676880
tower_040_080_100      48.8364   -4.9441  100.0 414.448056  0.710810
tower_060_080_100      50.1482    1.6766  149.2 432.466029 -0.416653
tower_080_080_100      51.0565    8.6182  551.1 423.003239 -0.050463
tower_100_080_100      51.5363   15.7723  231.8 430.274869 -0.452846
tower_120_080_100      51.5738   23.0082  265.8 411.361026 -0.501896
tower_140_080_100      51.1681   30.1858  211.2 414.084936 -0.267247
tower_020_100_100      51.2071  -14.1346  100.0 417.588838  0.818511
tower_040_100_100      53.0475   -7.4470  233.9 416.792362  1.212102
tower_060_100_100      54.4890   -0.2414  109.8 417.306616 -0.285409
tower_080_100_100      55.4905    7.3902  100.0 417.136505 -1.923877
tower_100_100_100      56.0207   15.3087  102.3 417.017277  0.246050
tower_120_100_100      56.0623   23.3385  203.3 413.565768  0.210664
tower_140_100_100      55.6137   31.2889  269.1 410.423257  0.960015
tower_020_120_100      55.1717  -17.6733  100.0 414.954917  0.113607
tower_040_120_100      57.1884  -10.4758  100.0 415.052158  0.406232
tower_060_120_100      58.7769   -2.5935  100.4 416.756337  1.101016
tower_100_120_100      60.4745   14.7310  382.9 417.338852  0.829839
tower_120_120_100      60.5207   23.7503  198.9 410.409408  0.576924
tower_140_120_100      60.0223   32.6572  130.8 413.351043 -0.342045
tower_020_140_100      59.0011  -21.9409  100.0 415.573485  0.263832
tower_040_140_100      61.2151  -14.2013  100.0 415.316693  0.362382
tower_060_140_100      62.9721   -5.5391  100.0 416.081175  0.019904
tower_080_140_100      64.2065    3.9369  100.0 414.828949 -0.060406
tower_120_140_100      64.9168   24.2777  101.1 426.904889  0.437923
tower_140_140_100      64.3592   34.3981  169.6 413.225354 -1.357846
