tower_020_020_100      34.8407   -4.6202 1192.6 412.387288 -1.544818
tower_040_020_100      36.1314    0.4664  256.3 400.128559 -0.436756
tower_060_020_100      37.1299    5.7541  100.0 409.515408 -0.199991
tower_080_020_100      37.8168   11.1969  100.0 411.241456  0.277985
tower_100_020_100      38.1782   16.7394  100.0 418.445637  0.560327
tower_020_040_100      38.9393   -6.4881  358.2 394.706369 -1.013298
tower_060_040_100      41.4407    4.6095  100.0 411.408892  1.042640
tower_080_040_100      42.1935   10.4770  100.3 411.713838  1.288904
tower_100_040_100      42.5899   16.4702  100.0 437.510855  0.999694
tower_120_040_100      42.6209   22.5112 1154.5 416.023106 -1.522986
tower_140_040_100      42.2857   28.5181  100.0 419.007025  1.792248
tower_040_060_100      44.5925   -2.8457  100.0 409.629574 -0.864635
tower_080_060_100      46.6149    9.6297 2207.5 410.277474  0.866778
tower_120_060_100      47.0845   22.7373  528.8 433.810748  0.509623
tower_140_060_100      46.7162   29.2780  196.6 447.430800 -0.018748
tower_020_080_100      47.1544  -11.1656  100.0 409.171203 -1.460797
tower_040_080_100      48.8364   -4.9441  100.0 407.862033 -0.641050
tower_060_080_100      50.1482    1.6766  149.2 416.550022 -0.194354
tower_080_080_100      51.0565    8.6182  551.1 412.472132 -0.154473
tower_100_080_100      51.5363   15.7723  231.8 438.493617  0.286108
tower_120_080_100      51.5738   23.0082  265.8 451.593385  0.075344
tower_140_080_100      51.1681   30.1858  211.2 417.140093 -0.464707
tower_020_100_100      51.2071  -14.1346  100.0 409.823608  1.376883
tower_040_100_100      53.0475   -7.4470  233.9 411.934848  0.068174
tower_060_100_100      54.4890   -0.2414  109.8 417.306506  0.755502
tower_080_100_100      55.4905    7.3902  100.0 404.260580 -1.048989
tower_100_100_100      56.0207   15.3087  102.3 410.099903  0.847324
tower_120_100_100      56.0623   23.3385  203.3 406.106290  0.518875
tower_140_100_100      55.6137   31.2889  269.1 409.154986  0.058610
tower_020_120_100      55.1717  -17.6733  100.0 409.425629  0.919637
tower_040_120_100      57.1884  -10.4758  100.0 409.330323 -1.142902
tower_060_120_100      58.7769   -2.5935  100.4 409.295928  1.119264
tower_100_120_100      60.4745   14.7310  382.9 409.300668  0.775995
tower_120_120_100      60.5207   23.7503  198.9 405.571827 -1.370890
tower_140_120_100      60.0223   32.6572  130.8 409.127529 -0.653689
tower_020_140_100      59.0011  -21.9409  100.0 409.815737  1.878634
tower_040_140_100      61.2151  -14.2013  100.0 409.271667 -2.466670
tower_060_140_100      62.9721   -5.5391  100.0 408.920994  0.127526
tower_080_140_100      64.2065    3.9369  100.0 409.744504  1.280494
tower_120_140_100      64.9168   24.2777  101.1 417.233145 -0.999141
tower_140_140_100      64.3592   34.3981  169.6 407.443692 -1.267318
