tower_020_020_100      34.8407   -4.6202 1192.6 412.031314 -1.110318
tower_040_020_100      36.1314    0.4664  256.3 410.092163 -0.090372
tower_060_020_100      37.1299    5.7541  100.0 409.094778 -1.331588
tower_080_020_100      37.8168   11.1969  100.0 413.474926 -1.677274
tower_100_020_100      38.1782   16.7394  100.0 412.381232 -1.489990
tower_020_040_100      38.9393   -6.4881  358.2 411.001133 -1.704704
tower_060_040_100      41.4407    4.6095  100.0 413.181135  0.042837
tower_080_040_100      42.1935   10.4770  100.3 416.714714  1.067885
tower_100_040_100      42.5899   16.4702  100.0 419.605054  0.015133
tower_120_040_100      42.6209   22.5112 1154.5 408.799611 -0.680550
tower_140_040_100      42.2857   28.5181  100.0 410.189260  0.372552
tower_040_060_100      44.5925   -2.8457  100.0 412.033970 -0.809161
tower_080_060_100      46.6149    9.6297 2207.5 411.963104 -1.953503
tower_120_060_100      47.0845   22.7373  528.8 421.068383  0.497538
tower_140_060_100      46.7162   29.2780  196.6 409.146552 -0.584254
tower_020_080_100      47.1544  -11.1656  100.0 409.725644  0.065372
tower_040_080_100      48.8364   -4.9441  100.0 408.998016 -1.325873
tower_060_080_100      50.1482    1.6766  149.2 407.268304  1.072927
tower_080_080_100      51.0565    8.6182  551.1 402.446534  0.243328
tower_100_080_100      51.5363   15.7723  231.8 410.788492 -0.500819
tower_120_080_100      51.5738   23.0082  265.8 434.708546 -0.120460
tower_140_080_100      51.1681   30.1858  211.2 408.485574 -1.798514
tower_020_100_100      51.2071  -14.1346  100.0 409.148006 -1.797118
tower_040_100_100      53.0475   -7.4470  233.9 408.658497 -1.359037
tower_060_100_100      54.4890   -0.2414  109.8 409.041822  0.745382
tower_080_100_100      55.4905    7.3902  100.0 410.788735 -0.416208
tower_100_100_100      56.0207   15.3087  102.3 406.488983 -0.330727
tower_120_100_100      56.0623   23.3385  203.3 411.403554 -1.354114
tower_140_100_100      55.6137   31.2889  269.1 411.003636 -0.073894
tower_020_120_100      55.1717  -17.6733  100.0 409.232271 -0.551981
tower_040_120_100      57.1884  -10.4758  100.0 408.856171 -0.849880
tower_060_120_100      58.7769   -2.5935  100.4 408.168205  0.562165
tower_100_120_100      60.4745   14.7310  382.9 411.723207  0.261305
tower_120_120_100      60.5207   23.7503  198.9 410.425509 -0.274326
tower_140_120_100      60.0223   32.6572  130.8 408.205018  1.027651
tower_020_140_100      59.0011  -21.9409  100.0 408.999784 -0.415756
tower_040_140_100      61.2151  -14.2013  100.0 408.847718 -1.051790
tower_060_140_100      62.9721   -5.5391  100.0 409.317445  1.511435
tower_080_140_100      64.2065    3.9369  100.0 410.248169 -0.130403
tower_120_140_100      64.9168   24.2777  101.1 411.387144 -0.350455
tower_140_140_100      64.3592   34.3981  169.6 408.220195  1.289176
