tower_020_020_100      34.8407   -4.6202 1192.6 414.054251 -0.447743
tower_040_020_100      36.1314    0.4664  256.3 408.467367  0.153474
tower_060_020_100      37.1299    5.7541  100.0 410.936632  0.228797
tower_080_020_100      37.8168   11.1969  100.0 410.049381 -0.172304
tower_100_020_100      38.1782   16.7394  100.0 414.966808  0.622498
tower_020_040_100      38.9393   -6.4881  358.2 411.318630  0.517648
tower_060_040_100      41.4407    4.6095  100.0 411.894141 -0.783473
tower_080_040_100      42.1935   10.4770  100.3 410.990966  0.564297
tower_100_040_100      42.5899   16.4702  100.0 413.149707  0.720003
tower_120_040_100      42.6209   22.5112 1154.5 410.927297 -0.616318
tower_140_040_100      42.2857   28.5181  100.0 408.623994 -2.623675
tower_040_060_100      44.5925   -2.8457  100.0 411.136413  0.751417
tower_080_060_100      46.6149    9.6297 2207.5 410.977233  0.613911
tower_120_060_100      47.0845   22.7373  528.8 417.715097  1.238954
tower_140_060_100      46.7162   29.2780  196.6 408.215475  0.006365
tower_020_080_100      47.1544  -11.1656  100.0 408.826814  0.040145
tower_040_080_100      48.8364   -4.9441  100.0 408.459748 -2.009335
tower_060_080_100      50.1482    1.6766  149.2 403.920391  0.999999
tower_080_080_100      51.0565    8.6182  551.1 404.981768  0.746942
tower_100_080_100      51.5363   15.7723  231.8 402.993861  1.260771
tower_120_080_100      51.5738   23.0082  265.8 405.574257  1.244872
tower_140_080_100      51.1681   30.1858  211.2 414.998538  0.246890
tower_020_100_100      51.2071  -14.1346  100.0 409.048767  1.321073
tower_040_100_100      53.0475   -7.4470  233.9 407.175669  0.336632
tower_060_100_100      54.4890   -0.2414  109.8 405.758319 -0.263454
tower_080_100_100      55.4905    7.3902  100.0 408.367519 -0.882565
tower_100_100_100      56.0207   15.3087  102.3 405.770174  0.302026
tower_120_100_100      56.0623   23.3385  203.3 404.992437  0.214391
tower_140_100_100      55.6137   31.2889  269.1 407.519463 -1.342784
tower_020_120_100      55.1717  -17.6733  100.0 409.311310 -1.265682
tower_040_120_100      57.1884  -10.4758  100.0 409.798031 -0.450067
tower_060_120_100      58.7769   -2.5935  100.4 409.028444 -2.042534
tower_100_120_100      60.4745   14.7310  382.9 406.353765  0.964500
tower_120_120_100      60.5207   23.7503  198.9 407.543483  0.904501
tower_140_120_100      60.0223   32.6572  130.8 408.748840 -1.746704
tower_020_140_100      59.0011  -21.9409  100.0 409.568604 -0.519431
tower_040_140_100      61.2151  -14.2013  100.0 409.122071 -0.673451
tower_060_140_100      62.9721   -5.5391  100.0 409.420109 -2.311365
tower_080_140_100      64.2065    3.9369  100.0 409.590000 -0.776473
tower_120_140_100      64.9168   24.2777  101.1 407.256160  0.834528
tower_140_140_100      64.3592   34.3981  169.6 407.998557 -1.264317
