tower_020_020_100      34.8407   -4.6202 1192.6 416.364641  1.101829
tower_040_020_100      36.1314    0.4664  256.3 412.201880  1.053950
tower_060_020_100      37.1299    5.7541  100.0 414.371887 -1.243548
tower_080_020_100      37.8168   11.1969  100.0 414.022646  0.570088
tower_100_020_100      38.1782   16.7394  100.0 414.162742 -0.639221
tower_020_040_100      38.9393   -6.4881  358.2 414.264244  1.238098
tower_060_040_100      41.4407    4.6095  100.0 415.222422  0.315782
tower_080_040_100      42.1935   10.4770  100.3 412.249303  0.407036
tower_100_040_100      42.5899   16.4702  100.0 422.616564  0.442738
tower_120_040_100      42.6209   22.5112 1154.5 418.060137  0.470875
tower_140_040_100      42.2857   28.5181  100.0 415.045878 -0.394774
tower_040_060_100      44.5925   -2.8457  100.0 414.365602  0.078736
tower_080_060_100      46.6149    9.6297 2207.5 412.490509  0.138799
tower_120_060_100      47.0845   22.7373  528.8 420.070705  0.939382
tower_140_060_100      46.7162   29.2780  196.6 416.961887 -1.274291
tower_020_080_100      47.1544  -11.1656  100.0 412.809729 -0.884968
tower_040_080_100      48.8364   -4.9441  100.0 412.448166 -0.215663
tower_060_080_100      50.1482    1.6766  149.2 411.205720  0.433575
tower_080_080_100      51.0565    8.6182  551.1 411.769263 -0.662839
tower_100_080_100      51.5363   15.7723  231.8 412.413482 -1.180215
tower_120_080_100      51.5738   23.0082  265.8 412.917206  1.411495
tower_140_080_100      51.1681   30.1858  211.2 416.535943  2.455713
tower_020_100_100      51.2071  -14.1346  100.0 413.627991  0.841594
tower_040_100_100      53.0475   -7.4470  233.9 411.033750  1.851577
tower_060_100_100      54.4890   -0.2414  109.8 417.402143  0.009960
tower_080_100_100      55.4905    7.3902  100.0 412.758212  1.159089
tower_100_100_100      56.0207   15.3087  102.3 410.467051 -0.238904
tower_120_100_100      56.0623   23.3385  203.3 412.009374 -0.230638
tower_140_100_100      55.6137   31.2889  269.1 401.838435 -1.491102
tower_020_120_100      55.1717  -17.6733  100.0 414.704991  0.089992
tower_040_120_100      57.1884  -10.4758  100.0 414.643646  0.925776
tower_060_120_100      58.7769   -2.5935  100.4 414.735410 -1.341531
tower_100_120_100      60.4745   14.7310  382.9 410.096673 -1.526171
tower_120_120_100      60.5207   23.7503  198.9 410.856702  0.278052
tower_140_120_100      60.0223   32.6572  130.8 409.584013  1.255419
tower_020_140_100      59.0011  -21.9409  100.0 412.718689  0.547671
tower_040_140_100      61.2151  -14.2013  100.0 414.689667 -0.188660
tower_060_140_100      62.9721   -5.5391  100.0 413.601256  0.752174
tower_080_140_100      64.2065    3.9369  100.0 412.543093  1.313158
tower_120_140_100      64.9168   24.2777  101.1 412.607330  0.411116
tower_140_140_100      64.3592   34.3981  169.6 413.920257  1.040541
