tower_020_020_100      34.8407   -4.6202 1192.6 413.431563  0.424214
tower_040_020_100      36.1314    0.4664  256.3 410.624994  0.186823
tower_060_020_100      37.1299    5.7541  100.0 412.432839 -0.030829
tower_080_020_100      37.8168   11.1969  100.0 415.361439 -0.680037
tower_100_020_100      38.1782   16.7394  100.0 417.331344 -1.307341
tower_020_040_100      38.9393   -6.4881  358.2 409.965333 -0.144800
tower_060_040_100      41.4407    4.6095  100.0 410.296664  1.839002
tower_080_040_100      42.1935   10.4770  100.3 410.860747  1.585735
tower_100_040_100      42.5899   16.4702  100.0 425.753067  0.389585
tower_120_040_100      42.6209   22.5112 1154.5 422.911527 -0.587477
tower_140_040_100      42.2857   28.5181  100.0 409.782436 -1.289132
tower_040_060_100      44.5925   -2.8457  100.0 411.547091 -1.667605
tower_080_060_100      46.6149    9.6297 2207.5 412.257584  0.732154
tower_120_060_100      47.0845   22.7373  528.8 415.315124  1.843914
tower_140_060_100      46.7162   29.2780  196.6 413.474582 -0.302856
tower_020_080_100      47.1544  -11.1656  100.0 405.391213  1.285457
tower_040_080_100      48.8364   -4.9441  100.0 406.772594 -1.452259
tower_060_080_100      50.1482    1.6766  149.2 406.710819 -1.146102
tower_080_080_100      51.0565    8.6182  551.1 408.000290  0.516316
tower_100_080_100      51.5363   15.7723  231.8 411.552433 -0.427121
tower_120_080_100      51.5738   23.0082  265.8 410.805329  0.440612
tower_140_080_100      51.1681   30.1858  211.2 412.197630  2.204560
tower_020_100_100      51.2071  -14.1346  100.0 405.574755  1.414921
tower_040_100_100      53.0475   -7.4470  233.9 412.086236  1.496789
tower_060_100_100      54.4890   -0.2414  109.8 410.171315  1.219101
tower_080_100_100      55.4905    7.3902  100.0 411.212768 -0.444781
tower_100_100_100      56.0207   15.3087  102.3 415.111223  0.036999
tower_120_100_100      56.0623   23.3385  203.3 412.180367 -1.726693
tower_140_100_100      55.6137   31.2889  269.1 409.946472  0.847470
tower_020_120_100      55.1717  -17.6733  100.0 412.716741  0.964365
tower_040_120_100      57.1884  -10.4758  100.0 413.263213 -0.178981
tower_060_120_100      58.7769   -2.5935  100.4 412.658817  0.693901
tower_100_120_100      60.4745   14.7310  382.9 410.814921  0.513130
tower_120_120_100      60.5207   23.7503  198.9 412.822804 -0.990098
tower_140_120_100      60.0223   32.6572  130.8 410.445867 -0.523642
tower_020_140_100      59.0011  -21.9409  100.0 413.540160  0.458463
tower_040_140_100      61.2151  -14.2013  100.0 406.939360 -0.344388
tower_060_140_100      62.9721   -5.5391  100.0 409.396161  0.107366
tower_080_140_100      64.2065    3.9369  100.0 410.494536  0.750017
tower_120_140_100      64.9168   24.2777  101.1 410.772738  1.640297
tower_140_140_100      64.3592   34.3981  169.6 410.664078  1.500868
