sounding_014_092       36.7654   14.6367   -1.0 414.223847  0.372822
sounding_014_093       36.7810   14.9082   -1.0 414.136461 -1.483750
sounding_015_092       36.9829   14.6167   -1.0 414.179588 -0.594946
sounding_015_093       36.9986   14.8892   -1.0 414.172572  0.574729
sounding_016_090       37.1668   14.0499   -1.0 414.298915 -0.581718
sounding_016_091       37.1841   14.3232   -1.0 414.122302  1.248095
sounding_016_092       37.2007   14.5965   -1.0 414.085662  0.522590
sounding_016_093       37.2164   14.8701   -1.0 414.161129  0.251654
sounding_017_088       37.3472   13.4796   -1.0 414.565112  0.174930
sounding_017_089       37.3663   13.7535   -1.0 414.441411 -0.417931
sounding_017_090       37.3845   14.0276   -1.0 414.292349 -0.389906
sounding_017_091       37.4019   14.3018   -1.0 414.143991  0.729693
sounding_017_092       37.4186   14.5762   -1.0 414.077959 -0.357897
sounding_017_093       37.4344   14.8508   -1.0 414.119474 -2.053239
sounding_018_087       37.5450   13.1803   -1.0 414.666655 -2.791372
sounding_018_088       37.5650   13.4550   -1.0 414.629867 -0.337317
sounding_018_089       37.5841   13.7300   -1.0 414.570405  0.023530
sounding_018_090       37.6024   14.0050   -1.0 414.570888 -1.016933
sounding_018_091       37.6200   14.2803   -1.0 414.521553  0.648371
sounding_018_092       37.6367   14.5557   -1.0 414.397458 -0.357754
sounding_018_093       37.6525   14.8313   -1.0 414.341495 -0.092764
sounding_018_094       37.6676   15.1071   -1.0 414.308297  0.137686
sounding_019_085       37.7203   12.6036   -1.0 414.724144  2.417794
sounding_019_086       37.7420   12.8790   -1.0 414.729361 -0.075680
sounding_019_087       37.7629   13.1545   -1.0 414.779957 -0.044270
sounding_019_088       37.7829   13.4303   -1.0 414.836977 -0.418633
sounding_019_089       37.8021   13.7062   -1.0 414.891003 -1.174944
sounding_019_090       37.8206   13.9824   -1.0 414.936471  1.908214
sounding_019_091       37.8381   14.2586   -1.0 414.946599 -0.007595
sounding_019_092       37.8549   14.5351   -1.0 414.893384  1.195641
sounding_019_093       37.8708   14.8117   -1.0 414.786500 -1.815986
sounding_019_094       37.8860   15.0885   -1.0 414.510413 -0.764421
sounding_020_085       37.9381   12.5756   -1.0 414.778346 -2.049464
sounding_020_086       37.9599   12.8519   -1.0 414.819396  0.581360
sounding_020_087       37.9809   13.1285   -1.0 414.927829  0.038477
sounding_020_088       38.0010   13.4053   -1.0 415.019012  0.227983
sounding_020_093       38.0894   14.7920   -1.0 414.814274 -0.729441
sounding_020_094       38.1045   15.0698   -1.0 414.416919 -0.140853
sounding_020_095       38.1189   15.3477   -1.0 413.852391  0.205416
sounding_028_097       39.9013   15.7753   -1.0 412.293509  0.764979
sounding_029_096       40.1083   15.4706   -1.0 412.615427  2.076970
sounding_029_097       40.1215   15.7586   -1.0 412.321076  0.406011
sounding_030_095       40.3145   15.1636   -1.0 413.009372 -0.714826
sounding_030_096       40.3286   15.4526   -1.0 412.699502  0.631341
sounding_030_097       40.3419   15.7418   -1.0 412.435258 -0.568913
sounding_031_095       40.5349   15.1444   -1.0 412.937269 -0.864364
sounding_031_096       40.5491   15.4346   -1.0 412.720756 -2.095662
sounding_032_094       40.7403   14.8338   -1.0 413.080405 -0.288030
sounding_032_095       40.7554   15.1250   -1.0 412.878595  0.142940
sounding_033_094       40.9609   14.8131   -1.0 412.949731  0.737225
sounding_033_095       40.9761   15.1055   -1.0 412.806360 -0.382856
sounding_033_099       41.0283   16.2763   -1.0 413.165610  0.133703
sounding_034_094       41.1817   14.7923   -1.0 412.836335 -0.358969
sounding_034_099       41.2494   16.2613   -1.0 413.326104  0.725074
sounding_036_095       41.6391   15.0459   -1.0 413.148011  0.612696
sounding_036_096       41.6536   15.3420   -1.0 413.024466  0.405925
sounding_036_097       41.6673   15.6381   -1.0 413.025321  1.163927
sounding_036_098       41.6801   15.9345   -1.0 413.155064 -1.679447
sounding_037_096       41.8749   15.3230   -1.0 413.240457 -0.520680
sounding_037_097       41.8887   15.6204   -1.0 413.223212  0.752084
sounding_037_098       41.9015   15.9179   -1.0 413.279837 -1.324495
sounding_044_101       43.4893   16.7176   -1.0 413.428463  0.638044
sounding_044_102       43.4988   17.0243   -1.0 413.180198 -0.874882
sounding_045_099       43.6899   16.0880   -1.0 413.679166 -0.951364
sounding_045_100       43.7013   16.3958   -1.0 413.458233  0.573761
sounding_045_101       43.7118   16.7038   -1.0 413.208876  1.147121
sounding_045_102       43.7214   17.0118   -1.0 413.113411 -1.283541
sounding_045_103       43.7300   17.3200   -1.0 413.181950  1.109631
sounding_046_098       43.9000   15.7625   -1.0 413.810603  1.343319
sounding_046_099       43.9124   16.0715   -1.0 413.503463 -0.176666
sounding_046_100       43.9239   16.3806   -1.0 413.193672  0.131835
sounding_046_101       43.9345   16.6898   -1.0 413.133753 -1.850914
sounding_046_102       43.9441   16.9992   -1.0 413.279614  2.049836
sounding_046_103       43.9528   17.3086   -1.0 413.509397 -0.598909
sounding_047_097       44.1092   15.4344   -1.0 413.921258 -0.909716
sounding_047_098       44.1226   15.7445   -1.0 413.655925 -0.579759
sounding_047_099       44.1351   16.0548   -1.0 413.295858 -0.443524
sounding_047_100       44.1467   16.3652   -1.0 413.091756  0.140083
sounding_047_101       44.1573   16.6758   -1.0 413.226522  0.322617
sounding_047_102       44.1670   16.9864   -1.0 413.512667  0.810473
sounding_047_103       44.1757   17.2972   -1.0 413.740114  0.511312
sounding_048_097       44.3318   15.4149   -1.0 413.774223  0.805229
sounding_048_098       44.3453   15.7264   -1.0 413.513214  1.892952
sounding_048_099       44.3579   16.0380   -1.0 413.247739  0.099952
sounding_048_100       44.3695   16.3497   -1.0 413.218543 -0.492913
sounding_048_101       44.3802   16.6616   -1.0 413.498628  0.743893
sounding_048_102       44.3899   16.9735   -1.0 413.752568 -0.157465
sounding_048_103       44.3987   17.2856   -1.0 413.875966  1.901055
sounding_048_104       44.4065   17.5978   -1.0 413.941471 -1.484481
sounding_049_096       44.5401   15.0827   -1.0 413.933757  0.071856
sounding_049_097       44.5546   15.3953   -1.0 413.741040  0.168985
sounding_049_098       44.5682   15.7081   -1.0 413.486082 -0.333656
sounding_049_099       44.5808   16.0210   -1.0 413.357641  1.249543
sounding_049_100       44.5924   16.3341   -1.0 413.476800 -0.075559
sounding_049_101       44.6032   16.6472   -1.0 413.712742  1.415624
sounding_049_102       44.6129   16.9605   -1.0 413.842532  0.226020
sounding_049_103       44.6217   17.2740   -1.0 413.932994 -0.707641
sounding_049_104       44.6296   17.5875   -1.0 413.955426 -0.495626
sounding_050_096       44.7628   15.0616   -1.0 413.955784 -1.005699
sounding_050_097       44.7774   15.3755   -1.0 413.800519 -1.397824
sounding_050_098       44.7911   15.6896   -1.0 413.615275 -0.970682
sounding_050_099       44.8038   16.0039   -1.0 413.605120  0.180588
sounding_050_100       44.8155   16.3183   -1.0 413.693681 -1.075709
sounding_050_101       44.8262   16.6328   -1.0 413.787646 -0.659678
sounding_050_102       44.8360   16.9474   -1.0 413.825116 -1.304782
sounding_050_103       44.8449   17.2622   -1.0 413.840281 -0.316331
sounding_050_104       44.8528   17.5771   -1.0 413.815786 -0.231686
sounding_051_096       44.9857   15.0403   -1.0 414.045687  0.230568
sounding_051_097       45.0004   15.3555   -1.0 413.910063 -0.796221
sounding_051_098       45.0141   15.6710   -1.0 413.796824  1.039339
sounding_051_099       45.0268   15.9866   -1.0 413.806201  0.720953
sounding_051_100       45.0386   16.3023   -1.0 413.861500 -0.712599
sounding_051_101       45.0494   16.6182   -1.0 413.870310 -0.466709
sounding_051_102       45.0593   16.9343   -1.0 413.813581 -0.537333
sounding_051_103       45.0682   17.2504   -1.0 413.755189  0.005288
sounding_051_104       45.0761   17.5666   -1.0 413.758055  0.781079
sounding_052_095       45.1930   14.7023   -1.0 414.162937  0.196389
sounding_052_096       45.2087   15.0188   -1.0 414.131023 -1.473948
sounding_052_097       45.2234   15.3354   -1.0 413.955514 -2.675962
sounding_052_098       45.2372   15.6522   -1.0 413.847708  1.203484
sounding_052_099       45.2500   15.9692   -1.0 413.903549 -0.580116
sounding_052_100       45.2618   16.2863   -1.0 414.027018 -0.605479
sounding_052_101       45.2727   16.6035   -1.0 414.053536  0.292301
sounding_052_102       45.2826   16.9209   -1.0 413.932559  2.093195
sounding_052_103       45.2915   17.2384   -1.0 413.787736  0.744971
sounding_052_104       45.2995   17.5560   -1.0 413.812988 -0.167679
sounding_052_105       45.3064   17.8738   -1.0 413.952038  0.492913
sounding_053_096       45.4317   14.9971   -1.0 414.056529 -1.446541
sounding_053_097       45.4465   15.3151   -1.0 413.811008 -1.234708
sounding_053_098       45.4604   15.6332   -1.0 413.708709 -1.330013
sounding_053_099       45.4732   15.9516   -1.0 413.870548  1.034198
sounding_053_100       45.4851   16.2701   -1.0 414.141660  1.285337
sounding_053_101       45.4960   16.5888   -1.0 414.278584  0.807869
sounding_053_102       45.5060   16.9075   -1.0 414.187439 -0.604533
sounding_053_103       45.5149   17.2264   -1.0 413.997081 -0.024557
sounding_053_104       45.5230   17.5454   -1.0 413.956614 -0.232010
sounding_053_105       45.5300   17.8645   -1.0 414.038574  0.811927
sounding_054_096       45.6549   14.9752   -1.0 413.800570 -1.600423
sounding_054_097       45.6697   15.2946   -1.0 413.540251  1.610178
sounding_054_098       45.6836   15.6141   -1.0 413.511610  1.940128
sounding_054_099       45.6966   15.9339   -1.0 413.824511  0.928427
sounding_054_100       45.7085   16.2538   -1.0 414.228287  0.481018
sounding_054_101       45.7195   16.5738   -1.0 414.441045  0.658809
sounding_054_102       45.7295   16.8940   -1.0 414.367125  0.818162
sounding_054_103       45.7385   17.2142   -1.0 414.188976 -0.344275
sounding_054_104       45.7465   17.5346   -1.0 414.032503 -1.522100
sounding_054_105       45.7536   17.8551   -1.0 413.969389  1.104566
sounding_055_096       45.8781   14.9531   -1.0 413.521030 -0.749540
sounding_055_097       45.8930   15.2739   -1.0 413.295802  0.546292
sounding_055_098       45.9070   15.5948   -1.0 413.337462  1.107698
sounding_055_099       45.9200   15.9160   -1.0 413.742855 -1.058218
sounding_055_100       45.9320   16.2373   -1.0 414.229779 -1.100670
sounding_055_101       45.9430   16.5587   -1.0 414.469932  2.032270
sounding_055_102       45.9530   16.8803   -1.0 414.396635  0.372046
sounding_055_103       45.9621   17.2020   -1.0 414.164802 -1.703683
sounding_055_104       45.9702   17.5237   -1.0 413.930337  0.578700
sounding_055_105       45.9773   17.8456   -1.0 413.754934  0.164677
sounding_055_106       45.9834   18.1676   -1.0 413.584482  0.195387
sounding_056_097       46.1164   15.2530   -1.0 413.113043 -0.410338
sounding_056_098       46.1304   15.5754   -1.0 413.127104 -0.485827
sounding_056_099       46.1435   15.8979   -1.0 413.560822 -0.175586
sounding_056_100       46.1555   16.2206   -1.0 414.096097 -1.380705
sounding_056_101       46.1666   16.5435   -1.0 414.341806 -0.439916
sounding_056_102       46.1767   16.8665   -1.0 414.237223 -0.150961
sounding_056_103       46.1858   17.1896   -1.0 413.974477  1.007151
sounding_056_104       46.1939   17.5128   -1.0 413.715275  0.408456
sounding_056_105       46.2010   17.8361   -1.0 413.526550 -0.298305
sounding_056_106       46.2072   18.1595   -1.0 413.384146 -0.225594
sounding_057_097       46.3398   15.2320   -1.0 412.921163 -0.869227
sounding_057_098       46.3539   15.5558   -1.0 412.926696  0.537249
sounding_057_099       46.3670   15.8797   -1.0 413.354122 -0.441506
sounding_057_100       46.3792   16.2039   -1.0 413.899314  0.584236
sounding_057_101       46.3903   16.5281   -1.0 414.152978  1.178519
sounding_057_102       46.4004   16.8526   -1.0 414.026225 -2.004277
sounding_057_103       46.4096   17.1771   -1.0 413.733469  1.147857
sounding_057_104       46.4177   17.5017   -1.0 413.501754  1.529037
sounding_057_105       46.4249   17.8265   -1.0 413.390932 -1.708279
sounding_057_106       46.4310   18.1513   -1.0 413.282766  0.510121
sounding_058_097       46.5633   15.2108   -1.0 412.691967  0.926134
sounding_058_098       46.5775   15.5360   -1.0 412.729536 -0.057550
sounding_058_099       46.5907   15.8614   -1.0 413.125574 -0.835615
sounding_058_100       46.6029   16.1869   -1.0 413.647989 -0.788857
sounding_058_101       46.6140   16.5127   -1.0 413.907866 -0.167644
sounding_058_102       46.6242   16.8385   -1.0 413.811892 -1.155431
sounding_058_103       46.6334   17.1645   -1.0 413.560089 -1.235263
sounding_058_104       46.6416   17.4906   -1.0 413.386673 -0.732729
sounding_058_105       46.6488   17.8168   -1.0 413.301958 -0.715397
sounding_058_106       46.6550   18.1431   -1.0 413.231201  1.185714
sounding_058_107       46.6602   18.4694   -1.0 413.171965  0.330918
sounding_059_098       46.8012   15.5160   -1.0 412.541866 -0.872134
sounding_059_099       46.8144   15.8428   -1.0 412.922300 -0.258681
sounding_059_100       46.8266   16.1699   -1.0 413.374903 -1.179822
sounding_059_101       46.8379   16.4970   -1.0 413.611892  0.088684
sounding_059_102       46.8481   16.8243   -1.0 413.554860  1.256078
sounding_059_103       46.8573   17.1518   -1.0 413.392770 -0.954417
sounding_059_104       46.8656   17.4793   -1.0 413.291300 -0.952209
sounding_059_105       46.8728   17.8070   -1.0 413.259060  0.329423
sounding_059_106       46.8790   18.1348   -1.0 413.261417 -1.436174
sounding_059_107       46.8842   18.4626   -1.0 413.306954 -2.109805
sounding_060_098       47.0249   15.4959   -1.0 412.518438  0.304641
sounding_060_100       47.0505   16.1527   -1.0 413.122077  1.308238
sounding_060_101       47.0618   16.4813   -1.0 413.307990 -0.351832
sounding_060_105       47.0968   17.7971   -1.0 413.214402 -1.949998
sounding_060_106       47.1031   18.1263   -1.0 413.383819 -0.423299
sounding_060_107       47.1083   18.4557   -1.0 413.580015  1.384738
sounding_061_098       47.2486   15.4755   -1.0 412.686537 -1.064163
sounding_061_099       47.2620   15.8053   -1.0 412.824052 -1.059592
sounding_061_100       47.2744   16.1352   -1.0 412.976696 -0.015782
sounding_061_104       47.3137   17.4565   -1.0 412.979473 -1.296091
sounding_061_105       47.3210   17.7872   -1.0 413.212862  0.001843
sounding_061_106       47.3272   18.1179   -1.0 413.528202  0.266922
sounding_061_107       47.3325   18.4487   -1.0 413.853482 -0.858152
sounding_061_108       47.3368   18.7795   -1.0 414.127089  0.665982
sounding_062_098       47.4725   15.4550   -1.0 412.966213 -0.580758
sounding_062_102       47.5201   16.7811   -1.0 412.924730  0.501575
sounding_062_103       47.5295   17.1130   -1.0 412.887545  2.819405
sounding_062_104       47.5378   17.4450   -1.0 412.971763 -0.493318
sounding_062_105       47.5451   17.7771   -1.0 413.246953  0.916830
sounding_062_106       47.5515   18.1093   -1.0 413.605720 -0.519481
sounding_062_107       47.5568   18.4416   -1.0 413.978261 -0.204299
sounding_062_108       47.5610   18.7740   -1.0 414.214203 -0.153587
sounding_063_101       47.7338   16.4331   -1.0 413.070335  0.082132
sounding_063_102       47.7442   16.7664   -1.0 413.131334  0.431954
sounding_063_103       47.7536   17.0998   -1.0 413.099188 -0.726367
sounding_063_104       47.7620   17.4333   -1.0 413.164475 -1.016889
sounding_063_105       47.7694   17.7670   -1.0 413.361361  0.497426
sounding_063_106       47.7757   18.1007   -1.0 413.642276 -0.340975
sounding_063_107       47.7810   18.4345   -1.0 413.910186 -0.433933
sounding_063_108       47.7853   18.7684   -1.0 414.064414 -0.796030
sounding_064_100       47.9464   16.0821   -1.0 413.114289  0.668962
sounding_064_101       47.9579   16.4168   -1.0 413.473486  1.192410
sounding_064_102       47.9684   16.7516   -1.0 413.581150  0.869778
sounding_064_103       47.9779   17.0865   -1.0 413.475396  0.524243
sounding_064_104       47.9863   17.4216   -1.0 413.397662 -0.105930
sounding_064_105       47.9937   17.7567   -1.0 413.444365  1.268794
sounding_064_106       48.0001   18.0920   -1.0 413.563893  0.212040
sounding_064_107       48.0054   18.4273   -1.0 413.734849  0.775069
sounding_064_108       48.0097   18.7627   -1.0 413.854085  1.429672
sounding_065_099       48.1579   15.7281   -1.0 412.932243  0.680684
sounding_065_100       48.1705   16.0641   -1.0 413.510079 -1.805814
sounding_065_101       48.1821   16.4003   -1.0 413.980115 -0.606042
sounding_065_102       48.1926   16.7366   -1.0 414.048836 -0.830217
sounding_065_103       48.2021   17.0731   -1.0 413.805703 -0.843978
sounding_065_104       48.2106   17.4097   -1.0 413.517291 -0.388147
sounding_065_105       48.2180   17.7464   -1.0 413.411053  1.891585
sounding_065_106       48.2244   18.0832   -1.0 413.385232 -0.715496
sounding_065_107       48.2298   18.4200   -1.0 413.429010  0.028262
sounding_065_108       48.2341   18.7570   -1.0 413.559600  0.206059
sounding_065_109       48.2375   19.0940   -1.0 413.790014 -0.595507
sounding_066_100       48.3947   16.0459   -1.0 413.999970 -1.011816
sounding_066_101       48.4063   16.3836   -1.0 414.351101 -0.655832
sounding_066_102       48.4169   16.7215   -1.0 414.281219  1.822392
sounding_066_103       48.4265   17.0595   -1.0 413.923669 -0.480403
sounding_066_104       48.4350   17.3977   -1.0 413.567941 -0.134814
sounding_066_105       48.4425   17.7360   -1.0 413.353703 -1.632002
sounding_066_106       48.4489   18.0743   -1.0 413.196831 -0.487403
sounding_066_107       48.4543   18.4127   -1.0 413.142844  0.587895
sounding_066_108       48.4586   18.7512   -1.0 413.214906  0.273641
sounding_066_109       48.4619   19.0898   -1.0 413.306432  0.881160
sounding_067_100       48.6189   16.0276   -1.0 414.392466  1.381986
sounding_067_101       48.6306   16.3668   -1.0 414.441169 -1.172477
sounding_067_102       48.6412   16.7063   -1.0 414.227313  0.292884
sounding_067_103       48.6508   17.0459   -1.0 413.845771  1.096547
sounding_067_104       48.6594   17.3856   -1.0 413.523905 -0.521313
sounding_067_105       48.6669   17.7254   -1.0 413.337814  0.036561
sounding_067_106       48.6733   18.0653   -1.0 413.123924  1.075018
sounding_067_107       48.6788   18.4054   -1.0 412.961003 -0.621145
sounding_067_108       48.6832   18.7454   -1.0 412.853395 -0.401975
sounding_067_109       48.6865   19.0856   -1.0 412.733547 -0.120824
sounding_068_100       48.8432   16.0090   -1.0 414.586590  0.131708
sounding_068_101       48.8549   16.3499   -1.0 414.340353  2.105884
sounding_068_102       48.8656   16.6909   -1.0 414.015728  0.106810
sounding_068_103       48.8752   17.0321   -1.0 413.668196  0.797081
sounding_068_104       48.8838   17.3734   -1.0 413.419774  0.827980
sounding_068_105       48.8914   17.7148   -1.0 413.260205  1.005925
sounding_068_106       48.8979   18.0563   -1.0 413.136188 -0.858977
sounding_068_107       48.9033   18.3979   -1.0 412.879952 -0.413456
sounding_068_108       48.9077   18.7396   -1.0 412.630763 -0.466904
sounding_068_109       48.9111   19.0813   -1.0 412.490802 -0.284102
sounding_068_110       48.9134   19.4231   -1.0 412.645957  0.722489
sounding_069_101       49.0793   16.3328   -1.0 414.250407 -0.476392
sounding_069_102       49.0900   16.6754   -1.0 413.832746  0.671259
sounding_069_103       49.0997   17.0182   -1.0 413.477026 -0.227148
sounding_069_104       49.1083   17.3610   -1.0 413.240653  2.017960
sounding_069_105       49.1159   17.7041   -1.0 413.093599  0.529924
sounding_069_106       49.1224   18.0472   -1.0 412.996491 -0.476641
sounding_069_107       49.1279   18.3904   -1.0 412.767044 -0.145851
sounding_069_108       49.1323   18.7336   -1.0 412.571770  0.927373
sounding_069_109       49.1357   19.0770   -1.0 412.618309 -1.760769
sounding_069_110       49.1380   19.4203   -1.0 412.898609  0.511241
sounding_070_101       49.3037   16.3155   -1.0 414.294920 -1.708304
sounding_070_102       49.3145   16.6597   -1.0 413.788344  0.144207
sounding_070_103       49.3242   17.0041   -1.0 413.361202  2.483158
sounding_070_104       49.3329   17.3486   -1.0 413.048486 -0.577051
sounding_070_105       49.3405   17.6932   -1.0 412.887504  1.374422
sounding_070_106       49.3470   18.0380   -1.0 412.722942 -0.408503
sounding_070_107       49.3525   18.3828   -1.0 412.625352 -2.029706
sounding_070_108       49.3570   18.7277   -1.0 412.674369  0.387775
sounding_070_109       49.3603   19.0726   -1.0 412.966388 -1.486882
sounding_070_110       49.3627   19.4176   -1.0 413.476694 -0.105172
sounding_071_101       49.5281   16.2981   -1.0 414.412434  1.123798
sounding_071_102       49.5389   16.6439   -1.0 413.894941 -0.457198
sounding_071_103       49.5487   16.9899   -1.0 413.443335 -0.478035
sounding_071_104       49.5574   17.3361   -1.0 413.066604  1.799046
sounding_071_105       49.5651   17.6823   -1.0 412.719600 -1.211209
sounding_071_106       49.5717   18.0287   -1.0 412.454726  0.607546
sounding_071_107       49.5772   18.3751   -1.0 412.513627  2.879300
sounding_071_108       49.5817   18.7217   -1.0 412.868093 -0.186148
sounding_071_109       49.5851   19.0682   -1.0 413.440267  1.552911
sounding_071_110       49.5874   19.4149   -1.0 414.052115  0.479493
sounding_071_111       49.5886   19.7615   -1.0 414.550419  0.385304
sounding_072_102       49.7634   16.6279   -1.0 414.134783 -1.569631
sounding_072_103       49.7732   16.9756   -1.0 413.753567  0.256500
sounding_072_104       49.7820   17.3234   -1.0 413.268103 -0.458424
sounding_072_105       49.7897   17.6713   -1.0 412.724903 -0.489195
sounding_072_106       49.7963   18.0193   -1.0 412.420462  1.133494
sounding_072_107       49.8019   18.3674   -1.0 412.557565 -0.432225
sounding_072_108       49.8064   18.7156   -1.0 413.096220 -1.028261
sounding_072_109       49.8098   19.0638   -1.0 413.801106 -1.097664
sounding_072_110       49.8121   19.4121   -1.0 414.483657  0.684168
sounding_072_111       49.8134   19.7604   -1.0 414.989980  0.051351
sounding_073_102       49.9879   16.6118   -1.0 414.445596 -0.312362
sounding_073_103       49.9978   16.9611   -1.0 414.071724 -0.091096
sounding_073_104       50.0066   17.3106   -1.0 413.429614 -1.846525
sounding_073_105       50.0144   17.6601   -1.0 412.810897 -1.323792
sounding_073_106       50.0210   18.0098   -1.0 412.638715 -1.420426
sounding_073_107       50.0266   18.3596   -1.0 412.873787  1.907537
sounding_073_108       50.0311   18.7094   -1.0 413.380284  0.217296
sounding_073_109       50.0345   19.0593   -1.0 414.031381  0.101785
sounding_073_110       50.0369   19.4092   -1.0 414.749813  0.310072
sounding_073_111       50.0382   19.7592   -1.0 415.313888 -1.233748
sounding_074_102       50.2125   16.5955   -1.0 414.514414 -1.002246
sounding_074_103       50.2224   16.9465   -1.0 414.021720 -1.337664
sounding_074_104       50.2313   17.2976   -1.0 413.326406  1.222831
sounding_074_105       50.2390   17.6489   -1.0 412.940389 -0.893586
sounding_074_106       50.2457   18.0002   -1.0 412.979269 -0.834128
sounding_074_107       50.2513   18.3517   -1.0 413.253985  0.820747
sounding_074_108       50.2559   18.7032   -1.0 413.618330  1.109114
sounding_074_109       50.2593   19.0548   -1.0 414.175341  0.955137
sounding_074_110       50.2617   19.4064   -1.0 414.926773  2.226083
sounding_074_111       50.2629   19.7581   -1.0 415.538216 -0.292181
sounding_074_112       50.2632   20.1097   -1.0 415.732056 -1.609291
sounding_075_102       50.4370   16.5791   -1.0 414.210290 -1.508854
sounding_075_103       50.4470   16.9318   -1.0 413.553157 -0.819817
sounding_075_104       50.4559   17.2846   -1.0 413.117080  0.344966
sounding_075_105       50.4637   17.6375   -1.0 413.121107 -2.421237
sounding_075_106       50.4704   17.9906   -1.0 413.359796  1.275522
sounding_075_107       50.4761   18.3437   -1.0 413.571340  1.455082
sounding_075_108       50.4806   18.6969   -1.0 413.789243  0.754290
sounding_075_109       50.4841   19.0502   -1.0 414.304076 -0.345158
sounding_075_110       50.4865   19.4035   -1.0 415.046317  1.346619
sounding_075_111       50.4878   19.7569   -1.0 415.640715 -0.045743
sounding_075_112       50.4880   20.1103   -1.0 415.834648  0.276375
sounding_076_103       50.6717   16.9169   -1.0 413.135561  0.339172
sounding_076_104       50.6806   17.2714   -1.0 413.108734 -0.561887
sounding_076_105       50.6884   17.6261   -1.0 413.402665  0.010126
sounding_076_106       50.6952   17.9808   -1.0 413.662428 -1.194226
sounding_076_107       50.7009   18.3357   -1.0 413.774670 -0.019883
sounding_076_108       50.7054   18.6906   -1.0 413.923139 -0.279658
sounding_076_109       50.7089   19.0456   -1.0 414.396886  1.810408
sounding_076_110       50.7113   19.4006   -1.0 415.100756  0.661394
sounding_076_111       50.7126   19.7557   -1.0 415.682380  0.241131
sounding_076_112       50.7128   20.1108   -1.0 415.915708 -0.306647
sounding_077_103       50.8963   16.9019   -1.0 413.024506 -0.587402
sounding_077_104       50.9053   17.2581   -1.0 413.289122  0.449390
sounding_077_105       50.9132   17.6145   -1.0 413.695057  1.170090
sounding_077_106       50.9200   17.9710   -1.0 413.879772 -0.143458
sounding_077_107       50.9256   18.3276   -1.0 413.878701 -0.087597
sounding_077_108       50.9302   18.6842   -1.0 414.007965  1.100391
sounding_077_109       50.9337   19.0409   -1.0 414.480554 -0.510740
sounding_077_110       50.9361   19.3977   -1.0 415.157290 -0.810264
sounding_077_111       50.9374   19.7545   -1.0 415.711100  0.247935
sounding_077_112       50.9376   20.1113   -1.0 415.946961  1.660286
sounding_078_103       51.1210   16.8867   -1.0 413.105915 -0.982331
sounding_078_104       51.1300   17.2447   -1.0 413.544796 -0.272190
sounding_078_105       51.1379   17.6028   -1.0 413.911093  0.543363
sounding_078_106       51.1447   17.9610   -1.0 413.974660 -0.218374
sounding_078_107       51.1504   18.3194   -1.0 413.917750 -1.631238
sounding_078_108       51.1551   18.6778   -1.0 414.091652 -0.629972
sounding_078_109       51.1586   19.0362   -1.0 414.582772  0.014388
sounding_078_110       51.1610   19.3948   -1.0 415.226747 -1.003857
sounding_078_111       51.1623   19.7533   -1.0 415.719899 -0.497677
sounding_078_112       51.1625   20.1119   -1.0 415.930239  1.123549
sounding_078_113       51.1616   20.4704   -1.0 415.923076 -1.036618
sounding_079_104       51.3547   17.2311   -1.0 413.798396 -1.347520
sounding_079_105       51.3626   17.5910   -1.0 413.998699 -0.061263
sounding_079_106       51.3695   17.9510   -1.0 414.007372  0.138128
sounding_079_107       51.3752   18.3111   -1.0 413.994232  1.198805
sounding_079_108       51.3799   18.6713   -1.0 414.208320  1.212161
sounding_079_109       51.3834   19.0315   -1.0 414.705153 -0.366145
sounding_079_110       51.3858   19.3918   -1.0 415.293035 -0.866687
sounding_079_111       51.3871   19.7521   -1.0 415.714363  1.882977
sounding_079_112       51.3874   20.1124   -1.0 415.875402  1.098389
sounding_079_113       51.3865   20.4728   -1.0 415.861925 -1.437777
sounding_080_104       51.5794   17.2174   -1.0 414.005860 -0.457282
sounding_080_105       51.5874   17.5791   -1.0 414.106127 -2.232862
sounding_080_106       51.5943   17.9409   -1.0 414.099192  0.645336
sounding_080_107       51.6000   18.3027   -1.0 414.156612 -0.282208
sounding_080_108       51.6047   18.6647   -1.0 414.383539 -0.419399
sounding_080_109       51.6082   19.0267   -1.0 414.840233 -0.108809
sounding_080_110       51.6107   19.3888   -1.0 415.353188  0.565369
sounding_080_111       51.6120   19.7508   -1.0 415.689077  2.327617
sounding_080_112       51.6122   20.1130   -1.0 415.814206  0.205608
sounding_080_113       51.6113   20.4751   -1.0 415.812800  0.815705
sounding_081_104       51.8041   17.2036   -1.0 414.154058 -0.044300
sounding_081_105       51.8121   17.5670   -1.0 414.229002  0.552792
sounding_081_106       51.8190   17.9306   -1.0 414.268952 -0.683746
sounding_081_107       51.8248   18.2943   -1.0 414.366190 -0.116895
sounding_081_108       51.8295   18.6580   -1.0 414.576401 -0.134421
sounding_081_109       51.8331   19.0219   -1.0 414.971579 -1.618415
sounding_081_110       51.8355   19.3857   -1.0 415.407038  0.202201
sounding_081_111       51.8369   19.7496   -1.0 415.678505 -0.686802
sounding_081_112       51.8371   20.1136   -1.0 415.785253  1.244739
sounding_081_113       51.8362   20.4775   -1.0 415.810914  0.368795
sounding_081_114       51.8342   20.8413   -1.0 415.829556 -0.184645
sounding_082_105       52.0369   17.5549   -1.0 414.391078 -0.694960
sounding_082_106       52.0438   17.9203   -1.0 414.478362 -1.129271
sounding_082_107       52.0496   18.2857   -1.0 414.592472  0.216506
sounding_082_108       52.0544   18.6513   -1.0 414.798724  1.056001
sounding_082_109       52.0579   19.0170   -1.0 415.139634 -0.879339
sounding_082_110       52.0604   19.3827   -1.0 415.482993  0.590582
sounding_082_111       52.0617   19.7484   -1.0 415.690104 -1.166554
sounding_082_112       52.0620   20.1141   -1.0 415.772887  0.705808
sounding_082_113       52.0610   20.4799   -1.0 415.815145  1.423621
sounding_082_114       52.0590   20.8455   -1.0 415.876869 -0.070247
sounding_083_105       52.2616   17.5426   -1.0 414.626217  1.831065
sounding_083_106       52.2686   17.9098   -1.0 414.717326  0.436883
sounding_083_107       52.2744   18.2771   -1.0 414.824647  0.264653
sounding_083_108       52.2792   18.6445   -1.0 415.052529 -0.632395
sounding_083_109       52.2828   19.0120   -1.0 415.336077 -1.558066
sounding_083_110       52.2852   19.3795   -1.0 415.581460  0.279881
sounding_083_111       52.2866   19.7471   -1.0 415.724461 -1.181059
sounding_083_112       52.2868   20.1147   -1.0 415.769686 -0.196361
sounding_083_113       52.2859   20.4823   -1.0 415.800987  0.147977
sounding_083_114       52.2838   20.8498   -1.0 415.878210  0.202353
sounding_084_105       52.4863   17.5302   -1.0 414.905119  1.054177
sounding_084_106       52.4933   17.8992   -1.0 414.967177  0.025000
sounding_084_107       52.4992   18.2684   -1.0 415.080684  0.151179
sounding_084_108       52.5040   18.6377   -1.0 415.296323 -0.088441
sounding_084_109       52.5076   19.0070   -1.0 415.535016  0.343935
sounding_084_110       52.5101   19.3764   -1.0 415.691222 -0.257418
sounding_084_111       52.5114   19.7459   -1.0 415.750207 -0.396264
sounding_084_112       52.5117   20.1153   -1.0 415.772285  1.154196
sounding_084_113       52.5107   20.4847   -1.0 415.822740  0.628099
sounding_084_114       52.5087   20.8541   -1.0 415.914323 -0.330071
sounding_084_115       52.5055   21.2234   -1.0 416.018233  0.009972
sounding_085_105       52.7110   17.5176   -1.0 415.147887  0.095304
sounding_085_106       52.7181   17.8886   -1.0 415.216423 -1.501336
sounding_085_107       52.7240   18.2596   -1.0 415.325625 -0.999033
sounding_085_108       52.7288   18.6308   -1.0 415.512888  0.411734
sounding_085_109       52.7324   19.0020   -1.0 415.688188 -1.697720
sounding_085_110       52.7349   19.3733   -1.0 415.784018  0.676966
sounding_085_111       52.7363   19.7445   -1.0 415.784755 -0.042928
sounding_085_112       52.7365   20.1158   -1.0 415.785771 -0.547550
sounding_085_113       52.7356   20.4871   -1.0 415.844496  1.589195
sounding_085_114       52.7335   20.8584   -1.0 415.949067 -1.271837
sounding_085_115       52.7303   21.2297   -1.0 416.048532  1.599071
sounding_086_106       52.9428   17.8778   -1.0 415.437742 -0.476106
sounding_086_107       52.9487   18.2508   -1.0 415.545554 -0.115135
sounding_086_108       52.9535   18.6238   -1.0 415.686086 -0.045302
sounding_086_109       52.9572   18.9969   -1.0 415.799792 -0.797781
sounding_086_110       52.9597   19.3701   -1.0 415.828819  0.587493
sounding_086_111       52.9611   19.7432   -1.0 415.809458  0.731677
sounding_086_112       52.9613   20.1165   -1.0 415.811489 -0.362417
sounding_086_113       52.9604   20.4897   -1.0 415.849964  0.785058
sounding_086_114       52.9583   20.8628   -1.0 415.946820 -0.309753
sounding_086_115       52.9550   21.2359   -1.0 416.049047 -0.250307
sounding_087_106       53.1675   17.8669   -1.0 415.619336 -0.481697
sounding_087_107       53.1735   18.2418   -1.0 415.712675 -2.152811
sounding_087_108       53.1783   18.6167   -1.0 415.794195  0.204054
sounding_087_109       53.1820   18.9918   -1.0 415.853148 -0.684030
sounding_087_110       53.1845   19.3668   -1.0 415.842133 -0.248875
sounding_087_111       53.1859   19.7419   -1.0 415.831299 -0.923304
sounding_087_112       53.1861   20.1170   -1.0 415.829674 -0.418995
sounding_087_113       53.1851   20.4922   -1.0 415.852294  1.183358
sounding_087_114       53.1831   20.8672   -1.0 415.941613 -0.945936
sounding_087_115       53.1798   21.2423   -1.0 416.034099  1.077215
sounding_088_106       53.3922   17.8559   -1.0 415.736167  1.110186
sounding_088_107       53.3982   18.2327   -1.0 415.781354 -1.180717
sounding_088_108       53.4030   18.6096   -1.0 415.824411 -1.406045
sounding_088_109       53.4067   18.9865   -1.0 415.857921  1.146238
sounding_088_110       53.4093   19.3636   -1.0 415.855772  1.181944
sounding_088_111       53.4106   19.7406   -1.0 415.852472 -1.271619
sounding_088_112       53.4108   20.1177   -1.0 415.841161  1.326014
sounding_088_113       53.4099   20.4947   -1.0 415.861989  0.152751
sounding_088_114       53.4078   20.8717   -1.0 415.927599  1.039455
sounding_088_115       53.4045   21.2487   -1.0 415.988873 -0.131063
sounding_088_116       53.4001   21.6256   -1.0 416.044073  0.713757
sounding_089_107       53.6228   18.2236   -1.0 415.769333 -0.852163
sounding_089_108       53.6277   18.6024   -1.0 415.786458 -1.413280
sounding_089_109       53.6314   18.9813   -1.0 415.826728 -0.046477
sounding_089_110       53.6340   19.3603   -1.0 415.867194  0.424873
sounding_089_111       53.6354   19.7393   -1.0 415.872179 -0.729361
sounding_089_112       53.6356   20.1183   -1.0 415.836836 -0.897480
sounding_089_113       53.6346   20.4973   -1.0 415.851729 -0.894896
sounding_089_114       53.6325   20.8762   -1.0 415.905144  1.117790
sounding_089_115       53.6292   21.2552   -1.0 415.948026  0.366486
sounding_089_116       53.6248   21.6340   -1.0 416.021374  0.378424
sounding_090_107       53.8475   18.2143   -1.0 415.727843 -0.553560
sounding_090_108       53.8524   18.5951   -1.0 415.737868 -0.642381
sounding_090_109       53.8561   18.9760   -1.0 415.801111  1.072280
sounding_090_110       53.8587   19.3569   -1.0 415.867231  0.488771
sounding_090_111       53.8601   19.7379   -1.0 415.872691  0.603788
sounding_090_112       53.8603   20.1189   -1.0 415.835821  0.443401
sounding_090_113       53.8593   20.4998   -1.0 415.838574  0.727606
sounding_090_114       53.8572   20.8808   -1.0 415.883143  0.449683
sounding_090_115       53.8539   21.2617   -1.0 415.941104  0.965065
sounding_090_116       53.8495   21.6425   -1.0 416.029541  0.007493
sounding_091_107       54.0721   18.2050   -1.0 415.704085 -0.678162
sounding_091_108       54.0770   18.5877   -1.0 415.727081 -1.300029
sounding_091_109       54.0808   18.9706   -1.0 415.781838  1.006411
sounding_091_110       54.0833   19.3535   -1.0 415.841488  0.687443
sounding_091_111       54.0847   19.7365   -1.0 415.860651 -1.164675
sounding_091_112       54.0849   20.1195   -1.0 415.847853 -0.124596
sounding_091_113       54.0840   20.5025   -1.0 415.854225 -0.303122
sounding_091_114       54.0819   20.8854   -1.0 415.893504  1.136613
sounding_091_115       54.0786   21.2683   -1.0 415.974763 -0.788907
sounding_091_116       54.0741   21.6511   -1.0 416.075191 -1.004079
sounding_091_117       54.0684   22.0339   -1.0 416.176320  0.845503
sounding_092_108       54.3016   18.5803   -1.0 415.732654  1.922089
sounding_092_109       54.3054   18.9652   -1.0 415.788869 -1.133582
sounding_092_111       54.3094   19.7351   -1.0 415.853564  0.690158
sounding_092_112       54.3096   20.1201   -1.0 415.860302  0.247118
sounding_092_113       54.3086   20.5051   -1.0 415.878207 -0.694202
sounding_092_114       54.3065   20.8901   -1.0 415.936926  0.659146
sounding_092_115       54.3032   21.2750   -1.0 416.038817  0.077217
sounding_092_116       54.2987   21.6598   -1.0 416.137338  0.889702
sounding_092_117       54.2929   22.0446   -1.0 416.231015 -1.404750
sounding_093_112       54.5342   20.1208   -1.0 415.867164  1.088449
sounding_093_113       54.5332   20.5078   -1.0 415.889267 -1.238627
sounding_093_114       54.5311   20.8948   -1.0 415.979718  0.232954
sounding_093_115       54.5277   21.2817   -1.0 416.103435  1.405755
sounding_093_116       54.5232   21.6686   -1.0 416.203934 -1.417609
sounding_093_117       54.5175   22.0554   -1.0 416.263923  0.937771
sounding_094_112       54.7587   20.1214   -1.0 415.874194 -0.184756
sounding_094_113       54.7577   20.5105   -1.0 415.897648 -0.600821
sounding_094_114       54.7556   20.8995   -1.0 416.014744  1.473366
sounding_094_115       54.7522   21.2885   -1.0 416.146836 -1.268788
sounding_094_116       54.7477   21.6775   -1.0 416.223146  1.234621
sounding_094_117       54.7419   22.0663   -1.0 416.262856 -0.401340
sounding_095_115       54.9767   21.2954   -1.0 416.140051 -0.587827
sounding_095_116       54.9721   21.6865   -1.0 416.186032  0.157079
sounding_095_117       54.9663   22.0774   -1.0 416.232160  1.057118
sounding_095_118       54.9593   22.4682   -1.0 416.302929  0.141541
sounding_096_115       55.2011   21.3024   -1.0 416.104348 -0.815728
sounding_096_116       55.1965   21.6955   -1.0 416.130749  0.359800
sounding_096_117       55.1907   22.0885   -1.0 416.195502 -0.878842
sounding_096_118       55.1837   22.4814   -1.0 416.297211 -0.163526
sounding_097_115       55.4254   21.3094   -1.0 416.050233 -1.254318
sounding_097_116       55.4208   21.7047   -1.0 416.078711  1.614856
sounding_097_117       55.4150   22.0998   -1.0 416.163827 -0.280821
sounding_097_118       55.4079   22.4948   -1.0 416.276914  0.341793
sounding_098_115       55.6497   21.3166   -1.0 416.023271 -2.031193
sounding_098_116       55.6450   21.7140   -1.0 416.055063  1.428871
sounding_098_117       55.6392   22.1112   -1.0 416.156601 -0.600666
sounding_098_118       55.6321   22.5084   -1.0 416.249567  1.169965
sounding_098_119       55.6238   22.9054   -1.0 416.336349 -0.707297
sounding_099_115       55.8739   21.3238   -1.0 416.023595  0.877413
sounding_099_116       55.8693   21.7233   -1.0 416.051467  0.939899
sounding_099_117       55.8633   22.1228   -1.0 416.138851 -0.094685
sounding_099_118       55.8562   22.5221   -1.0 416.223486 -0.011635
sounding_099_119       55.8479   22.9213   -1.0 416.306773  0.424272
sounding_100_115       56.0981   21.3311   -1.0 416.041427  0.249466
sounding_100_116       56.0934   21.7328   -1.0 416.064731 -0.062036
sounding_100_117       56.0874   22.1345   -1.0 416.122395  1.024849
sounding_100_118       56.0803   22.5360   -1.0 416.196394 -3.325432
sounding_100_119       56.0719   22.9373   -1.0 416.292080  0.760653
sounding_101_115       56.3221   21.3384   -1.0 416.082542 -1.452079
sounding_101_116       56.3174   21.7424   -1.0 416.086704  1.404850
sounding_101_117       56.3115   22.1462   -1.0 416.121321 -1.300715
sounding_101_118       56.3043   22.5500   -1.0 416.192236  0.881631
sounding_101_119       56.2958   22.9535   -1.0 416.293459  2.155018
sounding_101_120       56.2862   23.3569   -1.0 416.383950 -0.392834
sounding_102_115       56.5461   21.3459   -1.0 416.114397 -0.871117
sounding_102_116       56.5414   21.7520   -1.0 416.105338 -1.062503
sounding_102_117       56.5354   22.1582   -1.0 416.130400  1.320026
sounding_102_118       56.5282   22.5642   -1.0 416.212877  0.849949
sounding_102_119       56.5197   22.9699   -1.0 416.303940 -0.037320
sounding_102_120       56.5100   23.3756   -1.0 416.380552  0.374073
sounding_103_115       56.7700   21.3534   -1.0 416.124228  1.553747
sounding_103_116       56.7653   21.7618   -1.0 416.115968 -0.168521
sounding_103_117       56.7593   22.1702   -1.0 416.140243  0.280028
sounding_103_118       56.7520   22.5785   -1.0 416.212901 -2.345190
sounding_103_119       56.7435   22.9865   -1.0 416.276020 -0.001365
sounding_103_120       56.7337   23.3944   -1.0 416.348171  1.308761
sounding_104_115       56.9939   21.3610   -1.0 416.114871  0.842372
sounding_104_116       56.9891   21.7718   -1.0 416.104426  1.212571
sounding_104_117       56.9830   22.1824   -1.0 416.127939  0.774220
sounding_104_118       56.9757   22.5929   -1.0 416.163147  0.844416
sounding_104_119       56.9672   23.0033   -1.0 416.205837 -0.185475
sounding_104_120       56.9573   23.4135   -1.0 416.302382  1.788130
sounding_105_116       57.2128   21.7818   -1.0 416.080939 -0.832367
sounding_105_117       57.2067   22.1947   -1.0 416.083701  0.583336
sounding_105_118       57.1994   22.6076   -1.0 416.088784 -0.109642
sounding_105_119       57.1908   23.0203   -1.0 416.130776  1.035132
sounding_106_116       57.4364   21.7919   -1.0 416.055819  0.942556
sounding_106_117       57.4303   22.2072   -1.0 416.032054 -1.334463
sounding_106_118       57.4229   22.6224   -1.0 416.014921 -1.658218
sounding_107_117       57.6538   22.2198   -1.0 415.980435 -0.871424
sounding_110_117       58.3237   22.2585   -1.0 415.913067  1.279697
sounding_110_118       58.3161   22.6834   -1.0 415.848841  0.248955
sounding_111_118       58.5392   22.6991   -1.0 415.872513  0.073003
sounding_111_119       58.5303   23.1262   -1.0 415.877065  1.599206
sounding_111_121       58.5086   23.9797   -1.0 415.919370 -1.056873
sounding_111_122       58.4958   24.4061   -1.0 415.936523  1.214349
sounding_112_120       58.7429   23.5740   -1.0 415.961611  0.870923
sounding_112_121       58.7313   24.0031   -1.0 415.974788 -0.593566
sounding_112_122       58.7185   24.4320   -1.0 415.980023  2.095807
sounding_112_123       58.7043   24.8606   -1.0 416.017155  0.745732
sounding_113_118       58.9849   22.7310   -1.0 416.063418  0.808219
sounding_113_120       58.9656   23.5951   -1.0 416.037964 -0.358178
sounding_113_121       58.9540   24.0268   -1.0 416.057135  0.032039
sounding_113_122       58.9410   24.4582   -1.0 416.079937 -1.401015
sounding_113_123       58.9268   24.8893   -1.0 416.111221 -0.146493
sounding_114_120       59.1882   23.6165   -1.0 416.126715 -0.378062
sounding_114_121       59.1765   24.0507   -1.0 416.138618  1.072466
sounding_114_122       59.1635   24.4847   -1.0 416.178598 -0.049317
sounding_114_123       59.1492   24.9183   -1.0 416.218046 -0.197166
sounding_115_122       59.3858   24.5115   -1.0 416.236277 -0.815229
sounding_115_123       59.3714   24.9477   -1.0 416.292753 -0.011998
sounding_115_124       59.3557   25.3836   -1.0 416.335357  1.034910
sounding_118_118       60.0969   22.8142   -1.0 416.261177  0.526869
sounding_118_119       60.0876   23.2595   -1.0 416.257848 -0.606231
sounding_118_120       60.0771   23.7046   -1.0 416.243538  0.411219
sounding_118_121       60.0651   24.1493   -1.0 416.238282 -0.853258
sounding_119_117       60.3268   22.3832   -1.0 416.152576 -1.095302
sounding_119_118       60.3188   22.8315   -1.0 416.150916 -0.722234
sounding_119_119       60.3096   23.2795   -1.0 416.154425 -1.053389
sounding_119_120       60.2989   23.7273   -1.0 416.156040 -2.001631
sounding_119_121       60.2869   24.1748   -1.0 416.168085 -0.076438
sounding_119_122       60.2736   24.6219   -1.0 416.194691 -0.674580
sounding_119_123       60.2589   25.0688   -1.0 416.233878  0.084371
sounding_120_116       60.5552   21.9468   -1.0 416.039894  0.439346
sounding_120_117       60.5486   22.3980   -1.0 416.044380 -1.271344
sounding_120_118       60.5407   22.8489   -1.0 416.057992 -0.396888
sounding_120_119       60.5314   23.2997   -1.0 416.066418 -0.675001
sounding_120_120       60.5207   23.7503   -1.0 416.068951 -0.617777
sounding_120_121       60.5086   24.2005   -1.0 416.088297 -0.089139
sounding_120_122       60.4952   24.6504   -1.0 416.132568  1.113288
sounding_120_123       60.4804   25.1000   -1.0 416.185912  0.369432
sounding_120_124       60.4642   25.5492   -1.0 416.235518 -2.071528
sounding_120_125       60.4467   25.9980   -1.0 416.286321 -0.551055
sounding_121_116       60.7770   21.9589   -1.0 415.889107  0.832913
sounding_121_117       60.7704   22.4128   -1.0 415.940126  1.678650
sounding_121_118       60.7623   22.8666   -1.0 415.977442  1.332855
sounding_121_119       60.7530   23.3202   -1.0 416.002257 -0.580149
sounding_121_120       60.7422   23.7735   -1.0 416.021262 -1.755056
sounding_121_121       60.7301   24.2266   -1.0 416.032660  0.073996
sounding_121_122       60.7166   24.6793   -1.0 416.068466 -0.118769
sounding_121_123       60.7017   25.1316   -1.0 416.126975 -0.030792
sounding_121_124       60.6855   25.5836   -1.0 416.187942 -0.323222
sounding_121_125       60.6679   26.0351   -1.0 416.235536  0.552290
sounding_122_116       60.9986   21.9711   -1.0 415.696244 -0.268739
sounding_122_117       60.9919   22.4279   -1.0 415.795685 -0.802681
sounding_122_118       60.9839   22.8846   -1.0 415.876520 -0.161613
sounding_122_119       60.9744   23.3409   -1.0 415.937752 -1.024503
sounding_122_120       60.9636   23.7971   -1.0 415.971816  0.428730
sounding_122_121       60.9514   24.2529   -1.0 415.986137 -1.121272
sounding_122_122       60.9378   24.7084   -1.0 416.007573  1.270083
sounding_122_123       60.9229   25.1636   -1.0 416.073424 -0.774551
sounding_122_124       60.9066   25.6183   -1.0 416.156170  1.256905
sounding_122_125       60.8889   26.0727   -1.0 416.209580  0.798224
sounding_122_126       60.8698   26.5265   -1.0 416.261018 -0.279222
sounding_123_116       61.2200   21.9835   -1.0 415.449264  1.580068
sounding_123_117       61.2133   22.4432   -1.0 415.579475 -1.380099
sounding_123_118       61.2052   22.9027   -1.0 415.703236  0.149624
sounding_123_119       61.1957   23.3619   -1.0 415.799466  0.271741
sounding_123_120       61.1849   23.8209   -1.0 415.862079 -1.715910
sounding_123_121       61.1726   24.2796   -1.0 415.901734 -0.878794
sounding_123_122       61.1589   24.7380   -1.0 415.940250  0.156864
sounding_123_123       61.1439   25.1960   -1.0 416.011128  0.253017
sounding_123_124       61.1275   25.6536   -1.0 416.093723 -0.919234
sounding_123_125       61.1097   26.1107   -1.0 416.158021  0.117424
sounding_123_126       61.0905   26.5674   -1.0 416.228505  0.238216
sounding_124_117       61.4346   22.4586   -1.0 415.314587  0.101717
sounding_124_118       61.4264   22.9211   -1.0 415.467136 -0.815207
sounding_124_119       61.4169   23.3832   -1.0 415.593153 -2.013082
sounding_124_120       61.4059   23.8451   -1.0 415.688487  0.856623
sounding_124_121       61.3936   24.3067   -1.0 415.775109  1.147761
sounding_124_122       61.3799   24.7679   -1.0 415.857758  0.019669
sounding_124_123       61.3648   25.2288   -1.0 415.925313 -0.259588
sounding_124_124       61.3483   25.6892   -1.0 415.997093 -1.595433
sounding_124_125       61.3304   26.1492   -1.0 416.083761 -2.052058
sounding_124_126       61.3111   26.6087   -1.0 416.184572  0.128011
sounding_125_117       61.6556   22.4743   -1.0 415.075197 -0.384426
sounding_125_118       61.6474   22.9396   -1.0 415.229329 -0.660294
sounding_125_119       61.6378   23.4047   -1.0 415.378953  0.603383
sounding_125_120       61.6268   23.8696   -1.0 415.508273  0.478600
sounding_125_121       61.6144   24.3341   -1.0 415.628202 -0.204523
sounding_125_122       61.6006   24.7982   -1.0 415.740853  0.205335
sounding_125_123       61.5854   25.2620   -1.0 415.822203  0.265826
sounding_125_124       61.5688   25.7253   -1.0 415.893697 -0.053032
sounding_125_125       61.5508   26.1882   -1.0 415.997179  0.253038
sounding_125_126       61.5314   26.6506   -1.0 416.121302 -0.017247
sounding_125_127       61.5106   27.1125   -1.0 416.233395 -0.944873
sounding_126_117       61.8765   22.4902   -1.0 414.958832 -1.266678
sounding_126_118       61.8683   22.9585   -1.0 415.058866 -1.193299
sounding_126_119       61.8586   23.4265   -1.0 415.207157 -0.131916
sounding_126_120       61.8476   23.8943   -1.0 415.347334  0.100079
sounding_126_121       61.8351   24.3618   -1.0 415.475382 -1.573540
sounding_126_122       61.8212   24.8289   -1.0 415.585005 -1.057623
sounding_126_123       61.8059   25.2956   -1.0 415.675534 -0.762821
sounding_126_124       61.7892   25.7619   -1.0 415.774364  0.262445
sounding_126_125       61.7711   26.2277   -1.0 415.902829  0.095340
sounding_126_127       61.7307   27.1578   -1.0 416.170652 -0.916053
sounding_127_118       62.0889   22.9776   -1.0 414.991267 -0.408192
sounding_127_119       62.0792   23.4486   -1.0 415.087880 -0.426144
sounding_127_120       62.0681   23.9194   -1.0 415.197288  1.902566
sounding_127_121       62.0556   24.3899   -1.0 415.296563  0.778428
sounding_127_122       62.0416   24.8600   -1.0 415.394389  0.150891
sounding_127_123       62.0262   25.3297   -1.0 415.503931 -0.350787
sounding_127_124       62.0095   25.7990   -1.0 415.640499 -0.013509
sounding_127_125       61.9913   26.2677   -1.0 415.796985  0.148372
sounding_127_126       61.9716   26.7360   -1.0 415.953104 -0.342165
sounding_127_127       61.9506   27.2037   -1.0 416.107883  0.130417
sounding_128_118       62.3094   22.9969   -1.0 414.958706 -1.467457
sounding_128_119       62.2997   23.4710   -1.0 414.997467 -1.398798
sounding_128_120       62.2885   23.9448   -1.0 415.066583 -0.036768
sounding_128_121       62.2759   24.4183   -1.0 415.139249 -1.502082
sounding_128_122       62.2618   24.8915   -1.0 415.236940 -0.233850
sounding_128_123       62.2464   25.3642   -1.0 415.356702 -0.094798
sounding_128_124       62.2295   25.8365   -1.0 415.507002  0.923857
sounding_128_125       62.2112   26.3083   -1.0 415.679548  1.136006
sounding_128_126       62.1915   26.7795   -1.0 415.853689 -0.954272
sounding_128_127       62.1703   27.2502   -1.0 416.024264 -2.365874
sounding_129_118       62.5297   23.0164   -1.0 414.901864 -0.596718
sounding_129_119       62.5199   23.4937   -1.0 414.902916 -0.064905
sounding_129_120       62.5087   23.9706   -1.0 414.958805  0.373253
sounding_129_121       62.4960   24.4472   -1.0 415.024990  0.752971
sounding_129_122       62.4819   24.9234   -1.0 415.111673 -0.254659
sounding_129_123       62.4663   25.3991   -1.0 415.221051  0.497542
sounding_129_124       62.4493   25.8745   -1.0 415.359318 -3.047814
sounding_129_125       62.4309   26.3493   -1.0 415.529053  0.086762
sounding_129_126       62.4111   26.8236   -1.0 415.712424  0.121483
sounding_129_127       62.3898   27.2973   -1.0 415.898132  0.970674
sounding_129_128       62.3671   27.7704   -1.0 416.087514  2.076212
sounding_130_118       62.7498   23.0363   -1.0 414.844224  1.347706
sounding_130_119       62.7399   23.5166   -1.0 414.799424  0.163389
sounding_130_120       62.7286   23.9967   -1.0 414.851522 -0.687450
sounding_130_121       62.7159   24.4764   -1.0 414.919559 -0.154097
sounding_130_122       62.7017   24.9557   -1.0 414.986579  0.253952
sounding_130_123       62.6860   25.4346   -1.0 415.071156 -0.906859
sounding_130_124       62.6690   25.9130   -1.0 415.188080  1.092839
sounding_130_125       62.6505   26.3909   -1.0 415.350789  0.468775
sounding_130_126       62.6305   26.8683   -1.0 415.543634 -0.324144
sounding_130_127       62.6091   27.3450   -1.0 415.752647 -0.116244
sounding_130_128       62.5863   27.8212   -1.0 415.973317 -0.315959
sounding_131_119       62.9598   23.5399   -1.0 414.729181  0.177890
sounding_131_120       62.9484   24.0231   -1.0 414.729860  0.373167
sounding_131_121       62.9356   24.5059   -1.0 414.786724 -0.947140
sounding_131_122       62.9213   24.9884   -1.0 414.844854  0.268934
sounding_131_123       62.9056   25.4705   -1.0 414.911506 -0.654887
sounding_131_124       62.8884   25.9520   -1.0 415.013251 -1.277834
sounding_131_125       62.8698   26.4330   -1.0 415.162644  0.371173
sounding_131_126       62.8497   26.9135   -1.0 415.361651 -1.426432
sounding_131_127       62.8282   27.3934   -1.0 415.591202 -0.033132
sounding_132_119       63.1794   23.5635   -1.0 414.742414 -0.513025
sounding_132_120       63.1680   24.0499   -1.0 414.644118  1.600553
sounding_132_121       63.1551   24.5359   -1.0 414.651706 -1.033180
sounding_132_122       63.1407   25.0216   -1.0 414.697759  0.909260
sounding_132_123       63.1249   25.5068   -1.0 414.759983 -0.081495
sounding_132_124       63.1076   25.9915   -1.0 414.860654 -0.669390
sounding_132_125       63.0889   26.4757   -1.0 415.003763  0.174906
sounding_132_126       63.0687   26.9594   -1.0 415.189361 -0.815658
sounding_132_127       63.0471   27.4424   -1.0 415.412503 -1.983878
sounding_132_128       63.0241   27.9247   -1.0 415.665101  0.496397
sounding_133_119       63.3989   23.5874   -1.0 414.818249  2.078185
sounding_133_120       63.3874   24.0770   -1.0 414.645962  0.000694
sounding_133_121       63.3744   24.5663   -1.0 414.572799 -2.001873
sounding_133_122       63.3599   25.0552   -1.0 414.576440  1.644853
sounding_133_123       63.3440   25.5436   -1.0 414.638711  0.925696
sounding_133_124       63.3267   26.0316   -1.0 414.742056 -0.171089
sounding_133_125       63.3078   26.5190   -1.0 414.875567 -0.795487
sounding_133_126       63.2876   27.0058   -1.0 415.042973  0.073997
sounding_133_127       63.2658   27.4920   -1.0 415.248592  0.185219
sounding_133_128       63.2426   27.9775   -1.0 415.486506  0.311725
sounding_133_129       63.2179   28.4623   -1.0 415.769455 -1.758498
sounding_134_119       63.6181   23.6116   -1.0 414.843865 -0.601932
sounding_134_120       63.6065   24.1045   -1.0 414.674954  0.691518
sounding_134_121       63.5935   24.5971   -1.0 414.546527  1.080488
sounding_134_122       63.5789   25.0893   -1.0 414.495549 -1.664003
sounding_134_123       63.5630   25.5810   -1.0 414.540478 -1.406785
sounding_134_124       63.5455   26.0722   -1.0 414.637659  0.278939
sounding_134_125       63.5265   26.5628   -1.0 414.753987  0.658034
sounding_134_126       63.5061   27.0529   -1.0 414.898949  1.143456
sounding_134_127       63.4843   27.5423   -1.0 415.081055  1.583033
sounding_134_128       63.4609   28.0310   -1.0 415.309128  0.269779
sounding_134_129       63.4361   28.5190   -1.0 415.577838  1.168661
sounding_135_120       63.8255   24.1324   -1.0 414.696516 -0.879085
sounding_135_123       63.7816   25.6188   -1.0 414.473509 -0.302325
sounding_135_124       63.7641   26.1133   -1.0 414.543180  0.677787
sounding_135_125       63.7450   26.6073   -1.0 414.638360 -0.026489
sounding_135_126       63.7245   27.1006   -1.0 414.765221 -0.936847
sounding_135_127       63.7025   27.5933   -1.0 414.936419  2.612864
sounding_135_128       63.6790   28.0853   -1.0 415.148634  0.238975
sounding_135_129       63.6541   28.5765   -1.0 415.385132 -1.808410
sounding_136_124       63.9824   26.1550   -1.0 414.473721  1.337633
sounding_136_125       63.9633   26.6523   -1.0 414.557763  0.632603
sounding_136_126       63.9426   27.1490   -1.0 414.674229 -1.598531
sounding_136_127       63.9205   27.6449   -1.0 414.829738 -0.162070
sounding_136_128       63.8969   28.1402   -1.0 415.008792 -1.683373
sounding_136_129       63.8718   28.6348   -1.0 415.206436  1.026420
sounding_136_130       63.8453   29.1285   -1.0 415.435674  1.621971
sounding_137_125       64.1813   26.6979   -1.0 414.513098  0.293467
sounding_137_126       64.1605   27.1980   -1.0 414.621390  0.010175
sounding_137_127       64.1383   27.6973   -1.0 414.756739 -1.626148
sounding_137_128       64.1145   28.1959   -1.0 414.901194 -0.933325
sounding_137_129       64.0893   28.6938   -1.0 415.053821 -0.336666
sounding_137_130       64.0626   29.1909   -1.0 415.252400  0.367567
sounding_138_125       64.3991   26.7442   -1.0 414.519922 -0.027286
sounding_138_130       64.2797   29.2540   -1.0 415.092881  1.387417
sounding_154_133       67.6179   32.0717   -1.0 415.651370 -0.597975
sounding_154_134       67.5818   32.6271   -1.0 415.581730  2.119859
sounding_155_131       67.8973   31.0416   -1.0 415.685446  0.244837
sounding_155_132       67.8642   31.6040   -1.0 415.684246 -0.125906
sounding_155_133       67.8295   32.1650   -1.0 415.653807 -1.191195
sounding_155_134       67.7932   32.7246   -1.0 415.610196 -0.740385
sounding_155_135       67.7553   33.2828   -1.0 415.569103 -0.144547
sounding_156_131       68.1090   31.1280   -1.0 415.670958  0.762555
sounding_156_132       68.0757   31.6946   -1.0 415.667172 -0.458727
sounding_156_133       68.0408   32.2599   -1.0 415.654387 -0.279406
sounding_156_134       68.0042   32.8237   -1.0 415.640078  1.200533
sounding_158_130       68.5634   30.7280   -1.0 415.807569  0.193370
sounding_158_132       68.4977   31.8801   -1.0 415.750714 -0.335829
sounding_158_133       68.4623   32.4540   -1.0 415.727175  0.996963
sounding_158_134       68.4253   33.0264   -1.0 415.713847 -0.221737
sounding_158_135       68.3866   33.5971   -1.0 415.689802 -0.520093
sounding_159_129       68.8048   30.2313   -1.0 415.899351  0.285051
sounding_159_130       68.7743   30.8140   -1.0 415.890965 -1.219262
sounding_159_131       68.7420   31.3953   -1.0 415.871667  0.219607
sounding_159_132       68.7081   31.9751   -1.0 415.845522 -1.158386
sounding_159_133       68.6725   32.5534   -1.0 415.822343 -0.705234
sounding_159_134       68.6353   33.1301   -1.0 415.805474  1.269418
sounding_159_135       68.5964   33.7052   -1.0 415.773626  0.258415
sounding_160_129       69.0155   30.3142   -1.0 415.967546 -1.028288
sounding_160_130       68.9848   30.9014   -1.0 415.971583 -0.410854
sounding_160_131       68.9523   31.4872   -1.0 415.956399 -0.961513
sounding_160_132       68.9182   32.0715   -1.0 415.935247  0.701476
sounding_160_133       68.8824   32.6543   -1.0 415.926815  0.343650
sounding_160_134       68.8449   33.2355   -1.0 415.915799 -0.731414
sounding_160_135       68.8057   33.8149   -1.0 415.882966  0.297381
sounding_161_128       69.2551   29.8051   -1.0 415.971727  0.580333
sounding_161_129       69.2259   30.3984   -1.0 416.011337 -0.435671
sounding_161_130       69.1950   30.9902   -1.0 416.022003  0.587027
sounding_161_131       69.1623   31.5807   -1.0 416.001897  0.976760
sounding_161_133       69.0919   32.7569   -1.0 415.983540 -0.989425
sounding_161_134       69.0542   33.3426   -1.0 415.978673  1.488816
sounding_161_135       69.0147   33.9265   -1.0 415.964440  0.622330
sounding_161_136       68.9736   34.5086   -1.0 415.967644  1.308164
sounding_161_137       68.9309   35.0889   -1.0 416.036696 -0.560787
sounding_162_129       69.4359   30.4839   -1.0 415.994824 -1.858751
sounding_162_130       69.4047   31.0805   -1.0 415.990659  0.440456
sounding_162_133       69.3010   32.8611   -1.0 415.996241  0.439992
sounding_163_130       69.6142   31.1723   -1.0 415.929700  0.096648
sounding_163_131       69.5811   31.7721   -1.0 415.922054  0.799286
