sounding_117_023       54.9076  -16.0766   -1.0 411.876805  0.636964
sounding_118_023       55.1052  -16.2625   -1.0 411.874128 -0.469362
sounding_118_024       55.2115  -15.9165   -1.0 411.899662 -0.801615
sounding_119_025       55.5151  -15.7541   -1.0 411.883428  0.302588
sounding_120_026       55.8183  -15.5893   -1.0 411.881745  0.624940
sounding_121_027       56.1212  -15.4220   -1.0 411.895751  0.684083
sounding_126_032       57.6303  -14.5469   -1.0 411.831079 -0.559143
sounding_127_024       56.9788  -17.6606   -1.0 411.239178 -0.137489
sounding_127_025       57.0886  -17.3022   -1.0 411.240881 -0.547017
sounding_127_031       57.7264  -15.1101   -1.0 411.655988 -1.107582
sounding_127_032       57.8292  -14.7379   -1.0 411.763302  0.288112
sounding_127_033       57.9309  -14.3637   -1.0 411.871417  1.360696
sounding_127_034       58.0315  -13.9876   -1.0 411.940551 -0.260486
sounding_128_022       56.9499  -18.5772   -1.0 411.235034 -0.326374
sounding_128_023       57.0622  -18.2216   -1.0 411.170436 -1.914254
sounding_128_030       57.8202  -15.6761   -1.0 411.488589 -1.655641
sounding_128_031       57.9245  -15.3045   -1.0 411.597361  1.224004
sounding_128_032       58.0277  -14.9309   -1.0 411.703807 -0.471962
sounding_128_033       58.1299  -14.5553   -1.0 411.785558  1.114872
sounding_128_034       58.2310  -14.1777   -1.0 411.826137  0.799043
sounding_128_035       58.3311  -13.7981   -1.0 411.841099 -0.767227
sounding_129_027       57.6970  -16.9807   -1.0 411.069366 -0.137545
sounding_129_029       57.9116  -16.2448   -1.0 411.305761 -0.569443
sounding_129_030       58.0174  -15.8738   -1.0 411.431208  1.509284
sounding_129_031       58.1222  -15.5008   -1.0 411.548901 -0.926082
sounding_129_032       58.2259  -15.1258   -1.0 411.642120  0.187451
sounding_129_033       58.3285  -14.7488   -1.0 411.694831 -1.795723
sounding_129_034       58.4302  -14.3698   -1.0 411.710300  1.309410
sounding_129_035       58.5307  -13.9887   -1.0 411.727281 -0.369636
sounding_129_036       58.6302  -13.6057   -1.0 411.777771  1.004782
sounding_130_024       57.5615  -18.2767   -1.0 410.989816  0.811446
sounding_130_025       57.6728  -17.9146   -1.0 410.949903  0.530125
sounding_130_027       57.8924  -17.1844   -1.0 411.027283 -0.774601
sounding_130_029       58.1080  -16.4459   -1.0 411.227429 -0.154578
sounding_130_030       58.2143  -16.0736   -1.0 411.355564  1.275322
sounding_130_031       58.3195  -15.6992   -1.0 411.474277 -0.644199
sounding_130_032       58.4237  -15.3229   -1.0 411.562531 -1.549468
sounding_130_033       58.5269  -14.9444   -1.0 411.607122 -0.313721
sounding_130_034       58.6290  -14.5639   -1.0 411.615173 -1.023734
sounding_130_035       58.7300  -14.1814   -1.0 411.633859  0.433049
sounding_130_036       58.8300  -13.7968   -1.0 411.690187  0.559778
sounding_130_037       58.9289  -13.4102   -1.0 411.771957 -0.530575
sounding_131_025       57.8667  -18.1229   -1.0 410.996167 -0.774825
sounding_131_026       57.9776  -17.7575   -1.0 411.007186  1.302904
sounding_131_027       58.0874  -17.3901   -1.0 411.038664 -0.426713
sounding_131_028       58.1962  -17.0206   -1.0 411.076008  0.547853
sounding_131_029       58.3040  -16.6491   -1.0 411.127232  1.372693
sounding_131_030       58.4107  -16.2754   -1.0 411.216436  0.323043
sounding_131_031       58.5165  -15.8997   -1.0 411.342451  0.691055
sounding_131_032       58.6212  -15.5219   -1.0 411.454026 -0.894949
sounding_131_033       58.7248  -15.1420   -1.0 411.518674  0.427607
sounding_131_034       58.8274  -14.7600   -1.0 411.535361  0.130080
sounding_131_035       58.9289  -14.3760   -1.0 411.553784  0.076953
sounding_131_036       59.0294  -13.9899   -1.0 411.612988 -0.847321
sounding_131_037       59.1288  -13.6018   -1.0 411.714158 -0.936537
sounding_131_038       59.2270  -13.2116   -1.0 411.826149  1.828544
sounding_132_025       58.0603  -18.3332   -1.0 411.061907 -1.158596
sounding_132_026       58.1716  -17.9666   -1.0 411.056301 -0.163504
sounding_132_028       58.3912  -17.2272   -1.0 411.046502  1.665305
sounding_132_029       58.4995  -16.8543   -1.0 411.025130 -1.156097
sounding_132_030       58.6068  -16.4793   -1.0 411.057046 -0.428684
sounding_132_031       58.7130  -16.1022   -1.0 411.172869 -1.417777
sounding_132_032       58.8182  -15.7230   -1.0 411.305945 -0.683673
sounding_132_033       58.9224  -15.3417   -1.0 411.404599  0.047158
sounding_132_034       59.0254  -14.9582   -1.0 411.444780  0.421088
sounding_132_035       59.1275  -14.5727   -1.0 411.477892  0.817560
sounding_132_036       59.2284  -14.1852   -1.0 411.563127 -0.120198
sounding_132_037       59.3283  -13.7954   -1.0 411.701981  0.212751
sounding_132_038       59.4270  -13.4037   -1.0 411.837159  0.996540
sounding_132_039       59.5247  -13.0098   -1.0 411.906716 -0.977982
sounding_133_026       58.3653  -18.1778   -1.0 411.103486 -0.010530
sounding_133_027       58.4761  -17.8079   -1.0 411.083750 -0.166584
sounding_133_028       58.5859  -17.4358   -1.0 411.037718  0.502256
sounding_133_029       58.6947  -17.0617   -1.0 410.968289 -0.264892
sounding_133_030       58.8025  -16.6853   -1.0 410.945183  1.036878
sounding_133_031       58.9092  -16.3068   -1.0 411.016371 -3.310342
sounding_133_032       59.0149  -15.9262   -1.0 411.144650  0.256992
sounding_133_033       59.1196  -15.5435   -1.0 411.265957 -1.149470
sounding_133_034       59.2231  -15.1586   -1.0 411.338952  0.521060
sounding_133_036       59.4271  -14.3824   -1.0 411.554702  0.342363
sounding_133_037       59.5274  -13.9912   -1.0 411.728303  0.899460
sounding_133_038       59.6266  -13.5978   -1.0 411.859131 -1.215862
sounding_133_039       59.7248  -13.2024   -1.0 411.901166  0.941049
sounding_133_040       59.8218  -12.8048   -1.0 411.888124  1.168216
sounding_134_027       58.6699  -18.0200   -1.0 411.114213  1.634312
sounding_134_028       58.7802  -17.6466   -1.0 411.037725  0.714422
sounding_134_029       58.8895  -17.2711   -1.0 410.952418 -0.340057
sounding_134_030       58.9978  -16.8934   -1.0 410.896407 -0.571393
sounding_134_031       59.1050  -16.5135   -1.0 410.918467  1.181617
sounding_134_032       59.2112  -16.1315   -1.0 411.017227  0.293645
sounding_134_033       59.3163  -15.7473   -1.0 411.136672 -0.895472
sounding_134_034       59.4204  -15.3610   -1.0 411.243331  0.095969
sounding_134_035       59.5234  -14.9725   -1.0 411.386059  0.509407
sounding_134_037       59.7261  -14.1890   -1.0 411.770937 -1.402983
sounding_134_038       59.8259  -13.7941   -1.0 411.875537  0.571979
sounding_134_039       59.9245  -13.3970   -1.0 411.884839 -0.993444
sounding_134_040       60.0220  -12.9978   -1.0 411.860154  0.011530
sounding_134_041       60.1184  -12.5964   -1.0 411.887268 -1.592148
sounding_135_028       58.9741  -17.8596   -1.0 411.041353 -2.347356
sounding_135_029       59.0839  -17.4828   -1.0 410.948839 -1.459146
sounding_135_030       59.1927  -17.1037   -1.0 410.881744 -0.070508
sounding_135_031       59.3004  -16.7225   -1.0 410.875082  1.620624
sounding_135_032       59.4071  -16.3391   -1.0 410.946839 -0.006533
sounding_135_033       59.5128  -15.9534   -1.0 411.052086 -0.430724
sounding_135_034       59.6173  -15.5656   -1.0 411.190391  1.146891
sounding_135_035       59.7208  -15.1756   -1.0 411.390496  0.497506
sounding_135_036       59.8232  -14.7834   -1.0 411.627661 -1.556572
sounding_135_041       60.3187  -12.7898   -1.0 411.882915 -0.337033
sounding_135_042       60.4144  -12.3846   -1.0 412.011159 -0.476286
sounding_136_029       59.2779  -17.6966   -1.0 410.933970 -0.259323
sounding_136_030       59.3872  -17.3162   -1.0 410.873822  0.653900
sounding_136_031       59.4954  -16.9336   -1.0 410.859833  0.853719
sounding_136_032       59.6026  -16.5487   -1.0 410.925547  1.073361
sounding_136_033       59.7088  -16.1617   -1.0 411.031647 -2.116594
sounding_136_034       59.8138  -15.7724   -1.0 411.188563  0.472707
sounding_136_035       59.9178  -15.3809   -1.0 411.418466 -0.150426
sounding_136_036       60.0207  -14.9871   -1.0 411.665029  0.195483
sounding_136_037       60.1225  -14.5912   -1.0 411.819531  0.267558
sounding_136_038       60.2232  -14.1930   -1.0 411.852778 -0.120818
sounding_136_039       60.3228  -13.7927   -1.0 411.831151  1.068728
sounding_136_040       60.4213  -13.3901   -1.0 411.830125 -0.218512
sounding_136_041       60.5186  -12.9854   -1.0 411.896487  1.067734
sounding_136_042       60.6148  -12.5784   -1.0 412.034954  1.786051
sounding_136_043       60.7099  -12.1693   -1.0 412.195059  0.209124
sounding_137_030       59.5812  -17.5309   -1.0 410.858628  0.403311
sounding_137_031       59.6900  -17.1469   -1.0 410.859096 -0.168010
sounding_137_032       59.7977  -16.7607   -1.0 410.932990  0.151969
sounding_137_033       59.9044  -16.3721   -1.0 411.048450 -1.505984
sounding_137_034       60.0099  -15.9814   -1.0 411.211259  0.203884
sounding_137_035       60.1144  -15.5884   -1.0 411.444277  0.469612
sounding_137_036       60.2178  -15.1930   -1.0 411.678119  1.640821
sounding_137_037       60.3201  -14.7955   -1.0 411.807873 -0.440282
sounding_137_038       60.4213  -14.3958   -1.0 411.823655 -0.876109
sounding_137_039       60.5214  -13.9938   -1.0 411.811687  1.265722
sounding_137_041       60.7181  -13.1831   -1.0 411.926493  0.385018
sounding_137_042       60.8148  -12.7744   -1.0 412.066199  0.171028
sounding_138_031       59.8842  -17.3625   -1.0 410.876119  1.461542
sounding_138_032       59.9924  -16.9748   -1.0 410.945599 -0.859039
sounding_138_033       60.0995  -16.5849   -1.0 411.060913 -0.181538
sounding_138_034       60.2056  -16.1926   -1.0 411.225214 -1.037971
sounding_138_035       60.3106  -15.7981   -1.0 411.451815 -2.969342
sounding_138_036       60.4145  -15.4012   -1.0 411.673221  0.013835
sounding_138_037       60.5173  -15.0021   -1.0 411.788822 -0.716466
sounding_138_038       60.6190  -14.6008   -1.0 411.800641 -0.546187
sounding_138_041       60.9173  -13.3830   -1.0 411.966323 -0.417237
sounding_138_042       61.0144  -12.9726   -1.0 412.100994 -0.550359
sounding_139_032       60.1866  -17.1913   -1.0 410.986552 -0.921069
sounding_139_033       60.2943  -16.7999   -1.0 411.077031  2.264458
sounding_139_034       60.4009  -16.4062   -1.0 411.227888  1.504383
sounding_139_035       60.5064  -16.0101   -1.0 411.445081  1.985823
sounding_139_036       60.6108  -15.6117   -1.0 411.654236  0.030370
sounding_139_037       60.7141  -15.2110   -1.0 411.762312  0.011821
sounding_139_041       61.1160  -13.5852   -1.0 412.000767 -0.054706
sounding_139_042       61.2137  -13.1730   -1.0 412.133930 -1.527262
sounding_139_043       61.3102  -12.7586   -1.0 412.231039  1.014956
sounding_140_033       60.4886  -17.0173   -1.0 411.116582  0.529834
sounding_140_034       60.5957  -16.6220   -1.0 411.245354 -0.788361
sounding_140_035       60.7017  -16.2245   -1.0 411.438201  0.377570
sounding_140_036       60.8066  -15.8245   -1.0 411.616497 -0.743215
sounding_140_040       61.2151  -14.2013   -1.0 411.870067 -0.368593
sounding_140_041       61.3144  -13.7897   -1.0 412.020094  0.767182
sounding_140_042       61.4125  -13.3758   -1.0 412.157089 -2.501922
sounding_140_043       61.5095  -12.9595   -1.0 412.239840  0.217485
sounding_141_034       60.7901  -16.8402   -1.0 411.285387  1.370727
sounding_141_035       60.8966  -16.4411   -1.0 411.438271  0.595314
sounding_141_036       61.0021  -16.0396   -1.0 411.563575 -0.224545
sounding_141_037       61.1064  -15.6358   -1.0 411.625924 -1.854738
sounding_141_039       61.3116  -14.8209   -1.0 411.731818  0.448818
sounding_141_040       61.4125  -14.4099   -1.0 411.863655 -2.079463
sounding_141_041       61.5123  -13.9965   -1.0 412.027490 -0.173738
sounding_141_042       61.6109  -13.5808   -1.0 412.167017  0.539564
sounding_142_035       61.0911  -16.6602   -1.0 411.438074 -0.994486
sounding_142_036       61.1971  -16.2571   -1.0 411.506319 -0.482252
sounding_142_037       61.3019  -15.8517   -1.0 411.543608  0.926625
sounding_142_038       61.4056  -15.4438   -1.0 411.596176 -0.165996
sounding_142_039       61.5081  -15.0335   -1.0 411.699461  0.037776
sounding_142_040       61.6096  -14.6208   -1.0 411.856941  1.608219
sounding_142_041       61.7098  -14.2057   -1.0 412.029411  0.300878
sounding_143_036       61.3916  -16.4771   -1.0 411.450286 -0.017957
sounding_143_037       61.4969  -16.0700   -1.0 411.480884 -0.653393
sounding_143_038       61.6011  -15.6605   -1.0 411.552383 -0.208471
sounding_143_039       61.7042  -15.2485   -1.0 411.676544 -1.779824
sounding_143_040       61.8062  -14.8341   -1.0 411.843316  0.670251
sounding_144_038       61.7963  -15.8796   -1.0 411.530425  0.196485
sounding_144_039       61.8999  -15.4660   -1.0 411.660991  1.721151
sounding_168_076       69.8133   -2.1995   -1.0 410.286106 -0.626500
sounding_171_078       70.5418   -1.5614   -1.0 410.097194  0.120497
sounding_171_079       70.6020   -0.9563   -1.0 410.009976  0.761108
