sounding_005_052       33.5956    4.4779   -1.0 417.205472  2.472207
sounding_005_053       33.6405    4.7304   -1.0 417.166740  0.040115
sounding_005_054       33.6848    4.9833   -1.0 417.141096  0.380087
sounding_005_055       33.7283    5.2365   -1.0 417.149060  1.059519
sounding_005_056       33.7711    5.4901   -1.0 417.227487  1.628901
sounding_005_057       33.8131    5.7440   -1.0 417.351192 -2.412664
sounding_005_059       33.8951    6.2530   -1.0 417.434539 -0.896286
sounding_005_060       33.9350    6.5080   -1.0 417.406839  0.082205
sounding_005_061       33.9741    6.7633   -1.0 417.388705 -0.460212
sounding_005_062       34.0125    7.0189   -1.0 417.378462 -0.105586
sounding_005_063       34.0502    7.2749   -1.0 417.370796  0.026632
sounding_006_053       33.8510    4.6767   -1.0 417.037062 -0.892563
sounding_006_054       33.8954    4.9304   -1.0 416.938849  0.658388
sounding_006_055       33.9391    5.1845   -1.0 416.874952 -1.008070
sounding_006_056       33.9821    5.4389   -1.0 416.899002  0.604454
sounding_006_057       34.0244    5.6937   -1.0 417.070267  1.837287
sounding_007_053       34.0617    4.6226   -1.0 416.928798 -0.449458
sounding_007_054       34.1063    4.8771   -1.0 416.776340 -1.398252
sounding_007_055       34.1502    5.1320   -1.0 416.616394 -0.137950
sounding_007_056       34.1933    5.3873   -1.0 416.543260 -0.671399
sounding_007_057       34.2358    5.6430   -1.0 416.665231  1.062377
sounding_007_058       34.2775    5.8990   -1.0 416.945538  1.173446
sounding_008_054       34.3173    4.8235   -1.0 416.695550 -0.842079
sounding_008_055       34.3614    5.0793   -1.0 416.451349 -1.354015
sounding_008_056       34.4047    5.3354   -1.0 416.290558 -1.728537
sounding_008_057       34.4474    5.5919   -1.0 416.345773 -2.005846
sounding_008_058       34.4893    5.8488   -1.0 416.624491 -0.625912
sounding_008_059       34.5304    6.1060   -1.0 416.994933 -0.224217
sounding_009_054       34.5285    4.7695   -1.0 416.750310  0.083363
sounding_009_055       34.5727    5.0261   -1.0 416.481247  0.127657
sounding_009_056       34.6163    5.2831   -1.0 416.262081 -0.204628
sounding_009_057       34.6591    5.5405   -1.0 416.270324  0.004954
sounding_009_058       34.7012    5.7982   -1.0 416.550164 -0.271466
sounding_009_059       34.7426    6.0563   -1.0 416.935383  0.184848
sounding_009_060       34.7832    6.3148   -1.0 417.217454  0.200830
sounding_010_055       34.7843    4.9726   -1.0 416.678100  0.840760
sounding_010_056       34.8281    5.2304   -1.0 416.461291  0.784737
sounding_010_057       34.8711    5.4887   -1.0 416.433338  0.253603
sounding_010_058       34.9134    5.7473   -1.0 416.684911  1.687173
sounding_010_059       34.9549    6.0063   -1.0 416.995742 -0.589476
sounding_010_060       34.9957    6.2656   -1.0 417.176292 -0.469491
sounding_010_061       35.0357    6.5253   -1.0 417.254377  0.421928
sounding_010_062       35.0750    6.7853   -1.0 417.269833 -1.438957
sounding_011_055       34.9960    4.9186   -1.0 416.867294 -0.349337
sounding_011_056       35.0400    5.1774   -1.0 416.719234  1.524861
sounding_011_057       35.0832    5.4365   -1.0 416.698772 -0.688828
sounding_011_058       35.1257    5.6960   -1.0 416.866305 -0.388757
sounding_011_059       35.1674    5.9559   -1.0 417.064972  0.926471
sounding_011_060       35.2084    6.2161   -1.0 417.162099  0.773880
sounding_012_055       35.2079    4.8643   -1.0 416.900314  0.524234
sounding_012_056       35.2521    5.1240   -1.0 416.864954 -0.933870
sounding_012_057       35.2955    5.3840   -1.0 416.881281  0.266392
sounding_012_058       35.3381    5.6444   -1.0 416.973872  0.232842
sounding_012_059       35.3800    5.9051   -1.0 417.101943  1.771898
sounding_012_060       35.4212    6.1662   -1.0 417.174143 -0.735307
sounding_012_061       35.4616    6.4277   -1.0 417.198462  0.892269
sounding_013_056       35.4643    5.0702   -1.0 416.864435  0.630471
sounding_013_057       35.5079    5.3311   -1.0 416.955416 -0.219929
sounding_013_058       35.5508    5.5923   -1.0 417.044413  0.270294
sounding_013_059       35.5929    5.8540   -1.0 417.128658 -0.776852
sounding_013_060       35.6342    6.1160   -1.0 417.181802  1.149078
sounding_013_061       35.6748    6.3784   -1.0 417.197655 -0.078326
sounding_014_056       35.6768    5.0160   -1.0 416.835846 -0.544066
sounding_014_057       35.7206    5.2778   -1.0 416.942190 -1.859765
sounding_014_058       35.7636    5.5400   -1.0 417.037436  2.392027
sounding_014_059       35.8059    5.8025   -1.0 417.105353  0.557457
sounding_014_060       35.8474    6.0654   -1.0 417.155064  1.900343
sounding_014_061       35.8882    6.3287   -1.0 417.173622 -0.779374
sounding_015_057       35.9333    5.2241   -1.0 416.878446  0.147865
sounding_015_058       35.9766    5.4872   -1.0 416.970569 -1.140200
sounding_015_059       36.0190    5.7506   -1.0 417.053795 -0.135272
sounding_015_060       36.0608    6.0145   -1.0 417.109121 -1.010957
sounding_015_061       36.1017    6.2787   -1.0 417.144849 -2.258320
sounding_016_057       36.1463    5.1700   -1.0 416.859813  0.326930
sounding_016_058       36.1897    5.4340   -1.0 416.942309 -1.131601
sounding_016_059       36.2324    5.6984   -1.0 417.039326 -1.413278
sounding_016_060       36.2743    5.9632   -1.0 417.087096  0.450890
sounding_016_061       36.3154    6.2283   -1.0 417.111140 -0.510621
sounding_016_062       36.3558    6.4938   -1.0 417.183735 -0.370492
sounding_016_063       36.3954    6.7596   -1.0 417.262971 -0.148680
sounding_017_058       36.4030    5.3805   -1.0 416.979730  0.201205
sounding_017_059       36.4459    5.6458   -1.0 417.024655  0.055270
sounding_017_060       36.4879    5.9115   -1.0 417.032695  2.449245
sounding_017_061       36.5293    6.1775   -1.0 417.052710 -1.564095
sounding_017_062       36.5698    6.4440   -1.0 417.118739  0.796566
sounding_017_063       36.6096    6.7107   -1.0 417.181789 -0.732747
sounding_017_064       36.6486    6.9779   -1.0 417.198890 -0.094996
sounding_018_058       36.6164    5.3266   -1.0 416.930322 -0.134283
sounding_018_059       36.6595    5.5928   -1.0 416.916147 -0.246351
sounding_018_060       36.7018    5.8594   -1.0 416.917955 -0.849007
sounding_018_061       36.7433    6.1264   -1.0 416.957709  0.171035
sounding_018_062       36.7840    6.3938   -1.0 417.009744 -0.969117
sounding_018_063       36.8240    6.6615   -1.0 417.053450  0.858700
sounding_018_064       36.8632    6.9296   -1.0 417.083021  0.102425
sounding_018_065       36.9016    7.1981   -1.0 417.081535  2.141526
sounding_019_062       36.9984    6.3432   -1.0 416.909398 -1.909442
sounding_030_072       39.7507    8.5750   -1.0 416.990055 -0.064397
sounding_030_073       39.7846    8.8584   -1.0 416.926685 -0.607282
sounding_031_072       39.9685    8.5302   -1.0 416.972793 -0.079101
sounding_031_073       40.0026    8.8147   -1.0 416.919913 -1.998167
sounding_031_074       40.0358    9.0995   -1.0 416.864532 -0.066935
sounding_032_072       40.1865    8.4850   -1.0 416.935355  1.099208
sounding_032_073       40.2207    8.7706   -1.0 416.897188  0.017510
sounding_032_074       40.2540    9.0565   -1.0 416.830798  0.502220
sounding_033_073       40.4389    8.7262   -1.0 416.859209 -0.551960
sounding_033_074       40.4724    9.0132   -1.0 416.826236  0.825995
sounding_033_075       40.5050    9.3005   -1.0 416.797655 -0.609175
sounding_035_072       40.8410    8.3475   -1.0 416.754881  0.681003
sounding_035_073       40.8757    8.6363   -1.0 416.800263  1.068850
sounding_035_075       40.9425    9.2151   -1.0 416.895836 -0.957377
sounding_036_075       41.1614    9.1718   -1.0 416.889690 -0.295741
sounding_038_075       41.5995    9.0844   -1.0 416.795036  0.139180
sounding_039_075       41.8188    9.0401   -1.0 416.747452 -0.134624
sounding_040_074       42.0044    8.7002   -1.0 416.609066 -1.446975
sounding_040_075       42.0382    8.9954   -1.0 416.667985 -0.780776
sounding_040_076       42.0710    9.2911   -1.0 416.695957 -0.131776
sounding_041_074       42.2238    8.6540   -1.0 416.495042 -0.548572
sounding_041_075       42.2576    8.9505   -1.0 416.578684 -0.495401
sounding_041_076       42.2906    9.2472   -1.0 416.601370 -0.561958
sounding_042_075       42.4772    8.9051   -1.0 416.477365  0.063339
sounding_042_076       42.5104    9.2031   -1.0 416.488121  2.045872
sounding_047_081       43.7664   10.5024   -1.0 416.651046 -1.690059
sounding_048_081       43.9875   10.4622   -1.0 416.500246  0.191733
sounding_049_072       43.9088    7.6599   -1.0 415.319281 -0.721245
sounding_049_073       43.9458    7.9652   -1.0 415.557482  0.340164
sounding_049_079       44.1484    9.8054   -1.0 416.199536 -0.965176
sounding_049_080       44.1790   10.1134   -1.0 416.241434 -0.809772
sounding_049_081       44.2086   10.4217   -1.0 416.358331  0.149228
sounding_049_082       44.2373   10.7305   -1.0 416.456960 -0.072282
sounding_050_072       44.1286    7.6077   -1.0 415.103133 -0.000930
sounding_050_073       44.1658    7.9142   -1.0 415.327045 -0.949921
sounding_050_074       44.2020    8.2212   -1.0 415.577237  0.176523
sounding_050_078       44.3378    9.4530   -1.0 416.136118 -0.276044
sounding_050_079       44.3694    9.7620   -1.0 416.091168  0.099412
sounding_050_080       44.4001   10.0713   -1.0 416.104706  0.857860
sounding_050_081       44.4298   10.3809   -1.0 416.167324 -1.657167
sounding_050_082       44.4586   10.6910   -1.0 416.192258  0.440027
sounding_051_073       44.3858    7.8628   -1.0 415.185947  0.818152
sounding_051_074       44.4222    8.1710   -1.0 415.410004  0.386334
sounding_051_075       44.4577    8.4796   -1.0 415.704095 -0.214194
sounding_051_076       44.4923    8.7887   -1.0 415.949473 -3.311647
sounding_051_077       44.5259    9.0981   -1.0 416.054206 -0.779266
sounding_051_078       44.5586    9.4080   -1.0 416.062889  1.331403
sounding_051_079       44.5904    9.7182   -1.0 416.036681 -1.030103
sounding_051_080       44.6212   10.0288   -1.0 415.987662 -0.483074
sounding_051_081       44.6511   10.3398   -1.0 415.958698  0.864849
sounding_051_082       44.6801   10.6511   -1.0 415.987938  0.598415
sounding_052_073       44.6060    7.8110   -1.0 415.200567 -0.254731
sounding_052_074       44.6425    8.1204   -1.0 415.343190 -0.823466
sounding_052_075       44.6782    8.4304   -1.0 415.565027  0.383823
sounding_052_076       44.7129    8.7407   -1.0 415.788726  1.193275
sounding_052_077       44.7467    9.0514   -1.0 415.917851 -2.214504
sounding_052_078       44.7796    9.3626   -1.0 415.970844 -1.095436
sounding_052_079       44.8115    9.6741   -1.0 415.960419  1.433820
sounding_052_080       44.8424    9.9860   -1.0 415.921595 -0.572236
sounding_052_081       44.8725   10.2982   -1.0 415.911510  2.043527
sounding_052_082       44.9016   10.6108   -1.0 415.990603  0.595340
sounding_053_073       44.8262    7.7587   -1.0 415.356840 -0.121685
sounding_053_074       44.8629    8.0695   -1.0 415.370501  0.661628
sounding_053_075       44.8988    8.3807   -1.0 415.476458 -0.320408
sounding_053_076       44.9336    8.6923   -1.0 415.639039 -0.670829
sounding_053_077       44.9676    9.0043   -1.0 415.771305  2.135547
sounding_053_078       45.0006    9.3167   -1.0 415.865895 -0.106701
sounding_053_079       45.0326    9.6296   -1.0 415.932524  0.119205
sounding_053_080       45.0638    9.9428   -1.0 416.003699  0.734438
sounding_053_081       45.0939   10.2563   -1.0 416.082668 -0.731080
sounding_053_082       45.1232   10.5703   -1.0 416.168006 -0.235840
sounding_053_083       45.1514   10.8846   -1.0 416.296285  1.490528
sounding_054_074       45.0834    8.0181   -1.0 415.480578 -1.441944
sounding_054_075       45.1194    8.3305   -1.0 415.463530  0.116794
sounding_054_076       45.1544    8.6435   -1.0 415.516001 -0.319050
sounding_054_077       45.1885    8.9568   -1.0 415.637347 -0.782971
sounding_054_078       45.2217    9.2705   -1.0 415.802223  0.431746
sounding_054_079       45.2539    9.5847   -1.0 415.995537 -0.883385
sounding_054_080       45.2852    9.8992   -1.0 416.176498  0.925590
sounding_054_081       45.3155   10.2141   -1.0 416.277659  1.286535
sounding_054_082       45.3448   10.5294   -1.0 416.294085  0.866763
sounding_054_083       45.3732   10.8450   -1.0 416.303652 -1.030260
sounding_054_084       45.4007   11.1609   -1.0 416.384753  0.220039
sounding_055_074       45.3039    7.9662   -1.0 415.556600  0.075807
sounding_055_075       45.3400    8.2800   -1.0 415.527823 -0.720694
sounding_055_076       45.3753    8.5942   -1.0 415.523213  2.237115
sounding_055_077       45.4095    8.9088   -1.0 415.602874  1.441001
sounding_055_078       45.4429    9.2239   -1.0 415.806579  0.820541
sounding_055_079       45.4752    9.5394   -1.0 416.059892 -0.277787
sounding_055_080       45.5066    9.8553   -1.0 416.214234 -0.345193
sounding_055_081       45.5371   10.1715   -1.0 416.264019  0.058243
sounding_055_082       45.5666   10.4881   -1.0 416.238458  0.039169
sounding_055_083       45.5951   10.8050   -1.0 416.197695  0.969754
sounding_055_084       45.6227   11.1224   -1.0 416.225163 -0.990362
sounding_056_075       45.5608    8.2290   -1.0 415.538306  1.209534
sounding_056_076       45.5962    8.5445   -1.0 415.632553 -0.365063
sounding_056_077       45.6306    8.8605   -1.0 415.710830  1.672795
sounding_056_078       45.6641    9.1769   -1.0 415.842972  1.227476
sounding_056_079       45.6966    9.4937   -1.0 415.991988 -0.402993
sounding_056_080       45.7282    9.8109   -1.0 416.072782 -1.360286
sounding_056_081       45.7588   10.1285   -1.0 416.098090  0.532267
sounding_056_082       45.7884   10.4465   -1.0 416.097685 -1.495021
sounding_056_083       45.8171   10.7648   -1.0 416.090156  0.866371
sounding_056_084       45.8448   11.0835   -1.0 416.087497  0.805110
sounding_057_076       45.8171    8.4945   -1.0 415.663438 -0.869545
sounding_057_077       45.8518    8.8117   -1.0 415.792966  1.003660
sounding_057_078       45.8854    9.1295   -1.0 415.801643  0.939237
sounding_057_079       45.9181    9.4476   -1.0 415.792873 -1.525442
sounding_057_080       45.9498    9.7662   -1.0 415.845529  0.564284
sounding_057_081       45.9805   10.0851   -1.0 415.925022  0.734380
sounding_057_082       46.0103   10.4045   -1.0 415.976437 -2.405054
sounding_057_083       46.0391   10.7241   -1.0 416.009953 -1.769027
sounding_057_084       46.0669   11.0442   -1.0 416.029158  0.573065
sounding_057_085       46.0938   11.3646   -1.0 416.027903 -1.679274
sounding_058_079       46.1395    9.4011   -1.0 415.597715 -0.223864
sounding_058_080       46.1714    9.7211   -1.0 415.631577 -0.769499
sounding_058_081       46.2023   10.0414   -1.0 415.766518 -0.379734
sounding_058_082       46.2322   10.3621   -1.0 415.885675  0.282901
sounding_058_083       46.2612   10.6832   -1.0 415.953794  1.574721
sounding_058_084       46.2891   11.0046   -1.0 415.993362 -0.794731
sounding_058_085       46.3161   11.3264   -1.0 415.980201  0.201039
sounding_059_079       46.3611    9.3543   -1.0 415.396103 -0.038212
sounding_059_080       46.3931    9.6756   -1.0 415.425445  0.196505
sounding_059_081       46.4242    9.9973   -1.0 415.577710 -2.345931
sounding_059_082       46.4542   10.3194   -1.0 415.768696 -0.403664
sounding_059_083       46.4833   10.6418   -1.0 415.905519 -1.302817
sounding_059_084       46.5114   10.9647   -1.0 415.960784 -2.251801
sounding_059_085       46.5385   11.2879   -1.0 415.941769  0.166412
sounding_059_086       46.5647   11.6114   -1.0 415.893208  0.549547
sounding_060_076       46.4804    8.3415   -1.0 415.069686  0.669226
sounding_060_077       46.5155    8.6629   -1.0 415.161370  2.043810
sounding_060_078       46.5496    8.9847   -1.0 415.245646 -0.285835
sounding_060_079       46.5827    9.3070   -1.0 415.284346  1.677317
sounding_060_080       46.6149    9.6297   -1.0 415.316087  0.106756
sounding_060_081       46.6461    9.9528   -1.0 415.434392 -0.737326
sounding_060_082       46.6763   10.2762   -1.0 415.636536 -1.049023
sounding_060_083       46.7055   10.6001   -1.0 415.818308 -2.411111
sounding_060_084       46.7337   10.9244   -1.0 415.896703  0.152585
sounding_060_086       46.7873   11.5739   -1.0 415.854712  0.503799
sounding_061_077       46.7368    8.6124   -1.0 415.096549  0.090447
sounding_061_078       46.7711    8.9356   -1.0 415.168096 -0.740022
sounding_061_079       46.8044    9.2593   -1.0 415.254996 -0.890665
sounding_061_080       46.8367    9.5834   -1.0 415.311179  0.420826
sounding_061_081       46.8680    9.9079   -1.0 415.370694 -0.208356
sounding_061_082       46.8984   10.2328   -1.0 415.509650 -1.086438
sounding_061_083       46.9278   10.5580   -1.0 415.695737 -0.498505
sounding_061_084       46.9561   10.8837   -1.0 415.826101  0.006981
sounding_061_085       46.9835   11.2097   -1.0 415.867551 -0.340888
sounding_061_086       47.0099   11.5361   -1.0 415.867973  1.262999
sounding_061_087       47.0353   11.8628   -1.0 415.841050  1.418815
sounding_062_077       46.9582    8.5614   -1.0 415.056291 -1.873480
sounding_062_078       46.9927    8.8861   -1.0 415.102204 -1.038950
sounding_062_079       47.0261    9.2111   -1.0 415.214271 -0.762604
sounding_062_080       47.0586    9.5366   -1.0 415.298120  0.462915
sounding_062_081       47.0900    9.8626   -1.0 415.335917 -0.123120
sounding_062_082       47.1206   10.1889   -1.0 415.408811 -1.007442
sounding_062_083       47.1501   10.5156   -1.0 415.573833 -1.008985
sounding_062_084       47.1786   10.8427   -1.0 415.743977 -0.779974
sounding_062_085       47.2061   11.1702   -1.0 415.835067 -0.516111
sounding_062_086       47.2326   11.4980   -1.0 415.870073 -2.706987
sounding_062_087       47.2581   11.8261   -1.0 415.878817  0.135332
sounding_063_078       47.2143    8.8361   -1.0 415.087983  1.356895
sounding_063_079       47.2479    9.1626   -1.0 415.206102  0.709873
sounding_063_080       47.2805    9.4895   -1.0 415.271769  1.553614
sounding_063_081       47.3121    9.8168   -1.0 415.277737  0.777295
sounding_063_082       47.3428   10.1446   -1.0 415.288256  0.174565
sounding_063_083       47.3724   10.4727   -1.0 415.348274  0.372088
sounding_063_084       47.4010   10.8013   -1.0 415.444228  1.167420
sounding_063_085       47.4287   11.1302   -1.0 415.541641 -0.289882
sounding_063_086       47.4553   11.4595   -1.0 415.618040 -0.796566
sounding_063_087       47.4810   11.7891   -1.0 415.682537 -0.044679
sounding_064_078       47.4359    8.7856   -1.0 415.042277  0.634353
sounding_064_079       47.4697    9.1136   -1.0 415.139753 -0.317220
sounding_064_080       47.5024    9.4419   -1.0 415.147102 -0.756127
sounding_064_081       47.5342    9.7707   -1.0 415.122515  0.873577
sounding_064_082       47.5650   10.0999   -1.0 415.099695  0.032604
sounding_064_083       47.5948   10.4295   -1.0 415.098365 -0.017031
sounding_064_084       47.6236   10.7595   -1.0 415.146932  1.161738
sounding_064_085       47.6513   11.0899   -1.0 415.225298  0.927396
sounding_064_086       47.6781   11.4207   -1.0 415.311523 -0.527187
sounding_064_087       47.7039   11.7517   -1.0 415.386379  0.022103
sounding_064_088       47.7286   12.0832   -1.0 415.420597  0.391211
sounding_065_078       47.6576    8.7347   -1.0 414.881304  0.578132
sounding_065_079       47.6915    9.0641   -1.0 414.930221 -0.714053
sounding_065_080       47.7244    9.3939   -1.0 414.868525 -0.146824
sounding_065_081       47.7564    9.7241   -1.0 414.804829 -0.581644
sounding_065_082       47.7873   10.0548   -1.0 414.770209  0.808112
sounding_065_083       47.8172   10.3859   -1.0 414.799046 -2.071579
sounding_065_084       47.8461   10.7174   -1.0 414.868119  2.474564
sounding_065_085       47.8740   11.0492   -1.0 414.960411 -0.978126
sounding_065_088       47.9517   12.0470   -1.0 415.319594 -0.977503
sounding_066_079       47.9134    9.0142   -1.0 414.631273 -0.231104
sounding_066_080       47.9465    9.3455   -1.0 414.581299 -2.260586
sounding_066_081       47.9785    9.6772   -1.0 414.463288  0.363994
sounding_066_082       48.0096   10.0093   -1.0 414.400256 -0.332745
sounding_066_083       48.0397   10.3419   -1.0 414.477328 -0.137102
sounding_066_084       48.0687   10.6748   -1.0 414.594601 -0.064992
sounding_066_085       48.0968   11.0082   -1.0 414.717578 -0.739115
sounding_066_088       48.1748   12.0104   -1.0 415.270173 -0.584290
sounding_066_089       48.1988   12.3452   -1.0 415.475185 -1.354500
sounding_067_079       48.1353    8.9639   -1.0 414.424944  1.118899
sounding_067_080       48.1685    9.2966   -1.0 414.425613  0.708829
sounding_067_081       48.2007    9.6298   -1.0 414.305123  0.801919
sounding_067_082       48.2320    9.9634   -1.0 414.197268  0.681160
sounding_067_083       48.2622   10.2974   -1.0 414.245086 -1.735195
sounding_067_084       48.2914   10.6319   -1.0 414.335908  1.379730
sounding_067_085       48.3196   10.9668   -1.0 414.420922  2.433300
sounding_067_086       48.3467   11.3020   -1.0 414.570669  0.270567
sounding_067_087       48.3729   11.6376   -1.0 414.827753 -1.677407
sounding_067_088       48.3980   11.9735   -1.0 415.151914 -2.535665
sounding_067_089       48.4221   12.3098   -1.0 415.467685  1.649552
sounding_068_080       48.3906    9.2473   -1.0 414.361411  1.072405
sounding_068_081       48.4230    9.5820   -1.0 414.343762 -1.254099
sounding_068_082       48.4544    9.9171   -1.0 414.247818 -0.349032
sounding_068_083       48.4847   10.2526   -1.0 414.209795 -0.478201
sounding_068_084       48.5141   10.5886   -1.0 414.172985  1.940361
sounding_068_085       48.5424   10.9250   -1.0 414.105664 -0.267834
sounding_068_086       48.5697   11.2617   -1.0 414.119771 -0.058281
sounding_068_087       48.5959   11.5989   -1.0 414.341034 -0.714046
sounding_068_088       48.6212   11.9363   -1.0 414.761770  0.437288
sounding_068_089       48.6454   12.2741   -1.0 415.218761  0.079967
sounding_069_080       48.6127    9.1975   -1.0 414.288369 -0.675290
sounding_069_081       48.6452    9.5337   -1.0 414.391415  0.765864
sounding_069_082       48.6768    9.8703   -1.0 414.376419 -0.114449
sounding_069_083       48.7073   10.2074   -1.0 414.303267  1.400422
sounding_069_084       48.7368   10.5449   -1.0 414.140788  0.085240
sounding_069_085       48.7652   10.8828   -1.0 413.867261  1.217459
sounding_069_086       48.7926   11.2211   -1.0 413.577925  1.236812
sounding_069_087       48.8190   11.5597   -1.0 413.551873  0.131915
sounding_069_088       48.8444   11.8987   -1.0 413.991867 -1.265628
sounding_069_089       48.8687   12.2381   -1.0 414.646629 -1.368779
sounding_069_090       48.8920   12.5778   -1.0 415.088881  0.231668
sounding_070_081       48.8675    9.4850   -1.0 414.365480  2.081362
sounding_070_084       48.9595   10.5008   -1.0 414.158353 -0.825833
sounding_070_085       48.9881   10.8402   -1.0 413.711673 -0.958505
sounding_070_086       49.0156   11.1800   -1.0 413.076934 -0.104642
sounding_070_087       49.0421   11.5203   -1.0 412.715652 -0.415996
sounding_070_088       49.0676   11.8608   -1.0 413.019001  0.610163
sounding_070_089       49.0921   12.2018   -1.0 413.852783 -1.183703
sounding_070_090       49.1155   12.5431   -1.0 414.535900 -0.569965
sounding_071_084       49.1822   10.4562   -1.0 414.121504 -2.197664
sounding_071_085       49.2110   10.7972   -1.0 413.572188  0.222438
sounding_071_086       49.2386   11.1386   -1.0 412.730834  1.315637
sounding_071_087       49.2653   11.4804   -1.0 412.231992 -1.446563
sounding_071_088       49.2909   11.8226   -1.0 412.427349  0.441416
sounding_071_089       49.3155   12.1651   -1.0 413.041201 -0.104711
sounding_071_090       49.3390   12.5080   -1.0 413.825115  0.355471
sounding_071_091       49.3614   12.8511   -1.0 414.414604 -0.096024
sounding_072_085       49.4339   10.7538   -1.0 413.306829  1.269049
sounding_072_086       49.4617   11.0968   -1.0 412.404605 -0.486071
sounding_072_088       49.5142   11.7839   -1.0 412.362853  0.513019
sounding_072_089       49.5389   12.1280   -1.0 412.805572 -1.853467
sounding_072_090       49.5625   12.4725   -1.0 413.239282  0.607749
sounding_072_091       49.5851   12.8173   -1.0 413.870317 -0.577877
sounding_073_084       49.6278   10.3659   -1.0 413.805002 -0.120538
sounding_073_085       49.6568   10.7101   -1.0 413.028330  0.195500
sounding_073_086       49.6848   11.0546   -1.0 412.152321  1.048396
sounding_073_089       49.7623   12.0907   -1.0 412.966736 -0.587389
sounding_073_090       49.7860   12.4367   -1.0 412.952029  0.900949
sounding_073_091       49.8087   12.7831   -1.0 413.042334 -1.437414
sounding_074_089       49.9857   12.0529   -1.0 413.060760  1.622805
sounding_074_090       50.0096   12.4006   -1.0 412.946863  0.242920
sounding_074_091       50.0324   12.7487   -1.0 412.781137 -0.055092
sounding_074_092       50.0541   13.0970   -1.0 413.258681  1.133168
sounding_075_089       50.2092   12.0148   -1.0 413.162594 -0.886034
sounding_075_090       50.2332   12.3641   -1.0 413.112172  0.602705
sounding_079_094       51.2144   13.6426   -1.0 415.147166 -1.226281
sounding_080_091       51.3746   12.5346   -1.0 412.796195 -1.049999
sounding_080_092       51.3969   12.8932   -1.0 414.150663 -0.255533
sounding_080_093       51.4182   13.2520   -1.0 414.917002 -0.246473
sounding_080_094       51.4384   13.6112   -1.0 415.246400 -0.632750
sounding_081_091       51.5983   12.4977   -1.0 413.538033 -0.510438
sounding_081_092       51.6207   12.8580   -1.0 414.452865 -0.078754
sounding_081_093       51.6421   13.2186   -1.0 414.955061  1.020768
sounding_081_094       51.6624   13.5796   -1.0 414.885748  1.287872
sounding_081_095       51.6816   13.9409   -1.0 414.216508  0.677073
sounding_082_090       51.7982   12.0988   -1.0 414.340128  0.078624
sounding_082_091       51.8219   12.4605   -1.0 414.271886  2.524232
sounding_082_092       51.8445   12.8225   -1.0 414.521348 -0.091021
sounding_082_093       51.8660   13.1849   -1.0 414.554855 -1.106300
sounding_082_094       51.8864   13.5476   -1.0 414.128040 -0.177366
sounding_082_095       51.9056   13.9107   -1.0 413.136073 -1.207987
sounding_083_089       51.9968   11.6963   -1.0 415.044668 -0.312046
sounding_083_090       52.0218   12.0594   -1.0 414.990543 -1.059077
sounding_083_091       52.0456   12.4229   -1.0 414.855291 -2.740000
sounding_083_092       52.0683   12.7866   -1.0 414.568898  0.709492
sounding_083_093       52.0899   13.1509   -1.0 413.979314  0.223661
sounding_083_094       52.1104   13.5154   -1.0 413.357099 -0.147505
sounding_083_095       52.1297   13.8802   -1.0 412.655061  2.935020
sounding_083_096       52.1480   14.2454   -1.0 412.055856  1.717644
sounding_084_087       52.1668   10.9263   -1.0 415.094353 -0.789643
sounding_084_088       52.1941   11.2903   -1.0 415.152556 -1.170937
sounding_084_089       52.2202   11.6547   -1.0 415.204117  2.734276
sounding_084_090       52.2453   12.0196   -1.0 415.283643  1.297580
sounding_084_091       52.2692   12.3848   -1.0 415.138363  0.503343
sounding_084_092       52.2921   12.7505   -1.0 414.462495  0.763818
sounding_084_093       52.3137   13.1165   -1.0 413.440816  1.752576
sounding_084_096       52.3721   14.2164   -1.0 412.534439  0.889160
sounding_085_088       52.4173   11.2465   -1.0 415.225983  1.250884
sounding_085_089       52.4436   11.6127   -1.0 415.250897  0.579524
sounding_085_090       52.4688   11.9794   -1.0 415.271352 -0.421931
sounding_085_091       52.4928   12.3464   -1.0 415.009387  0.056316
sounding_085_092       52.5158   12.7139   -1.0 414.144405  2.426475
sounding_086_090       52.6923   11.9388   -1.0 414.989270 -1.525764
sounding_086_091       52.7164   12.3077   -1.0 414.545667  0.370946
sounding_086_092       52.7395   12.6769   -1.0 413.766135 -0.500874
sounding_086_093       52.7614   13.0466   -1.0 412.933253  0.603448
sounding_086_097       52.8377   14.5286   -1.0 413.102416 -2.043034
sounding_087_091       52.9400   12.2685   -1.0 414.125110  1.440684
sounding_087_092       52.9632   12.6396   -1.0 413.630806 -0.711375
sounding_087_093       52.9852   13.0111   -1.0 413.048151 -0.547224
sounding_087_094       53.0061   13.3830   -1.0 412.613468  1.467009
sounding_087_095       53.0258   13.7552   -1.0 412.477227  0.588663
sounding_087_096       53.0444   14.1278   -1.0 412.574686 -1.288434
sounding_087_097       53.0619   14.5006   -1.0 412.694910 -1.808119
sounding_088_092       53.1868   12.6019   -1.0 413.649216  1.851284
sounding_088_093       53.2090   12.9753   -1.0 413.259054  0.896933
sounding_088_094       53.2299   13.3491   -1.0 412.826686  1.300203
sounding_088_095       53.2498   13.7232   -1.0 412.498583  0.025428
sounding_088_096       53.2685   14.0976   -1.0 412.346093 -1.344636
sounding_089_088       53.3100   11.0667   -1.0 414.704381  0.433210
sounding_089_089       53.3368   11.4404   -1.0 414.411766  0.392519
sounding_089_090       53.3625   11.8144   -1.0 414.156514 -1.840618
sounding_089_091       53.3870   12.1889   -1.0 413.969085 -0.848552
sounding_089_092       53.4104   12.5638   -1.0 413.782864  0.674181
sounding_089_093       53.4327   12.9391   -1.0 413.530384 -0.671979
sounding_089_094       53.4538   13.3148   -1.0 413.170624 -1.676538
sounding_089_095       53.4737   13.6908   -1.0 412.848445 -1.013744
sounding_090_089       53.5600   11.3962   -1.0 414.441974 -0.646940
sounding_090_090       53.5858   11.7721   -1.0 414.186930 -0.101338
sounding_090_091       53.6105   12.1485   -1.0 414.031257 -1.066179
sounding_090_092       53.6340   12.5253   -1.0 413.948024  0.016691
sounding_090_093       53.6564   12.9026   -1.0 413.832031  1.073208
sounding_090_094       53.6776   13.2802   -1.0 413.651519  0.822333
sounding_090_095       53.6976   13.6581   -1.0 413.453916  0.066429
sounding_091_089       53.7832   11.3515   -1.0 414.601552 -0.115564
sounding_091_090       53.8091   11.7294   -1.0 414.371275 -0.546001
sounding_091_091       53.8339   12.1077   -1.0 414.203628 -0.986175
sounding_091_092       53.8575   12.4864   -1.0 414.132462 -1.545785
sounding_091_093       53.8800   12.8656   -1.0 414.128039 -0.671959
sounding_091_094       53.9013   13.2452   -1.0 414.119597 -2.096112
sounding_091_095       53.9215   13.6250   -1.0 414.079975  0.847310
sounding_092_090       54.0323   11.6862   -1.0 414.601172  0.908270
sounding_092_091       54.0573   12.0665   -1.0 414.433014  0.770076
sounding_092_092       54.0810   12.4472   -1.0 414.355624  0.439564
sounding_092_093       54.1036   12.8283   -1.0 414.363340  0.393742
sounding_092_094       54.1250   13.2098   -1.0 414.436754 -0.095832
sounding_093_092       54.3044   12.4075   -1.0 414.530915  1.028005
sounding_093_093       54.3271   12.7906   -1.0 414.545061  1.031970
sounding_093_094       54.3486   13.1740   -1.0 414.588697 -0.909112
sounding_095_091       54.7270   11.9402   -1.0 414.481222  1.221192
sounding_096_091       54.9501   11.8972   -1.0 414.394840 -2.319140
sounding_096_099       55.1106   15.0178   -1.0 414.932900 -0.694048
sounding_097_091       55.1732   11.8537   -1.0 414.397834  0.743146
sounding_098_092       55.4207   12.2026   -1.0 414.312376  0.321421
sounding_098_094       55.4660   12.9896   -1.0 414.276272  1.031765
sounding_098_095       55.4869   13.3837   -1.0 414.333423  0.758907
sounding_098_096       55.5066   13.7782   -1.0 414.383931 -0.233476
sounding_098_097       55.5250   14.1730   -1.0 414.452853  0.633628
sounding_099_092       55.6437   12.1603   -1.0 414.404168 -1.074169
sounding_099_097       55.7486   14.1413   -1.0 414.519286  0.156104
sounding_100_093       55.8902   12.5150   -1.0 414.475163 -1.367832
sounding_100_094       55.9125   12.9130   -1.0 414.484066 -0.766688
sounding_101_094       56.1356   12.8740   -1.0 414.668233 -1.582059
sounding_101_095       56.1568   13.2746   -1.0 414.674718  1.131159
sounding_101_096       56.1768   13.6755   -1.0 414.651150 -0.188942
sounding_101_097       56.1955   14.0768   -1.0 414.639177  1.161584
sounding_101_098       56.2131   14.4785   -1.0 414.679023 -0.674291
sounding_101_099       56.2293   14.8805   -1.0 414.726602 -0.980256
sounding_101_100       56.2444   15.2828   -1.0 414.805397  0.461524
sounding_101_101       56.2582   15.6855   -1.0 414.993933 -0.778520
sounding_102_094       56.3586   12.8347   -1.0 414.816273  0.398244
sounding_102_095       56.3799   13.2374   -1.0 414.742643  1.113356
sounding_102_096       56.4000   13.6405   -1.0 414.702048  0.078374
sounding_102_097       56.4189   14.0440   -1.0 414.714837  0.685595
sounding_102_098       56.4365   14.4479   -1.0 414.768005  0.912244
sounding_102_099       56.4528   14.8521   -1.0 414.797952 -0.306510
sounding_102_100       56.4680   15.2567   -1.0 414.842600 -0.464097
sounding_102_101       56.4819   15.6615   -1.0 414.987992  1.341341
sounding_102_102       56.4946   16.0666   -1.0 415.183324  0.590236
sounding_102_103       56.5060   16.4719   -1.0 415.345482 -0.495641
sounding_103_095       56.6030   13.1998   -1.0 414.815891  0.247745
sounding_103_096       56.6232   13.6052   -1.0 414.781489 -0.968209
sounding_103_097       56.6421   14.0109   -1.0 414.813529 -0.705210
sounding_103_098       56.6598   14.4170   -1.0 414.857593  1.232193
sounding_103_099       56.6763   14.8235   -1.0 414.880786  0.533404
sounding_103_100       56.6915   15.2303   -1.0 414.908817  0.592074
sounding_103_101       56.7055   15.6373   -1.0 415.009055 -0.125636
sounding_103_102       56.7182   16.0447   -1.0 415.163752  0.812069
sounding_103_103       56.7297   16.4523   -1.0 415.290415  1.490711
sounding_104_094       56.8044   12.7546   -1.0 415.085898  0.728439
sounding_104_095       56.8259   13.1618   -1.0 414.942427 -1.159509
sounding_104_096       56.8462   13.5694   -1.0 414.885823 -1.293527
sounding_104_097       56.8653   13.9774   -1.0 414.902980  1.413694
sounding_104_098       56.8831   14.3857   -1.0 414.924974 -1.121128
sounding_104_099       56.8996   14.7945   -1.0 414.923623 -0.905594
sounding_104_100       56.9149   15.2035   -1.0 414.921243 -0.265943
sounding_104_101       56.9290   15.6128   -1.0 414.994492 -0.868912
sounding_104_102       56.9418   16.0225   -1.0 415.150598 -0.018885
sounding_104_103       56.9533   16.4324   -1.0 415.289355  0.002759
sounding_105_095       57.0488   13.1234   -1.0 415.081819 -0.608936
sounding_105_096       57.0692   13.5332   -1.0 414.999671  0.090183
sounding_105_097       57.0883   13.9435   -1.0 414.978589 -1.812835
sounding_105_098       57.1062   14.3541   -1.0 414.967498 -0.445135
sounding_105_099       57.1229   14.7651   -1.0 414.926335 -0.157411
sounding_105_100       57.1383   15.1765   -1.0 414.905039  0.177439
sounding_105_101       57.1524   15.5881   -1.0 414.986292  1.275122
sounding_105_102       57.1653   16.0001   -1.0 415.139617 -0.726862
sounding_105_103       57.1769   16.4122   -1.0 415.314129 -1.251879
sounding_106_095       57.2716   13.0845   -1.0 415.189755 -0.585434
sounding_106_096       57.2921   13.4966   -1.0 415.097302 -0.294551
sounding_106_097       57.3113   13.9092   -1.0 415.034217  0.513709
sounding_106_098       57.3293   14.3222   -1.0 414.982531  1.156161
sounding_106_099       57.3460   14.7355   -1.0 414.924829 -1.733396
sounding_106_100       57.3615   15.1491   -1.0 414.904669  0.224915
sounding_106_101       57.3757   15.5631   -1.0 414.982693  0.247831
sounding_106_102       57.3886   15.9774   -1.0 415.129681  0.179338
sounding_106_103       57.4003   16.3919   -1.0 415.325418 -0.525818
sounding_107_095       57.4942   13.0452   -1.0 415.257933  1.166190
sounding_107_096       57.5149   13.4597   -1.0 415.164592 -0.833393
sounding_107_097       57.5342   13.8746   -1.0 415.082849 -1.125323
sounding_107_098       57.5523   14.2898   -1.0 415.008481 -1.321434
sounding_107_099       57.5691   14.7055   -1.0 414.952948  0.428992
sounding_107_100       57.5846   15.1215   -1.0 414.929861  0.635355
sounding_107_101       57.5989   15.5378   -1.0 414.991141  0.178220
sounding_107_102       57.6119   15.9544   -1.0 415.132112  0.523117
sounding_107_103       57.6236   16.3713   -1.0 415.350863 -0.498337
sounding_108_096       57.7375   13.4223   -1.0 415.232742 -1.307451
sounding_108_097       57.7570   13.8395   -1.0 415.153291 -1.178340
sounding_108_098       57.7751   14.2571   -1.0 415.077072 -0.798362
sounding_108_099       57.7920   14.6751   -1.0 415.022933  1.069908
sounding_108_100       57.8077   15.0935   -1.0 414.999914 -0.245048
sounding_108_101       57.8220   15.5122   -1.0 415.061883  1.697885
sounding_108_102       57.8351   15.9312   -1.0 415.201736 -0.437851
sounding_108_103       57.8469   16.3504   -1.0 415.395907 -0.271859
sounding_109_096       57.9601   13.3844   -1.0 415.313107 -0.361081
sounding_109_097       57.9796   13.8041   -1.0 415.245951 -0.297231
sounding_109_099       58.0149   14.6445   -1.0 415.128208 -0.013827
sounding_109_100       58.0306   15.0652   -1.0 415.107913  0.005274
sounding_109_101       58.0450   15.4863   -1.0 415.175801 -1.698191
sounding_109_102       58.0581   15.9077   -1.0 415.299098  0.552097
sounding_109_103       58.0700   16.3294   -1.0 415.443669  0.588613
sounding_110_097       58.2022   13.7682   -1.0 415.344124  0.655738
sounding_110_098       58.2205   14.1906   -1.0 415.281944 -2.235588
sounding_110_100       58.2534   15.0366   -1.0 415.213949  0.429198
sounding_110_101       58.2679   15.4601   -1.0 415.272816 -0.296443
sounding_110_102       58.2811   15.8839   -1.0 415.359637  0.288416
sounding_110_103       58.2930   16.3080   -1.0 415.458664 -0.194334
sounding_110_104       58.3036   16.7324   -1.0 415.537262  0.856482
sounding_111_097       58.4246   13.7319   -1.0 415.418175 -1.490509
sounding_111_098       58.4430   14.1567   -1.0 415.346691  0.306932
sounding_111_100       58.4761   15.0077   -1.0 415.275642  0.260309
sounding_111_101       58.4907   15.4336   -1.0 415.309732 -0.247909
sounding_111_102       58.5039   15.8599   -1.0 415.370633 -0.580251
sounding_111_103       58.5159   16.2865   -1.0 415.441742 -0.158232
sounding_111_104       58.5266   16.7133   -1.0 415.493113 -2.909578
sounding_112_097       58.6469   13.6952   -1.0 415.448464  0.340715
sounding_112_098       58.6654   14.1225   -1.0 415.372667 -0.750771
sounding_112_099       58.6827   14.5502   -1.0 415.306589 -0.259713
sounding_112_100       58.6987   14.9784   -1.0 415.287400  1.647410
sounding_112_101       58.7133   15.4068   -1.0 415.308312 -0.431341
sounding_112_102       58.7267   15.8356   -1.0 415.364794  1.221044
sounding_112_103       58.7387   16.2646   -1.0 415.428553  0.222379
sounding_112_104       58.7494   16.6940   -1.0 415.447552  1.099340
sounding_112_105       58.7589   17.1235   -1.0 415.469770  2.074299
sounding_113_098       58.8877   14.0879   -1.0 415.364512 -0.194186
sounding_113_099       58.9051   14.5181   -1.0 415.309521 -1.517848
sounding_113_100       58.9211   14.9487   -1.0 415.285278 -2.336395
sounding_113_101       58.9358   15.3797   -1.0 415.301578 -0.759952
sounding_113_102       58.9493   15.8110   -1.0 415.359085 -0.033322
sounding_113_103       58.9614   16.2426   -1.0 415.409418 -2.191045
sounding_113_104       58.9722   16.6744   -1.0 415.416384 -2.388869
sounding_113_105       58.9816   17.1065   -1.0 415.404313 -1.105639
sounding_113_106       58.9898   17.5388   -1.0 415.423937 -2.245177
sounding_113_107       58.9967   17.9713   -1.0 415.465549  1.131537
sounding_114_099       59.1273   14.4856   -1.0 415.310774 -0.317510
sounding_114_100       59.1434   14.9187   -1.0 415.301360 -0.007773
sounding_114_101       59.1583   15.3522   -1.0 415.312644 -0.742908
sounding_114_103       59.1839   16.2203   -1.0 415.403515 -0.005336
sounding_114_104       59.1948   16.6547   -1.0 415.406493  0.185030
sounding_114_105       59.2043   17.0893   -1.0 415.365802 -0.293290
sounding_114_106       59.2125   17.5241   -1.0 415.334526  0.462716
sounding_114_107       59.2194   17.9592   -1.0 415.335850 -0.617687
sounding_114_108       59.2249   18.3943   -1.0 415.332056  0.881961
sounding_115_098       59.3319   14.0173   -1.0 415.331347 -0.113393
sounding_115_099       59.3494   14.4527   -1.0 415.319689 -0.619396
sounding_115_100       59.3656   14.8884   -1.0 415.319389 -1.684105
sounding_115_101       59.3805   15.3245   -1.0 415.323719  0.125660
sounding_115_102       59.3941   15.7609   -1.0 415.350622  3.288308
sounding_115_103       59.4063   16.1976   -1.0 415.391084  0.103492
sounding_115_104       59.4172   16.6346   -1.0 415.399177 -0.321039
sounding_115_105       59.4268   17.0719   -1.0 415.357998 -0.698583
sounding_115_107       59.4420   17.9470   -1.0 415.241546  2.601364
sounding_116_099       59.5714   14.4193   -1.0 415.328971 -0.404605
sounding_116_100       59.5877   14.8577   -1.0 415.334874 -0.165839
sounding_116_101       59.6026   15.2964   -1.0 415.337380  0.301607
sounding_116_102       59.6163   15.7354   -1.0 415.350840  1.613240
sounding_116_103       59.6286   16.1747   -1.0 415.380242  1.543176
sounding_116_104       59.6396   16.6144   -1.0 415.383520 -0.307588
sounding_116_105       59.6492   17.0542   -1.0 415.348819  1.257277
sounding_116_106       59.6575   17.4943   -1.0 415.280818  0.153346
sounding_116_107       59.6645   17.9346   -1.0 415.180537  0.915867
sounding_116_108       59.6701   18.3750   -1.0 415.106012 -0.131509
sounding_117_099       59.7932   14.3857   -1.0 415.330991  0.319085
sounding_117_100       59.8096   14.8266   -1.0 415.336220 -0.297772
sounding_117_102       59.8384   15.7096   -1.0 415.347404 -1.647343
sounding_117_103       59.8507   16.1516   -1.0 415.366157  1.230701
sounding_117_104       59.8618   16.5939   -1.0 415.361999  0.881751
sounding_117_105       59.8714   17.0364   -1.0 415.331106  0.080970
sounding_117_106       59.8798   17.4791   -1.0 415.271783  0.991064
sounding_117_107       59.8868   17.9221   -1.0 415.148655 -1.286558
sounding_117_108       59.8924   18.3651   -1.0 415.041758 -0.418211
sounding_117_109       59.8967   18.8084   -1.0 414.992161 -1.699247
sounding_118_100       60.0314   14.7951   -1.0 415.331491 -1.883308
sounding_118_101       60.0465   15.2391   -1.0 415.337808  0.654325
sounding_118_102       60.0603   15.6835   -1.0 415.342699 -1.054569
sounding_118_103       60.0727   16.1282   -1.0 415.346280  0.069082
sounding_118_104       60.0838   16.5731   -1.0 415.338988 -0.138675
sounding_118_105       60.0936   17.0183   -1.0 415.304326  1.111224
sounding_118_106       60.1019   17.4638   -1.0 415.249112  2.377868
sounding_118_107       60.1090   17.9094   -1.0 415.143386  1.203485
sounding_118_108       60.1146   18.3552   -1.0 415.031289 -2.082016
sounding_119_100       60.2530   14.7633   -1.0 415.340929 -0.318585
sounding_119_101       60.2682   15.2100   -1.0 415.341791  0.170194
sounding_119_102       60.2821   15.6570   -1.0 415.340921 -0.063573
sounding_119_103       60.2946   16.1044   -1.0 415.330971 -1.904064
sounding_119_104       60.3057   16.5521   -1.0 415.310885 -0.727575
sounding_119_105       60.3155   17.0001   -1.0 415.273528 -0.163823
sounding_119_106       60.3239   17.4482   -1.0 415.229904  0.939431
sounding_119_107       60.3310   17.8966   -1.0 415.146268  0.474473
sounding_119_108       60.3367   18.3451   -1.0 415.033465  0.494408
sounding_120_100       60.4745   14.7310   -1.0 415.347769  0.045833
sounding_120_101       60.4898   15.1805   -1.0 415.342085  0.380988
sounding_120_102       60.5037   15.6303   -1.0 415.334724 -1.677190
sounding_120_103       60.5163   16.0804   -1.0 415.315649 -1.565673
sounding_120_104       60.5275   16.5309   -1.0 415.284540  0.946162
sounding_120_105       60.5373   16.9815   -1.0 415.251867  0.066955
sounding_120_106       60.5458   17.4325   -1.0 415.205809  0.945078
sounding_121_101       60.7112   15.1506   -1.0 415.346590 -1.785920
sounding_121_102       60.7252   15.6032   -1.0 415.328126 -1.235714
sounding_121_103       60.7378   16.0561   -1.0 415.292529  1.072653
sounding_121_104       60.7491   16.5093   -1.0 415.257386 -0.273368
sounding_121_105       60.7590   16.9628   -1.0 415.227316  1.088692
sounding_122_101       60.9324   15.1204   -1.0 415.352942 -1.516728
sounding_122_102       60.9465   15.5758   -1.0 415.322398 -1.026709
sounding_122_104       60.9705   16.4875   -1.0 415.230011 -1.366793
sounding_122_105       60.9805   16.9438   -1.0 415.177910 -0.386976
sounding_123_102       61.1676   15.5480   -1.0 415.309845  0.316669
sounding_123_104       61.1918   16.4655   -1.0 415.212581 -0.702359
sounding_123_105       61.2018   16.9246   -1.0 415.130580  1.173520
sounding_124_102       61.3886   15.5199   -1.0 415.291328  0.442431
sounding_124_104       61.4129   16.4431   -1.0 415.214019 -0.906091
sounding_124_105       61.4230   16.9051   -1.0 415.110324 -1.386300
sounding_125_102       61.6094   15.4914   -1.0 415.269726 -0.090595
sounding_125_104       61.6339   16.4205   -1.0 415.226399  0.225544
sounding_125_105       61.6440   16.8855   -1.0 415.109627  1.665589
sounding_126_103       61.8430   15.9299   -1.0 415.256402 -1.685153
sounding_126_104       61.8546   16.3975   -1.0 415.215885  0.834733
sounding_126_105       61.8648   16.8655   -1.0 415.105954  0.411315
sounding_127_103       62.0636   15.9037   -1.0 415.245598 -0.635974
sounding_127_104       62.0752   16.3743   -1.0 415.177032 -2.282385
sounding_127_105       62.0855   16.8453   -1.0 415.087402 -1.070060
sounding_127_106       62.0943   17.3165   -1.0 415.046905 -0.095907
sounding_128_103       62.2839   15.8771   -1.0 415.229245  0.821873
sounding_128_105       62.3059   16.8248   -1.0 415.055400 -1.633270
sounding_128_106       62.3148   17.2991   -1.0 415.047839 -0.384403
sounding_129_105       62.5262   16.8041   -1.0 415.035090  1.587726
sounding_129_106       62.5351   17.2815   -1.0 415.033552 -0.561044
sounding_129_107       62.5426   17.7591   -1.0 415.095587 -0.730087
sounding_130_104       62.7359   16.3028   -1.0 415.103529 -0.386093
sounding_130_105       62.7463   16.7831   -1.0 415.036602  1.081743
sounding_130_106       62.7552   17.2636   -1.0 415.024241 -0.257329
sounding_130_107       62.7627   17.7443   -1.0 415.069097 -0.956414
sounding_131_105       62.9661   16.7618   -1.0 415.048235 -0.748540
sounding_131_106       62.9752   17.2455   -1.0 415.020014  0.975283
sounding_131_107       62.9827   17.7294   -1.0 415.046378 -2.057381
sounding_131_108       62.9888   18.2135   -1.0 415.107277  1.636151
sounding_132_105       63.1858   16.7402   -1.0 415.065164 -0.840060
sounding_132_106       63.1949   17.2271   -1.0 415.021008  1.132626
sounding_132_107       63.2025   17.7143   -1.0 415.025097 -0.064215
sounding_132_108       63.2086   18.2016   -1.0 415.070195  0.625067
sounding_133_105       63.4053   16.7184   -1.0 415.093560 -0.513232
sounding_133_106       63.4144   17.2085   -1.0 415.020921  1.413932
sounding_133_107       63.4221   17.6989   -1.0 415.012406  0.097745
sounding_133_108       63.4282   18.1895   -1.0 415.046340 -0.243079
sounding_133_109       63.4329   18.6803   -1.0 415.100984 -0.651288
sounding_133_110       63.4362   19.1712   -1.0 415.159930 -0.925121
sounding_134_106       63.6337   17.1896   -1.0 415.019193 -0.607975
sounding_134_107       63.6414   17.6834   -1.0 415.001394 -1.424202
sounding_134_108       63.6476   18.1773   -1.0 415.041111 -1.191249
sounding_134_109       63.6524   18.6714   -1.0 415.082304  0.487785
sounding_134_110       63.6556   19.1656   -1.0 415.117729  1.953611
sounding_134_111       63.6574   19.6599   -1.0 415.174147 -1.178569
sounding_135_106       63.8528   17.1705   -1.0 415.004473  0.581112
sounding_135_107       63.8606   17.6676   -1.0 414.981730 -0.802701
sounding_135_108       63.8668   18.1649   -1.0 415.042529  0.884217
sounding_135_109       63.8716   18.6623   -1.0 415.089595 -0.751386
sounding_135_110       63.8748   19.1599   -1.0 415.110790 -0.965441
sounding_135_111       63.8766   19.6576   -1.0 415.148698  1.272792
sounding_135_112       63.8769   20.1553   -1.0 415.221293 -1.549137
sounding_135_113       63.8757   20.6530   -1.0 415.318233 -0.034685
sounding_136_107       64.0795   17.6516   -1.0 414.969349 -1.707117
sounding_136_108       64.0858   18.1523   -1.0 415.029405  0.914650
sounding_136_109       64.0906   18.6532   -1.0 415.097492 -0.288347
sounding_136_110       64.0939   19.1542   -1.0 415.128557 -1.206877
sounding_136_111       64.0956   19.6552   -1.0 415.146714 -2.050208
sounding_136_112       64.0959   20.1563   -1.0 415.196556 -0.471263
sounding_136_113       64.0947   20.6574   -1.0 415.275331 -0.111020
sounding_137_107       64.2982   17.6354   -1.0 414.991820 -1.705309
sounding_137_108       64.3045   18.1396   -1.0 415.003899 -0.316635
sounding_137_109       64.3093   18.6439   -1.0 415.070977 -0.743230
sounding_137_110       64.3126   19.1484   -1.0 415.122740  0.118373
sounding_137_111       64.3144   19.6529   -1.0 415.144923 -0.090757
sounding_137_112       64.3147   20.1574   -1.0 415.175970  0.513905
sounding_137_113       64.3135   20.6620   -1.0 415.226196 -1.148683
sounding_137_114       64.3108   21.1664   -1.0 415.306741  0.061243
sounding_138_109       64.5279   18.6345   -1.0 415.052545  1.389007
sounding_138_110       64.5312   19.1424   -1.0 415.100516 -0.306545
sounding_138_111       64.5330   19.6504   -1.0 415.128530 -0.392384
sounding_138_112       64.5333   20.1585   -1.0 415.152313 -0.243484
sounding_138_113       64.5321   20.6666   -1.0 415.191049 -0.857904
sounding_138_114       64.5293   21.1746   -1.0 415.262995  1.294159
sounding_139_109       64.7462   18.6249   -1.0 415.076394  0.064657
sounding_139_110       64.7495   19.1364   -1.0 415.084521 -0.169585
sounding_139_111       64.7514   19.6480   -1.0 415.110217 -2.514475
sounding_139_112       64.7516   20.1596   -1.0 415.135909  0.329515
sounding_139_113       64.7504   20.6712   -1.0 415.178818  1.975697
sounding_140_110       64.9676   19.1303   -1.0 415.113934 -1.222548
sounding_140_111       64.9695   19.6455   -1.0 415.122321 -1.031094
sounding_140_112       64.9698   20.1608   -1.0 415.145378 -0.453212
sounding_140_113       64.9685   20.6760   -1.0 415.172595 -0.701688
sounding_140_114       64.9657   21.1911   -1.0 415.226858 -0.310290
sounding_141_110       65.1855   19.1242   -1.0 415.184714 -3.547246
sounding_141_111       65.1873   19.6430   -1.0 415.187816  0.011928
sounding_141_112       65.1876   20.1619   -1.0 415.173190 -1.257896
sounding_141_113       65.1864   20.6808   -1.0 415.170513  0.612794
sounding_141_114       65.1836   21.1995   -1.0 415.204605  0.502275
sounding_142_109       65.3997   18.5954   -1.0 415.236273 -1.831217
sounding_142_110       65.4031   19.1179   -1.0 415.269072  1.093356
sounding_142_111       65.4050   19.6405   -1.0 415.281735 -0.270208
sounding_142_112       65.4052   20.1631   -1.0 415.243427 -1.247375
sounding_142_114       65.4012   21.2081   -1.0 415.173556  2.674046
sounding_143_110       65.6205   19.1115   -1.0 415.341761 -0.495423
sounding_143_111       65.6223   19.6379   -1.0 415.377192  0.536422
sounding_143_112       65.6226   20.1642   -1.0 415.346796  0.998040
sounding_143_114       65.6185   21.2168   -1.0 415.158531 -0.682869
sounding_143_115       65.6141   21.7430   -1.0 415.138275  1.757589
sounding_144_111       65.8395   19.6352   -1.0 415.432120 -0.931414
sounding_144_112       65.8397   20.1654   -1.0 415.428584  0.487884
sounding_144_114       65.8356   21.2257   -1.0 415.181312 -0.007856
sounding_144_115       65.8312   21.7556   -1.0 415.090856 -1.808715
sounding_144_116       65.8252   22.2854   -1.0 415.055627  1.896036
sounding_144_117       65.8176   22.8149   -1.0 415.051489 -1.447370
sounding_144_120       65.7855   24.4015   -1.0 415.086677 -0.349124
sounding_145_112       66.0566   20.1666   -1.0 415.438345  0.806288
sounding_145_114       66.0525   21.2346   -1.0 415.237987 -1.313285
sounding_145_115       66.0480   21.7684   -1.0 415.102509 -0.662849
sounding_145_116       66.0420   22.3021   -1.0 415.014485 -0.013838
sounding_145_117       66.0344   22.8355   -1.0 414.984703 -1.061124
sounding_145_118       66.0252   23.3685   -1.0 414.996600  0.091362
sounding_145_119       66.0144   23.9013   -1.0 415.012769 -0.833913
sounding_145_120       66.0020   24.4336   -1.0 415.025067 -0.573091
sounding_146_112       66.2732   20.1679   -1.0 415.407026 -0.173921
sounding_146_115       66.2646   21.7814   -1.0 415.168263  1.103701
sounding_146_116       66.2585   22.3190   -1.0 415.043664  1.895107
sounding_146_117       66.2508   22.8563   -1.0 414.980342 -0.554449
sounding_146_118       66.2416   23.3933   -1.0 414.955086  1.064965
sounding_146_119       66.2307   23.9299   -1.0 414.960254 -0.510762
sounding_146_120       66.2183   24.4661   -1.0 414.986630  0.202963
sounding_147_112       66.4895   20.1691   -1.0 415.373752 -0.176042
sounding_147_113       66.4882   20.7111   -1.0 415.381600 -1.468905
sounding_147_115       66.4808   21.7947   -1.0 415.228269  2.107393
sounding_147_116       66.4747   22.3362   -1.0 415.095683  0.832669
sounding_147_117       66.4670   22.8774   -1.0 414.998584  1.690765
sounding_147_118       66.4577   23.4184   -1.0 414.951023  0.687677
sounding_147_119       66.4468   23.9590   -1.0 414.941447 -0.758815
sounding_147_120       66.4343   24.4992   -1.0 414.969674 -0.582377
sounding_147_121       66.4202   25.0388   -1.0 415.024960  0.670999
sounding_148_111       66.7053   19.6244   -1.0 415.284278  0.025341
sounding_148_112       66.7056   20.1703   -1.0 415.335704  0.062228
sounding_148_113       66.7043   20.7164   -1.0 415.338463  0.239436
sounding_148_116       66.6907   22.3536   -1.0 415.121556  0.812132
sounding_148_117       66.6830   22.8989   -1.0 415.019218  1.600167
sounding_148_118       66.6736   23.4439   -1.0 414.968636  0.197651
sounding_148_119       66.6626   23.9885   -1.0 414.950164  0.162654
sounding_148_120       66.6500   24.5327   -1.0 414.979209  0.578846
sounding_148_121       66.6359   25.0763   -1.0 415.037864  0.111528
sounding_149_111       66.9211   19.6215   -1.0 415.228120  1.444954
sounding_149_116       66.9064   22.3713   -1.0 415.116627 -0.470209
sounding_149_117       66.8986   22.9207   -1.0 415.042988  0.010891
sounding_149_118       66.8892   23.4698   -1.0 415.007442 -1.550484
sounding_149_119       66.8781   24.0185   -1.0 414.984881 -1.077110
sounding_149_120       66.8655   24.5667   -1.0 415.003333  0.005710
sounding_149_121       66.8512   25.1144   -1.0 415.054537 -0.504859
sounding_149_122       66.8353   25.6615   -1.0 415.122889 -1.417028
sounding_150_117       67.1140   22.9428   -1.0 415.073690 -1.717236
sounding_150_118       67.1045   23.4960   -1.0 415.061118 -1.005415
sounding_150_119       67.0934   24.0489   -1.0 415.045821 -0.845458
sounding_150_120       67.0806   24.6012   -1.0 415.049531  0.577560
sounding_150_121       67.0663   25.1531   -1.0 415.070028 -0.499302
sounding_150_122       67.0503   25.7043   -1.0 415.121878  0.110325
sounding_151_117       67.3290   22.9653   -1.0 415.112468  0.459114
sounding_151_118       67.3195   23.5227   -1.0 415.117317  1.699775
sounding_151_119       67.3083   24.0797   -1.0 415.115042  0.288311
sounding_151_120       67.2955   24.6363   -1.0 415.105140  0.411960
sounding_151_121       67.2810   25.1923   -1.0 415.095294 -0.302247
sounding_151_122       67.2649   25.7477   -1.0 415.117145 -0.216984
sounding_152_117       67.5438   22.9881   -1.0 415.131169  1.848883
sounding_152_118       67.5342   23.5498   -1.0 415.154664  0.234274
sounding_152_119       67.5229   24.1111   -1.0 415.167810  0.900640
sounding_152_120       67.5101   24.6719   -1.0 415.161804 -1.460340
sounding_152_121       67.4955   25.2321   -1.0 415.133823 -0.748265
sounding_152_122       67.4793   25.7918   -1.0 415.123016  0.164232
sounding_152_123       67.4615   26.3507   -1.0 415.149888 -2.074959
sounding_153_117       67.7583   23.0112   -1.0 415.117878  0.221208
sounding_153_118       67.7486   23.5773   -1.0 415.156858  1.015352
sounding_153_119       67.7373   24.1429   -1.0 415.192951 -3.512677
sounding_153_120       67.7243   24.7080   -1.0 415.198243  1.551585
sounding_153_121       67.7097   25.2725   -1.0 415.168278  0.522093
sounding_153_122       67.6934   25.8365   -1.0 415.137430 -0.314382
sounding_153_123       67.6754   26.3997   -1.0 415.137429  0.540981
sounding_154_117       67.9724   23.0348   -1.0 415.072818  0.088980
sounding_154_118       67.9627   23.6052   -1.0 415.125837 -0.427011
sounding_154_119       67.9513   24.1752   -1.0 415.183825 -0.968322
sounding_154_120       67.9383   24.7447   -1.0 415.212011 -3.087247
sounding_154_121       67.9235   25.3137   -1.0 415.192250  0.102479
sounding_154_122       67.9072   25.8819   -1.0 415.148521 -0.203811
sounding_154_123       67.8891   26.4495   -1.0 415.134328 -0.114745
sounding_154_124       67.8694   27.0163   -1.0 415.159546 -0.476399
sounding_155_117       68.1863   23.0587   -1.0 415.013262  1.788924
sounding_155_118       68.1765   23.6336   -1.0 415.078631  0.871297
sounding_155_119       68.1651   24.2080   -1.0 415.150632 -0.485478
sounding_155_120       68.1519   24.7820   -1.0 415.199261 -1.102859
sounding_155_121       68.1371   25.3554   -1.0 415.196405  1.716840
sounding_155_122       68.1206   25.9281   -1.0 415.161386  0.418151
sounding_155_124       68.0826   27.0712   -1.0 415.136699  0.087367
sounding_156_118       68.3900   23.6624   -1.0 415.020220 -0.009300
sounding_156_119       68.3785   24.2414   -1.0 415.103071 -0.312082
sounding_156_120       68.3653   24.8199   -1.0 415.168844 -0.566023
sounding_156_121       68.3503   25.3978   -1.0 415.189463 -0.371801
sounding_156_122       68.3337   25.9749   -1.0 415.169953 -0.640009
sounding_157_118       68.6032   23.6916   -1.0 414.962178 -0.059236
sounding_157_119       68.5916   24.2753   -1.0 415.046173 -1.338928
sounding_157_120       68.5783   24.8584   -1.0 415.126670 -1.205572
sounding_157_121       68.5632   25.4408   -1.0 415.171410  0.624192
sounding_158_118       68.8160   23.7214   -1.0 414.907244 -1.853307
sounding_158_119       68.8043   24.3097   -1.0 414.986494  0.854994
sounding_158_120       68.7909   24.8975   -1.0 415.071845 -2.423547
sounding_158_121       68.7758   25.4846   -1.0 415.133593 -0.082179
sounding_159_118       69.0286   23.7516   -1.0 414.861872  0.589834
sounding_159_119       69.0168   24.3447   -1.0 414.935861 -0.571523
sounding_159_120       69.0033   24.9372   -1.0 415.017863  0.838151
sounding_159_121       68.9881   25.5290   -1.0 415.087277 -0.001267
sounding_160_118       69.2407   23.7824   -1.0 414.825380 -0.039860
sounding_160_119       69.2289   24.3803   -1.0 414.892496  0.246966
sounding_160_120       69.2153   24.9776   -1.0 414.974454 -1.202194
sounding_160_121       69.2000   25.5742   -1.0 415.048428 -1.492146
sounding_161_117       69.4628   23.2103   -1.0 414.780444 -0.670448
sounding_161_118       69.4526   23.8136   -1.0 414.793719 -0.733913
sounding_161_119       69.4407   24.4164   -1.0 414.851053  0.271637
sounding_161_120       69.4270   25.0186   -1.0 414.935254  0.089121
sounding_162_116       69.6828   22.6282   -1.0 414.828499 -1.023600
sounding_162_117       69.6743   23.2370   -1.0 414.779184 -1.054499
sounding_162_118       69.6641   23.8453   -1.0 414.770106 -0.706703
sounding_162_119       69.6521   24.4531   -1.0 414.815506  0.145063
sounding_162_120       69.6383   25.0603   -1.0 414.896991 -1.448425
sounding_163_117       69.8855   23.2642   -1.0 414.785969 -0.210471
sounding_163_118       69.8752   23.8776   -1.0 414.767924 -0.328316
sounding_163_119       69.8631   24.4905   -1.0 414.805481 -0.645287
sounding_164_118       70.0860   23.9104   -1.0 414.795132 -1.058087
sounding_165_117       70.3069   23.3199   -1.0 414.858046 -1.365024
sounding_165_118       70.2965   23.9438   -1.0 414.836528  0.053195
