sounding_005_013       31.3082   -5.0307   -1.0 415.866327  0.143205
sounding_005_014       31.3792   -4.7961   -1.0 415.858062  1.644105
sounding_005_015       31.4496   -4.5611   -1.0 415.854280  1.805394
sounding_005_016       31.5194   -4.3255   -1.0 415.854308 -0.515055
sounding_005_017       31.5886   -4.0894   -1.0 415.846932  0.657058
sounding_005_018       31.6572   -3.8527   -1.0 415.812759 -0.131394
sounding_005_019       31.7251   -3.6155   -1.0 415.751010 -0.762420
sounding_005_020       31.7924   -3.3778   -1.0 415.675489 -0.952589
sounding_005_021       31.8590   -3.1397   -1.0 415.600884  0.735347
sounding_005_022       31.9250   -2.9009   -1.0 415.533998  0.481424
sounding_005_023       31.9904   -2.6617   -1.0 415.480437 -0.702726
sounding_005_024       32.0551   -2.4220   -1.0 415.448959  0.951224
sounding_006_013       31.5084   -5.1144   -1.0 415.862759  0.050764
sounding_006_014       31.5798   -4.8792   -1.0 415.874067 -0.073363
sounding_006_015       31.6505   -4.6435   -1.0 415.867914 -1.237007
sounding_006_016       31.7206   -4.4073   -1.0 415.856695  0.719408
sounding_006_017       31.7900   -4.1704   -1.0 415.839368  1.344664
sounding_006_018       31.8589   -3.9331   -1.0 415.801431 -0.977384
sounding_006_019       31.9271   -3.6953   -1.0 415.733028  0.192351
sounding_006_020       31.9947   -3.4569   -1.0 415.648686 -0.155818
sounding_006_021       32.0616   -3.2180   -1.0 415.553355 -0.700918
sounding_006_022       32.1279   -2.9786   -1.0 415.466705  0.314992
sounding_006_023       32.1936   -2.7387   -1.0 415.403138 -0.048859
sounding_006_024       32.2586   -2.4982   -1.0 415.359402  0.902499
sounding_007_014       31.7804   -4.9629   -1.0 415.812419 -0.645655
sounding_007_015       31.8515   -4.7265   -1.0 415.813168  1.065472
sounding_007_016       31.9218   -4.4896   -1.0 415.799586 -0.749670
sounding_007_017       31.9916   -4.2521   -1.0 415.772392 -0.047661
sounding_007_018       32.0608   -4.0141   -1.0 415.719387  0.069903
sounding_007_019       32.1293   -3.7755   -1.0 415.658990 -0.834099
sounding_007_020       32.1971   -3.5364   -1.0 415.601260  0.164309
sounding_007_021       32.2644   -3.2969   -1.0 415.504636  1.688926
sounding_007_022       32.3310   -3.0568   -1.0 415.387462  1.580736
sounding_007_023       32.3969   -2.8161   -1.0 415.303029  1.962894
sounding_007_024       32.4622   -2.5750   -1.0 415.269660 -0.144283
sounding_007_025       32.5268   -2.3333   -1.0 415.257216 -2.177145
sounding_008_014       31.9812   -5.0471   -1.0 415.655652 -2.206582
sounding_008_015       32.0526   -4.8100   -1.0 415.672233  1.431859
sounding_008_016       32.1232   -4.5724   -1.0 415.671521  0.132057
sounding_008_017       32.1933   -4.3342   -1.0 415.642385  0.801071
sounding_008_018       32.2628   -4.0955   -1.0 415.581418  0.195863
sounding_008_019       32.3316   -3.8563   -1.0 415.539477 -0.315342
sounding_008_020       32.3997   -3.6166   -1.0 415.524152  0.717795
sounding_008_021       32.4672   -3.3763   -1.0 415.460935  1.081992
sounding_008_022       32.5341   -3.1354   -1.0 415.322877 -0.966801
sounding_008_023       32.6003   -2.8941   -1.0 415.205284  3.793593
sounding_008_024       32.6659   -2.6522   -1.0 415.175420  0.942020
sounding_008_025       32.7308   -2.4099   -1.0 415.193109  0.491584
sounding_008_026       32.7951   -2.1670   -1.0 415.186212  0.140853
sounding_009_015       32.2538   -4.8941   -1.0 415.497284 -0.460439
sounding_009_016       32.3248   -4.6558   -1.0 415.515613 -2.162579
sounding_009_017       32.3952   -4.4169   -1.0 415.500319 -1.164618
sounding_009_018       32.4649   -4.1776   -1.0 415.443680 -0.166659
sounding_009_019       32.5340   -3.9376   -1.0 415.406657  1.519456
sounding_009_020       32.6025   -3.6971   -1.0 415.399480 -0.236072
sounding_009_021       32.6703   -3.4562   -1.0 415.359066  0.093980
sounding_009_022       32.7374   -3.2146   -1.0 415.249711 -0.325348
sounding_009_023       32.8040   -2.9726   -1.0 415.124799 -0.469453
sounding_009_024       32.8698   -2.7300   -1.0 415.065427  0.311104
sounding_009_025       32.9350   -2.4869   -1.0 415.060529 -0.656348
sounding_009_026       32.9996   -2.2433   -1.0 415.058352  1.438211
sounding_010_016       32.5264   -4.7397   -1.0 415.349755  2.568304
sounding_010_017       32.5971   -4.5001   -1.0 415.353450  0.205686
sounding_010_018       32.6672   -4.2601   -1.0 415.286852 -1.601995
sounding_010_019       32.7366   -4.0195   -1.0 415.213473  1.829489
sounding_010_020       32.8053   -3.7783   -1.0 415.171299  0.479341
sounding_010_021       32.8734   -3.5366   -1.0 415.138112 -1.055356
sounding_010_022       32.9409   -3.2944   -1.0 415.093574  1.131787
sounding_010_023       33.0077   -3.0516   -1.0 415.015685  0.655134
sounding_010_024       33.0738   -2.8083   -1.0 414.923850 -0.380378
sounding_010_025       33.1393   -2.5645   -1.0 414.858479  0.062236
sounding_010_026       33.2041   -2.3202   -1.0 414.836730 -1.175814
sounding_010_027       33.2683   -2.0753   -1.0 414.829921 -0.730030
sounding_011_016       32.7282   -4.8242   -1.0 415.168671 -0.404693
sounding_011_017       32.7992   -4.5839   -1.0 415.160289 -0.427621
sounding_011_018       32.8696   -4.3432   -1.0 415.078981 -1.144166
sounding_011_019       32.9393   -4.1019   -1.0 414.969873 -1.431627
sounding_011_020       33.0083   -3.8600   -1.0 414.892430 -2.010480
sounding_011_021       33.0767   -3.6176   -1.0 414.858386  1.207548
sounding_011_022       33.1445   -3.3746   -1.0 414.850006 -1.518249
sounding_011_023       33.2116   -3.1311   -1.0 414.816996 -0.520973
sounding_011_024       33.2780   -2.8871   -1.0 414.719789  0.491428
sounding_011_025       33.3438   -2.6426   -1.0 414.617486  1.488159
sounding_011_026       33.4089   -2.3975   -1.0 414.575240 -0.073055
sounding_011_027       33.4733   -2.1519   -1.0 414.583881  0.989824
sounding_012_017       33.0014   -4.6683   -1.0 414.946801 -1.142328
sounding_012_018       33.0721   -4.4268   -1.0 414.868124  0.501501
sounding_012_019       33.1421   -4.1848   -1.0 414.763534  0.461663
sounding_012_020       33.2114   -3.9422   -1.0 414.666565 -0.246965
sounding_012_021       33.2801   -3.6991   -1.0 414.602268 -0.388137
sounding_012_022       33.3482   -3.4554   -1.0 414.576057  0.511356
sounding_012_023       33.4156   -3.2112   -1.0 414.553163 -1.288301
sounding_012_024       33.4823   -2.9665   -1.0 414.485701  0.239538
sounding_012_025       33.5483   -2.7212   -1.0 414.386958 -0.666192
sounding_012_026       33.6138   -2.4753   -1.0 414.329857  1.189530
sounding_012_027       33.6785   -2.2290   -1.0 414.333989 -2.656790
sounding_012_028       33.7425   -1.9822   -1.0 414.361253  0.656211
sounding_013_018       33.2747   -4.5110   -1.0 414.654166  0.869309
sounding_013_019       33.3450   -4.2683   -1.0 414.575636  2.366748
sounding_013_020       33.4147   -4.0250   -1.0 414.500359 -0.539299
sounding_013_021       33.4837   -3.7811   -1.0 414.397772  1.329503
sounding_013_022       33.5520   -3.5367   -1.0 414.301107  0.583834
sounding_013_023       33.6197   -3.2918   -1.0 414.255229 -1.961290
sounding_013_024       33.6867   -3.0463   -1.0 414.243107 -0.116686
sounding_013_025       33.7531   -2.8003   -1.0 414.197662 -0.264301
sounding_013_026       33.8187   -2.5537   -1.0 414.141305  0.739893
sounding_013_027       33.8838   -2.3066   -1.0 414.111901  0.338934
sounding_013_028       33.9481   -2.0591   -1.0 414.124481  1.099033
sounding_013_029       34.0117   -1.8109   -1.0 414.178901  0.852846
sounding_014_018       33.4775   -4.5958   -1.0 414.383573  0.820247
sounding_014_019       33.5481   -4.3523   -1.0 414.300475 -1.218120
sounding_014_020       33.6180   -4.1083   -1.0 414.270287 -0.899943
sounding_014_021       33.6873   -3.8637   -1.0 414.169181  0.726978
sounding_014_022       33.7560   -3.6186   -1.0 414.029315 -0.734382
sounding_014_023       33.8240   -3.3730   -1.0 413.948265 -0.337438
sounding_014_024       33.8913   -3.1267   -1.0 413.949601  1.195555
sounding_014_025       33.9579   -2.8800   -1.0 413.963957  1.549535
sounding_014_026       34.0239   -2.6327   -1.0 413.957561  0.712363
sounding_014_027       34.0892   -2.3848   -1.0 413.943245  0.223665
sounding_014_028       34.1538   -2.1364   -1.0 413.951470  0.714354
sounding_014_029       34.2177   -1.8875   -1.0 413.997552 -0.022709
sounding_015_019       33.7513   -4.4369   -1.0 413.957667  0.358900
sounding_015_020       33.8215   -4.1922   -1.0 413.936993 -0.187891
sounding_015_021       33.8911   -3.9469   -1.0 413.873375  1.512055
sounding_015_022       33.9601   -3.7010   -1.0 413.758684 -0.925314
sounding_015_023       34.0283   -3.4546   -1.0 413.692335 -0.588179
sounding_015_024       34.0960   -3.2077   -1.0 413.693105 -1.314154
sounding_015_025       34.1629   -2.9602   -1.0 413.724258  0.112072
sounding_015_026       34.2291   -2.7121   -1.0 413.762196 -0.527571
sounding_015_027       34.2947   -2.4635   -1.0 413.798267  0.021795
sounding_015_028       34.3596   -2.2144   -1.0 413.820576 -0.728141
sounding_015_029       34.4238   -1.9647   -1.0 413.841380 -0.219435
sounding_015_030       34.4873   -1.7145   -1.0 413.866845 -0.653931
sounding_016_019       33.9546   -4.5221   -1.0 413.661677  0.372756
sounding_016_020       34.0251   -4.2767   -1.0 413.647936  0.924507
sounding_016_021       34.0950   -4.0306   -1.0 413.632629 -2.358662
sounding_016_022       34.1643   -3.7841   -1.0 413.597086 -0.119277
sounding_016_023       34.2328   -3.5369   -1.0 413.591055  1.481755
sounding_016_024       34.3008   -3.2892   -1.0 413.593604  1.242926
sounding_016_025       34.3680   -3.0409   -1.0 413.585468 -1.426542
sounding_016_026       34.4345   -2.7921   -1.0 413.615280  0.235161
sounding_016_027       34.5004   -2.5428   -1.0 413.677737  0.877514
sounding_016_028       34.5656   -2.2929   -1.0 413.714403  1.077966
sounding_016_029       34.6300   -2.0424   -1.0 413.699925 -2.212065
sounding_016_030       34.6938   -1.7914   -1.0 413.682593  0.846812
sounding_016_031       34.7570   -1.5399   -1.0 413.703935  0.266980
sounding_017_020       34.2289   -4.3617   -1.0 413.520264  0.378117
sounding_017_021       34.2991   -4.1149   -1.0 413.570700 -0.615832
sounding_017_022       34.3686   -3.8676   -1.0 413.608519 -0.537116
sounding_017_023       34.4375   -3.6197   -1.0 413.630762  1.260086
sounding_017_024       34.5057   -3.3712   -1.0 413.610624  0.647625
sounding_017_025       34.5732   -3.1222   -1.0 413.565132  0.023061
sounding_017_026       34.6400   -2.8727   -1.0 413.558147 -0.077939
sounding_017_027       34.7062   -2.6225   -1.0 413.591393 -1.855093
sounding_017_028       34.7716   -2.3719   -1.0 413.598149 -0.613149
sounding_017_029       34.8364   -2.1206   -1.0 413.560396  2.089315
sounding_017_030       34.9005   -1.8689   -1.0 413.531876 -0.270981
sounding_017_031       34.9639   -1.6166   -1.0 413.546353 -1.402258
sounding_018_021       34.5032   -4.1998   -1.0 413.672455  0.689966
sounding_018_022       34.5730   -3.9517   -1.0 413.707878  2.051892
sounding_018_023       34.6422   -3.7031   -1.0 413.675296 -1.988146
sounding_018_024       34.7107   -3.4539   -1.0 413.605435  1.612390
sounding_018_025       34.7785   -3.2041   -1.0 413.554084  1.067702
sounding_018_026       34.8456   -2.9538   -1.0 413.521729 -0.288456
sounding_018_027       34.9121   -2.7029   -1.0 413.477656 -0.990379
sounding_018_028       34.9778   -2.4514   -1.0 413.421848 -0.185972
sounding_018_029       35.0429   -2.1994   -1.0 413.400548  1.650413
sounding_018_031       35.1709   -1.6938   -1.0 413.451534 -0.631015
sounding_018_032       35.2339   -1.4402   -1.0 413.487734 -0.472251
sounding_019_021       34.7075   -4.2852   -1.0 413.772601  1.067053
sounding_019_022       34.7776   -4.0364   -1.0 413.725051  1.111997
sounding_019_023       34.8471   -3.7870   -1.0 413.620379  0.131363
sounding_019_024       34.9158   -3.5370   -1.0 413.523672 -0.110047
sounding_019_025       34.9840   -3.2865   -1.0 413.473316 -0.697147
sounding_019_026       35.0514   -3.0354   -1.0 413.417220 -0.652016
sounding_019_027       35.1181   -2.7837   -1.0 413.312769  0.766860
sounding_020_022       34.9823   -4.1217   -1.0 413.573528 -0.108823
sounding_020_023       35.0520   -3.8716   -1.0 413.460724 -1.441648
sounding_020_024       35.1211   -3.6208   -1.0 413.395847 -0.560927
sounding_020_025       35.1895   -3.3695   -1.0 413.337635  0.847607
sounding_020_026       35.2572   -3.1176   -1.0 413.246261  0.381622
sounding_021_022       35.1870   -4.2076   -1.0 413.333978  0.034777
sounding_026_031       36.8314   -2.3312   -1.0 413.476125  0.469727
sounding_026_032       36.8967   -2.0710   -1.0 413.458163 -1.067112
sounding_027_027       36.7702   -3.4514   -1.0 413.491825  0.394560
sounding_027_028       36.8386   -3.1928   -1.0 413.557666  0.069657
sounding_027_029       36.9063   -2.9336   -1.0 413.579709  1.342073
sounding_027_030       36.9732   -2.6738   -1.0 413.597744  0.025987
sounding_027_031       37.0395   -2.4134   -1.0 413.600318 -0.188634
sounding_027_032       37.1050   -2.1524   -1.0 413.548250 -0.084076
sounding_027_033       37.1698   -1.8908   -1.0 413.457310 -1.987255
sounding_028_027       36.9772   -3.5375   -1.0 413.624553 -1.402749
sounding_028_028       37.0459   -3.2781   -1.0 413.691646 -0.734638
sounding_028_029       37.1138   -3.0181   -1.0 413.669268 -0.503496
sounding_028_030       37.1811   -2.7574   -1.0 413.626278 -1.109128
sounding_028_031       37.2476   -2.4962   -1.0 413.611424  0.333582
sounding_028_032       37.3134   -2.2344   -1.0 413.577044 -1.693185
sounding_028_033       37.3785   -1.9720   -1.0 413.506559 -0.284734
sounding_028_034       37.4428   -1.7089   -1.0 413.433528  0.774939
sounding_028_035       37.5064   -1.4453   -1.0 413.388624 -0.391375
sounding_028_036       37.5693   -1.1812   -1.0 413.352568 -1.446224
sounding_028_037       37.6314   -0.9165   -1.0 413.311639  1.400723
sounding_029_027       37.1842   -3.6243   -1.0 413.545296  1.016162
sounding_029_028       37.2532   -3.3640   -1.0 413.573768  0.822557
sounding_029_029       37.3215   -3.1032   -1.0 413.526630 -0.058197
sounding_029_030       37.3890   -2.8417   -1.0 413.467961 -0.289353
sounding_029_031       37.4559   -2.5796   -1.0 413.444250  1.181772
sounding_029_032       37.5219   -2.3170   -1.0 413.449138 -0.174115
sounding_029_033       37.5873   -2.0537   -1.0 413.452917  0.480257
sounding_029_034       37.6519   -1.7898   -1.0 413.413114 -1.230805
sounding_029_035       37.7158   -1.5254   -1.0 413.341469  1.202699
sounding_029_036       37.7789   -1.2603   -1.0 413.271272  0.398545
sounding_029_037       37.8413   -0.9947   -1.0 413.235082 -0.209715
sounding_030_028       37.4607   -3.4506   -1.0 413.396417  0.447728
sounding_030_029       37.5292   -3.1889   -1.0 413.354363 -0.163499
sounding_030_030       37.5971   -2.9266   -1.0 413.334088 -0.176406
sounding_030_031       37.6642   -2.6636   -1.0 413.337065  0.338341
sounding_030_032       37.7306   -2.4001   -1.0 413.359588  0.419250
sounding_030_033       37.7962   -2.1360   -1.0 413.374421  0.847225
sounding_030_034       37.8611   -1.8713   -1.0 413.358028 -1.093431
sounding_030_035       37.9253   -1.6059   -1.0 413.295362 -0.112542
sounding_030_036       37.9887   -1.3400   -1.0 413.228400 -0.700742
sounding_030_037       38.0513   -1.0735   -1.0 413.209324  0.530973
sounding_030_038       38.1133   -0.8065   -1.0 413.237247 -0.141409
sounding_031_029       37.7371   -3.2752   -1.0 413.302734  1.432207
sounding_031_030       37.8052   -3.0120   -1.0 413.330815 -2.000872
sounding_031_031       37.8726   -2.7483   -1.0 413.385140  0.654308
sounding_031_032       37.9393   -2.4839   -1.0 413.407584 -0.562653
sounding_031_033       38.0052   -2.2189   -1.0 413.400754 -0.250731
sounding_031_034       38.0704   -1.9533   -1.0 413.365595 -0.480614
sounding_031_035       38.1348   -1.6871   -1.0 413.305304  0.680751
sounding_031_036       38.1985   -1.4203   -1.0 413.272414 -0.518838
sounding_031_037       38.2615   -1.1529   -1.0 413.274689 -2.025305
sounding_031_038       38.3237   -0.8850   -1.0 413.275721 -1.013683
sounding_031_039       38.3851   -0.6164   -1.0 413.262165 -1.842894
sounding_032_029       37.9450   -3.3621   -1.0 413.279146  1.531244
sounding_032_030       38.0134   -3.0981   -1.0 413.334447 -1.122506
sounding_032_031       38.0811   -2.8335   -1.0 413.428512 -0.945763
sounding_032_032       38.1481   -2.5682   -1.0 413.487625  0.321375
sounding_032_033       38.2143   -2.3024   -1.0 413.482962  1.533019
sounding_032_034       38.2798   -2.0359   -1.0 413.427946  0.759014
sounding_032_035       38.3445   -1.7688   -1.0 413.360417  0.911266
sounding_032_036       38.4085   -1.5012   -1.0 413.337823 -0.955533
sounding_032_037       38.4717   -1.2329   -1.0 413.333414  1.409198
sounding_032_038       38.5342   -0.9640   -1.0 413.295090 -0.799730
sounding_032_039       38.5959   -0.6946   -1.0 413.240971 -2.006312
sounding_032_040       38.6568   -0.4245   -1.0 413.188786 -0.968483
sounding_033_030       38.2217   -3.1848   -1.0 413.341256  0.958436
sounding_033_031       38.2897   -2.9193   -1.0 413.430272 -0.666379
sounding_033_032       38.3570   -2.6532   -1.0 413.515632  1.234340
sounding_033_033       38.4235   -2.3865   -1.0 413.549267  0.645794
sounding_033_034       38.4892   -2.1191   -1.0 413.493567  0.080289
sounding_033_035       38.5542   -1.8512   -1.0 413.400018 -1.703872
sounding_033_036       38.6185   -1.5826   -1.0 413.334161 -0.659233
sounding_033_037       38.6820   -1.3135   -1.0 413.288595 -0.273357
sounding_033_038       38.7448   -1.0437   -1.0 413.235977 -0.211230
sounding_033_039       38.8067   -0.7733   -1.0 413.167926  0.495561
sounding_033_040       38.8680   -0.5024   -1.0 413.101517  0.510031
sounding_033_041       38.9284   -0.2309   -1.0 413.036355  0.237487
sounding_034_030       38.4301   -3.2722   -1.0 413.412840 -0.394319
sounding_034_031       38.4984   -3.0058   -1.0 413.475758 -0.668863
sounding_034_032       38.5659   -2.7389   -1.0 413.539824 -1.847883
sounding_034_033       38.6327   -2.4712   -1.0 413.565224 -1.502001
sounding_034_034       38.6988   -2.2030   -1.0 413.490063  0.183142
sounding_034_035       38.7641   -1.9341   -1.0 413.354067 -0.538534
sounding_034_036       38.8286   -1.6647   -1.0 413.255525 -1.342097
sounding_034_037       38.8924   -1.3946   -1.0 413.198191 -1.768653
sounding_034_038       38.9554   -1.1239   -1.0 413.150845  0.804501
sounding_034_039       39.0177   -0.8527   -1.0 413.080856  0.142897
sounding_034_040       39.0792   -0.5808   -1.0 412.993992 -0.061033
sounding_034_041       39.1399   -0.3084   -1.0 412.924532 -0.679822
sounding_035_031       38.7071   -3.0930   -1.0 413.538347  0.045648
sounding_035_032       38.7750   -2.8251   -1.0 413.548320  2.488249
sounding_035_033       38.8421   -2.5566   -1.0 413.511160  1.299111
sounding_035_034       38.9084   -2.2875   -1.0 413.393667  0.656603
sounding_035_035       38.9740   -2.0177   -1.0 413.256121 -0.150300
sounding_035_036       39.0388   -1.7473   -1.0 413.172676  1.533419
sounding_035_037       39.1029   -1.4764   -1.0 413.126160  2.127171
sounding_035_038       39.1662   -1.2048   -1.0 413.080937  1.088767
sounding_035_039       39.2287   -0.9326   -1.0 413.019772 -0.702898
sounding_035_040       39.2905   -0.6598   -1.0 412.932254  0.957744
sounding_035_041       39.3515   -0.3864   -1.0 412.843471 -0.475672
sounding_036_032       38.9841   -2.9120   -1.0 413.481433 -1.638136
sounding_036_033       39.0515   -2.6426   -1.0 413.417274 -0.082674
sounding_036_034       39.1181   -2.3726   -1.0 413.310788 -1.167888
sounding_036_035       39.1840   -2.1019   -1.0 413.213823  1.805958
sounding_036_036       39.2491   -1.8306   -1.0 413.158774 -2.361050
sounding_036_037       39.3135   -1.5588   -1.0 413.112726 -2.640679
sounding_036_038       39.3770   -1.2862   -1.0 413.048699  1.096531
sounding_036_039       39.4398   -1.0131   -1.0 412.970914 -1.000917
sounding_036_040       39.5019   -0.7394   -1.0 412.857759 -1.465050
sounding_036_041       39.5631   -0.4651   -1.0 412.749009  1.506905
sounding_037_032       39.1932   -2.9995   -1.0 413.396509 -0.155027
sounding_037_033       39.2609   -2.7292   -1.0 413.341830 -0.764422
sounding_037_034       39.3279   -2.4583   -1.0 413.276203 -0.770078
sounding_037_035       39.3941   -2.1867   -1.0 413.219677 -0.103840
sounding_037_036       39.4595   -1.9145   -1.0 413.180775  0.546438
sounding_037_037       39.5241   -1.6417   -1.0 413.134861 -0.205452
sounding_037_038       39.5880   -1.3683   -1.0 413.054225 -0.626447
sounding_037_039       39.6510   -1.0942   -1.0 412.941544 -0.252693
sounding_037_040       39.7134   -0.8196   -1.0 412.801253  1.007633
sounding_037_041       39.7749   -0.5443   -1.0 412.670855 -0.927796
sounding_037_042       39.8356   -0.2684   -1.0 412.556109 -0.630034
sounding_038_033       39.4705   -2.8165   -1.0 413.296148 -1.076727
sounding_038_034       39.5377   -2.5446   -1.0 413.255628 -0.103825
sounding_038_035       39.6042   -2.2722   -1.0 413.209660 -2.288372
sounding_038_036       39.6699   -1.9991   -1.0 413.181031  0.770499
sounding_038_037       39.7348   -1.7253   -1.0 413.140245  0.137423
sounding_038_038       39.7990   -1.4510   -1.0 413.049290  1.992182
sounding_038_039       39.8623   -1.1760   -1.0 412.935564 -2.384453
sounding_038_040       39.9249   -0.9004   -1.0 412.819269  0.488270
sounding_038_041       39.9867   -0.6241   -1.0 412.654871  1.254617
sounding_038_042       40.0477   -0.3473   -1.0 412.483824 -1.173274
sounding_038_043       40.1080   -0.0699   -1.0 412.362270 -0.779845
sounding_039_033       39.6801   -2.9044   -1.0 413.275646 -0.206218
sounding_039_034       39.7476   -2.6317   -1.0 413.238687 -0.223446
sounding_039_035       39.8144   -2.3583   -1.0 413.197044 -0.475576
sounding_039_036       39.8804   -2.0843   -1.0 413.177924 -0.053116
sounding_039_037       39.9456   -1.8096   -1.0 413.130038 -0.053448
sounding_039_038       40.0100   -1.5343   -1.0 413.030900  1.043624
sounding_039_039       40.0737   -1.2583   -1.0 412.929932  1.402627
sounding_039_040       40.1366   -0.9818   -1.0 412.831728 -1.206999
sounding_039_041       40.1986   -0.7046   -1.0 412.692599 -0.810258
sounding_039_042       40.2599   -0.4268   -1.0 412.520129  1.349899
sounding_039_043       40.3204   -0.1484   -1.0 412.354867  0.561846
sounding_039_044       40.3801    0.1306   -1.0 412.229597 -0.492786
sounding_040_034       39.9576   -2.7193   -1.0 413.230067  2.652942
sounding_040_035       40.0247   -2.4450   -1.0 413.199873  0.314553
sounding_040_036       40.0909   -2.1701   -1.0 413.179418  2.003966
sounding_040_037       40.1565   -1.8945   -1.0 413.142650  0.896667
sounding_040_038       40.2212   -1.6182   -1.0 413.056659  1.083640
sounding_040_039       40.2851   -1.3413   -1.0 412.924952  1.218139
sounding_040_040       40.3483   -1.0638   -1.0 412.791437 -1.548412
sounding_040_041       40.4106   -0.7856   -1.0 412.707752 -0.306406
sounding_040_042       40.4722   -0.5069   -1.0 412.584335 -0.147637
sounding_040_043       40.5329   -0.2275   -1.0 412.412533  0.558581
sounding_040_044       40.5929    0.0525   -1.0 412.257750 -1.957900
sounding_040_045       40.6521    0.3331   -1.0 412.137482  0.348283
sounding_041_035       40.2350   -2.5324   -1.0 413.183719 -1.072016
sounding_041_036       40.3016   -2.2565   -1.0 413.153219 -0.321416
sounding_041_037       40.3674   -1.9800   -1.0 413.129422 -0.392518
sounding_041_038       40.4324   -1.7028   -1.0 413.060274  1.623570
sounding_041_039       40.4966   -1.4249   -1.0 412.902780 -1.030154
sounding_041_040       40.5600   -1.1464   -1.0 412.743783 -2.592675
sounding_041_041       40.6227   -0.8673   -1.0 412.638310  1.145043
sounding_041_042       40.6845   -0.5876   -1.0 412.513743  0.291725
sounding_041_043       40.7455   -0.3072   -1.0 412.366288  0.966564
sounding_041_044       40.8058   -0.0262   -1.0 412.258088  0.462457
sounding_041_045       40.8652    0.2553   -1.0 412.169862  1.409169
sounding_042_035       40.4454   -2.6205   -1.0 413.153198 -3.253552
sounding_042_036       40.5123   -2.3436   -1.0 413.099382 -0.368590
sounding_042_037       40.5784   -2.0661   -1.0 413.059457  1.015010
sounding_042_038       40.6437   -1.7880   -1.0 412.990058  0.806847
sounding_042_039       40.7082   -1.5092   -1.0 412.849936  0.563217
sounding_042_040       40.7719   -1.2297   -1.0 412.691845  1.545010
sounding_042_041       40.8348   -0.9496   -1.0 412.526792  0.593009
sounding_042_042       40.8969   -0.6689   -1.0 412.363458  1.063498
sounding_042_043       40.9582   -0.3876   -1.0 412.226044 -0.017526
sounding_042_044       41.0187   -0.1056   -1.0 412.141886 -0.071323
sounding_042_045       41.0784    0.1770   -1.0 412.093940  0.651652
sounding_042_046       41.1373    0.4602   -1.0 412.040844 -0.727197
sounding_043_036       40.7230   -2.4314   -1.0 413.023137 -1.005870
sounding_043_037       40.7894   -2.1530   -1.0 412.953303 -0.771113
sounding_043_038       40.8550   -1.8738   -1.0 412.879026 -1.251216
sounding_043_039       40.9198   -1.5941   -1.0 412.760295  0.673719
sounding_043_040       40.9838   -1.3137   -1.0 412.606045  1.662468
sounding_043_041       41.0470   -1.0326   -1.0 412.432385 -0.227626
sounding_043_042       41.1094   -0.7509   -1.0 412.254151 -2.107654
sounding_043_043       41.1710   -0.4685   -1.0 412.095320 -0.417872
sounding_043_044       41.2317   -0.1855   -1.0 411.994057  0.435865
sounding_043_045       41.2917    0.0980   -1.0 411.942770 -0.509459
sounding_043_046       41.3508    0.3823   -1.0 411.901868  0.213788
sounding_044_036       40.9338   -2.5199   -1.0 412.945946  1.315831
sounding_044_037       41.0005   -2.2405   -1.0 412.868677 -1.133040
sounding_044_038       41.0664   -1.9604   -1.0 412.770567  1.029506
sounding_044_039       41.1315   -1.6796   -1.0 412.642090 -1.060815
sounding_044_040       41.1958   -1.3982   -1.0 412.497230 -0.919889
sounding_044_041       41.2592   -1.1162   -1.0 412.349129  0.698892
sounding_044_042       41.3219   -0.8335   -1.0 412.189433 -0.851109
sounding_044_043       41.3838   -0.5501   -1.0 412.034622  0.191238
sounding_044_044       41.4448   -0.2661   -1.0 411.918774 -0.681935
sounding_044_045       41.5050    0.0185   -1.0 411.836915  0.020754
sounding_044_046       41.5645    0.3037   -1.0 411.763237  1.118060
sounding_044_047       41.6230    0.5896   -1.0 411.669668 -0.635644
sounding_045_037       41.2116   -2.3286   -1.0 412.795510 -0.728167
sounding_045_038       41.2778   -2.0476   -1.0 412.682194  0.144340
sounding_045_039       41.3432   -1.7658   -1.0 412.553332 -0.110587
sounding_045_040       41.4078   -1.4835   -1.0 412.411424  1.229207
sounding_045_041       41.4716   -1.2004   -1.0 412.278632  0.397468
sounding_045_042       41.5345   -0.9167   -1.0 412.156582 -0.864863
sounding_045_043       41.5966   -0.6323   -1.0 412.024175 -0.286342
sounding_045_044       41.6579   -0.3473   -1.0 411.899973 -0.434350
sounding_045_045       41.7185   -0.0617   -1.0 411.784950 -0.834996
sounding_045_046       41.7781    0.2246   -1.0 411.687152 -0.469451
sounding_045_047       41.8370    0.5115   -1.0 411.568717 -0.676354
sounding_045_048       41.8950    0.7990   -1.0 411.379969  0.686756
sounding_046_038       41.4893   -2.1354   -1.0 412.651131 -0.920385
sounding_046_039       41.5550   -1.8527   -1.0 412.543560  1.060625
sounding_046_040       41.6198   -1.5693   -1.0 412.388263 -1.085714
sounding_046_041       41.6839   -1.2853   -1.0 412.247608 -0.439175
sounding_046_042       41.7471   -1.0006   -1.0 412.132320  1.611522
sounding_046_043       41.8096   -0.7152   -1.0 412.007926 -0.900199
sounding_046_044       41.8712   -0.4292   -1.0 411.872064  1.548480
sounding_046_045       41.9319   -0.1425   -1.0 411.732641  0.055936
sounding_046_046       41.9919    0.1448   -1.0 411.602709  0.486198
sounding_046_047       42.0510    0.4327   -1.0 411.461324  1.515842
sounding_046_048       42.1093    0.7213   -1.0 411.302337 -1.177912
sounding_047_038       41.7009   -2.2240   -1.0 412.648938 -1.426503
sounding_047_039       41.7668   -1.9403   -1.0 412.532853  2.092558
sounding_047_040       41.8320   -1.6559   -1.0 412.369808  1.248302
sounding_047_041       41.8963   -1.3708   -1.0 412.221868 -1.329879
sounding_047_042       41.9598   -1.0851   -1.0 412.089939 -0.538005
sounding_047_043       42.0225   -0.7987   -1.0 411.955387 -0.302183
sounding_047_044       42.0844   -0.5117   -1.0 411.812428  0.286259
sounding_047_045       42.1454   -0.2240   -1.0 411.667962 -1.995202
sounding_047_046       42.2057    0.0644   -1.0 411.507819  2.194727
sounding_047_047       42.2651    0.3534   -1.0 411.375603 -0.616747
sounding_047_048       42.3236    0.6430   -1.0 411.319476  0.483649
sounding_047_049       42.3813    0.9332   -1.0 411.322244  0.347501
sounding_048_039       41.9787   -2.0285   -1.0 412.491573 -1.331567
sounding_048_040       42.0442   -1.7431   -1.0 412.321094 -1.614399
sounding_048_041       42.1088   -1.4571   -1.0 412.166734  1.661514
sounding_048_042       42.1726   -1.1703   -1.0 412.026883 -0.979034
sounding_048_043       42.2356   -0.8829   -1.0 411.888790  1.692351
sounding_048_044       42.2977   -0.5948   -1.0 411.770563  0.862534
sounding_048_045       42.3590   -0.3061   -1.0 411.659192 -0.949534
sounding_048_046       42.4195   -0.0167   -1.0 411.533864 -1.206159
sounding_048_047       42.4792    0.2734   -1.0 411.446841 -2.065394
sounding_048_048       42.5380    0.5641   -1.0 411.443876 -1.080655
sounding_048_049       42.5959    0.8554   -1.0 411.480990  0.772628
sounding_049_039       42.1906   -2.1175   -1.0 412.427518 -1.762807
sounding_049_042       42.3854   -1.2562   -1.0 411.948899  0.347273
sounding_049_043       42.4486   -0.9677   -1.0 411.820108  0.509876
sounding_049_044       42.5111   -0.6786   -1.0 411.739762  0.529642
sounding_049_045       42.5727   -0.3888   -1.0 411.715012 -0.635620
sounding_049_046       42.6334   -0.0983   -1.0 411.682860 -0.251955
sounding_049_047       42.6933    0.1928   -1.0 411.605457 -0.811539
sounding_066_056       46.8804    1.5445   -1.0 411.840523 -0.746833
sounding_069_055       47.4742    0.9745   -1.0 411.644081 -2.557128
sounding_069_056       47.5314    1.2956   -1.0 411.656560  0.459209
sounding_114_079       58.5311    5.9421   -1.0 412.406382  0.759431
sounding_115_079       58.7501    5.8599   -1.0 412.324452  0.531145
sounding_115_087       59.0521    9.2632   -1.0 412.896645  0.039791
sounding_116_080       59.0113    6.2015   -1.0 412.267408  0.378786
sounding_116_083       59.1310    7.4812   -1.0 412.507510 -0.186463
sounding_116_084       59.1683    7.9095   -1.0 412.610912  0.059210
sounding_117_080       59.2302    6.1198   -1.0 412.230615 -0.818343
sounding_117_081       59.2715    6.5479   -1.0 412.247257  0.199216
sounding_117_084       59.3880    7.8375   -1.0 412.489093  1.109303
sounding_117_085       59.4242    8.2692   -1.0 412.576294  0.344094
sounding_118_079       59.4059    5.6077   -1.0 412.147062  0.218788
sounding_118_080       59.4488    6.0372   -1.0 412.192391 -2.197063
sounding_118_081       59.4904    6.4676   -1.0 412.216493 -0.057848
sounding_119_079       59.6242    5.5216   -1.0 412.101330 -0.744970
sounding_119_080       59.6673    5.9535   -1.0 412.146765  0.452052
sounding_119_081       59.7091    6.3865   -1.0 412.182722  0.776711
sounding_120_080       59.8856    5.8689   -1.0 412.101689 -1.097312
sounding_120_081       59.9276    6.3044   -1.0 412.141570  2.536145
sounding_120_088       60.1852    9.3783   -1.0 412.551834  0.672615
sounding_121_080       60.1037    5.7833   -1.0 412.081878  0.728038
sounding_121_081       60.1460    6.2212   -1.0 412.105029  0.184255
sounding_121_090       60.4670   10.2043   -1.0 412.774458 -1.454012
sounding_122_080       60.3216    5.6966   -1.0 412.086134 -0.094458
sounding_122_081       60.3642    6.1371   -1.0 412.092182 -0.877896
sounding_122_082       60.4053    6.5786   -1.0 412.076743 -0.869825
sounding_123_081       60.5821    6.0519   -1.0 412.098398 -0.869202
sounding_123_082       60.6235    6.4960   -1.0 412.074448  0.008000
sounding_125_083       61.0998    6.7782   -1.0 412.044328 -2.469240
sounding_133_086       62.9548    7.5099   -1.0 411.836489 -1.417409
sounding_133_087       62.9915    7.9873   -1.0 411.854632  0.130134
sounding_141_096       64.9980   11.8931   -1.0 412.291028  0.206429
sounding_142_097       65.2380   12.3521   -1.0 412.259351  0.100243
sounding_143_098       65.4765   12.8184   -1.0 412.213548 -0.726801
sounding_144_098       65.6927   12.7667   -1.0 412.143585 -0.198771
sounding_144_099       65.7134   13.2920   -1.0 412.171154 -1.119668
sounding_145_098       65.9087   12.7142   -1.0 412.077368  1.088012
sounding_145_099       65.9295   13.2433   -1.0 412.092738  0.617212
sounding_145_100       65.9487   13.7731   -1.0 412.118512  1.551502
sounding_146_099       66.1453   13.1938   -1.0 412.036324  1.388648
sounding_146_100       66.1647   13.7275   -1.0 412.045282  0.541626
sounding_146_101       66.1824   14.2619   -1.0 412.066300 -0.030231
sounding_147_100       66.3803   13.6813   -1.0 412.019143  0.257607
sounding_147_101       66.3982   14.2195   -1.0 412.031372  0.723862
sounding_148_100       66.5957   13.6343   -1.0 412.024924 -0.501690
sounding_148_101       66.6137   14.1765   -1.0 412.032213 -0.593382
sounding_148_102       66.6301   14.7194   -1.0 412.040418  0.529753
sounding_149_101       66.8289   14.1329   -1.0 412.049312 -1.779977
sounding_149_102       66.8454   14.6798   -1.0 412.040722  1.963323
sounding_149_103       66.8603   15.2273   -1.0 412.030846  0.329498
sounding_150_102       67.0604   14.6396   -1.0 412.084935 -2.423063
sounding_150_103       67.0754   15.1913   -1.0 412.060267  0.660167
sounding_150_104       67.0888   15.7434   -1.0 412.064255  1.258878
sounding_150_105       67.1005   16.2961   -1.0 412.078695  0.772610
sounding_151_103       67.2903   15.1546   -1.0 412.175113  0.308744
sounding_151_104       67.3037   15.7110   -1.0 412.174707 -0.590440
sounding_151_105       67.3155   16.2678   -1.0 412.196993  1.545152
sounding_151_106       67.3256   16.8251   -1.0 412.214440 -0.850839
sounding_152_104       67.5183   15.6780   -1.0 412.339419 -0.366384
sounding_152_105       67.5302   16.2391   -1.0 412.351611 -0.821408
sounding_152_106       67.5404   16.8007   -1.0 412.365368 -0.833838
sounding_152_107       67.5490   17.3626   -1.0 412.381184 -0.572405
sounding_153_104       67.7326   15.6446   -1.0 412.485722 -0.611361
sounding_153_105       67.7446   16.2100   -1.0 412.480573 -0.134646
sounding_153_106       67.7548   16.7759   -1.0 412.493065  0.009430
sounding_153_107       67.7635   17.3422   -1.0 412.509678  0.882781
sounding_154_104       67.9466   15.6106   -1.0 412.564849  0.889738
sounding_154_105       67.9586   16.1804   -1.0 412.541244  0.428608
sounding_154_106       67.9690   16.7507   -1.0 412.552649 -0.156409
sounding_154_107       67.9777   17.3214   -1.0 412.576909 -0.688087
sounding_154_108       67.9847   17.8924   -1.0 412.617257 -0.578484
sounding_155_106       68.1828   16.7252   -1.0 412.521610  0.041992
sounding_155_107       68.1916   17.3003   -1.0 412.538301  0.521180
sounding_155_108       68.1986   17.8758   -1.0 412.572610 -0.726858
sounding_156_106       68.3964   16.6992   -1.0 412.415751  1.439301
sounding_156_107       68.4052   17.2789   -1.0 412.406417  0.081363
sounding_156_108       68.4123   17.8590   -1.0 412.430767  0.899394
sounding_156_109       68.4177   18.4393   -1.0 412.463777 -0.743172
sounding_157_104       68.5868   15.5054   -1.0 412.378371 -0.320782
sounding_157_105       68.5990   16.0889   -1.0 412.334154  1.666219
sounding_157_106       68.6096   16.6728   -1.0 412.278544 -1.589318
sounding_157_107       68.6184   17.2571   -1.0 412.249753  0.177441
sounding_157_108       68.6256   17.8418   -1.0 412.267887  0.377768
sounding_157_109       68.6310   18.4268   -1.0 412.313643 -0.066071
sounding_157_110       68.6347   19.0120   -1.0 412.353541 -2.690078
sounding_158_104       68.7995   15.4692   -1.0 412.278638  0.494526
sounding_158_105       68.8118   16.0573   -1.0 412.231259  0.463959
sounding_158_108       68.8386   17.8244   -1.0 412.147416 -1.246992
sounding_158_109       68.8440   18.4141   -1.0 412.186489 -0.080435
sounding_158_110       68.8478   19.0040   -1.0 412.230570  0.204437
sounding_159_108       69.0512   17.8067   -1.0 412.107063 -0.013151
sounding_159_109       69.0567   18.4012   -1.0 412.099614  1.114444
sounding_159_110       69.0605   18.9959   -1.0 412.106452  0.156411
sounding_159_111       69.0626   19.5907   -1.0 412.138970  1.261774
sounding_160_107       69.2563   17.1897   -1.0 412.183769  1.325485
sounding_160_108       69.2636   17.7888   -1.0 412.121246 -0.576284
sounding_160_109       69.2691   18.3881   -1.0 412.065020  0.411798
sounding_160_110       69.2729   18.9877   -1.0 412.037459 -0.258531
sounding_160_111       69.2750   19.5874   -1.0 412.050693  0.401311
sounding_161_108       69.4756   17.7705   -1.0 412.175677 -0.708161
sounding_161_109       69.4811   18.3748   -1.0 412.097615  0.191797
sounding_161_110       69.4850   18.9793   -1.0 412.043076 -0.824789
sounding_161_111       69.4871   19.5840   -1.0 412.018447 -0.741140
sounding_161_112       69.4874   20.1887   -1.0 412.024665 -0.803288
sounding_162_112       69.6991   20.1902   -1.0 411.986012 -0.251113
