sounding_005_071       34.3250    9.3334   -1.0 416.847594  1.159585
sounding_005_072       34.3560    9.5920   -1.0 416.896812  0.287311
sounding_005_073       34.3862    9.8508   -1.0 416.900494  2.526328
sounding_005_074       34.4157   10.1099   -1.0 416.901525 -0.294266
sounding_005_075       34.4444   10.3693   -1.0 416.901868  1.233744
sounding_006_071       34.5385    9.2953   -1.0 416.862562 -1.266417
sounding_006_072       34.5697    9.5548   -1.0 416.906586 -1.025196
sounding_006_073       34.6000    9.8145   -1.0 416.914466 -1.493524
sounding_006_074       34.6296   10.0745   -1.0 416.907466 -0.096149
sounding_006_075       34.6585   10.3348   -1.0 416.904078  0.487290
sounding_006_076       34.6866   10.5953   -1.0 416.911291 -0.210655
sounding_007_071       34.7523    9.2569   -1.0 416.812103  1.715667
sounding_007_072       34.7835    9.5173   -1.0 416.867328 -0.636714
sounding_007_073       34.8140    9.7779   -1.0 416.891862  1.189238
sounding_007_074       34.8438   10.0389   -1.0 416.889257  1.626651
sounding_007_075       34.8728   10.3000   -1.0 416.893342  0.699848
sounding_007_076       34.9010   10.5614   -1.0 416.916077 -0.688435
sounding_007_077       34.9285   10.8231   -1.0 416.937634  0.933940
sounding_008_072       34.9976    9.4795   -1.0 416.818784  0.393545
sounding_008_073       35.0282    9.7411   -1.0 416.863360  1.786195
sounding_008_074       35.0581   10.0029   -1.0 416.871703 -0.959610
sounding_008_075       35.0873   10.2650   -1.0 416.880381 -0.619426
sounding_008_076       35.1156   10.5274   -1.0 416.904497  0.204644
sounding_008_077       35.1432   10.7899   -1.0 416.930855 -0.280849
sounding_008_078       35.1700   11.0528   -1.0 416.947489 -0.020337
sounding_009_072       35.2118    9.4415   -1.0 416.802624 -0.777471
sounding_009_073       35.2426    9.7040   -1.0 416.848531  0.081628
sounding_009_074       35.2727    9.9668   -1.0 416.871917  0.200345
sounding_009_075       35.3019   10.2298   -1.0 416.881898 -0.177053
sounding_009_076       35.3304   10.4930   -1.0 416.896000  0.340541
sounding_009_077       35.3581   10.7566   -1.0 416.914500 -0.742623
sounding_009_078       35.3851   11.0203   -1.0 416.929512  0.070113
sounding_010_073       35.4572    9.6666   -1.0 416.846171  0.998559
sounding_010_074       35.4874    9.9303   -1.0 416.863893  1.178241
sounding_010_075       35.5168   10.1943   -1.0 416.874506 -0.845321
sounding_010_076       35.5454   10.4585   -1.0 416.883895 -0.149475
sounding_010_077       35.5733   10.7229   -1.0 416.892973  0.914606
sounding_010_078       35.6003   10.9876   -1.0 416.906988 -0.178707
sounding_011_073       35.6720    9.6290   -1.0 416.815274  0.485285
sounding_011_074       35.7023    9.8936   -1.0 416.823442  0.836329
sounding_011_075       35.7318   10.1585   -1.0 416.830612  0.485142
sounding_011_076       35.7606   10.4237   -1.0 416.843976  0.440728
sounding_011_077       35.7885   10.6891   -1.0 416.858651 -0.643176
sounding_012_073       35.8869    9.5911   -1.0 416.754463  0.120883
sounding_012_074       35.9174    9.8567   -1.0 416.758543 -0.187063
sounding_012_075       35.9470   10.1225   -1.0 416.759525 -0.151089
sounding_012_076       35.9759   10.3886   -1.0 416.769532  0.092312
sounding_013_074       36.1326    9.8194   -1.0 416.692985  2.034807
sounding_013_075       36.1624   10.0862   -1.0 416.690550 -0.548393
sounding_013_076       36.1915   10.3532   -1.0 416.693606  1.112001
sounding_014_074       36.3481    9.7819   -1.0 416.631990  1.642361
sounding_014_075       36.3780   10.0496   -1.0 416.648551  0.319829
sounding_014_076       36.4072   10.3177   -1.0 416.657119  1.296808
sounding_014_077       36.4355   10.5859   -1.0 416.655113 -0.334512
sounding_015_075       36.5938   10.0128   -1.0 416.590539  0.411700
sounding_015_076       36.6231   10.2818   -1.0 416.598725 -0.260615
sounding_015_077       36.6516   10.5511   -1.0 416.599245  2.639023
sounding_015_078       36.6792   10.8206   -1.0 416.602571 -1.681639
sounding_016_075       36.8097    9.9757   -1.0 416.509503  2.056178
sounding_016_076       36.8391   10.2457   -1.0 416.516214 -0.892537
sounding_016_078       36.8956   10.7864   -1.0 416.540250  0.857457
sounding_016_079       36.9226   11.0571   -1.0 416.550602  2.541364
sounding_017_075       37.0258    9.9383   -1.0 416.455929 -0.622833
sounding_019_085       37.7203   12.6036   -1.0 416.335642 -0.018215
sounding_019_086       37.7420   12.8790   -1.0 416.340494 -0.004225
sounding_020_085       37.9381   12.5756   -1.0 416.285451 -1.293035
sounding_020_086       37.9599   12.8519   -1.0 416.295158 -0.675847
sounding_034_091       41.1304   13.9128   -1.0 415.171000 -0.964770
sounding_035_089       41.3123   13.3006   -1.0 415.231345 -1.176754
sounding_035_090       41.3321   13.5943   -1.0 415.142727 -1.211599
sounding_035_091       41.3511   13.8882   -1.0 415.029440  1.359742
sounding_035_092       41.3691   14.1824   -1.0 414.910780  0.739856
sounding_036_087       41.4904   12.6843   -1.0 415.243460  1.101676
sounding_036_088       41.5121   12.9788   -1.0 415.214764  0.013208
sounding_036_089       41.5329   13.2735   -1.0 415.140619 -0.103397
sounding_036_090       41.5529   13.5684   -1.0 415.029623 -0.153843
sounding_036_091       41.5719   13.8635   -1.0 414.905968 -0.463294
sounding_036_092       41.5900   14.1588   -1.0 414.762795 -1.209306
sounding_037_086       41.6883   12.3592   -1.0 415.191733 -0.324549
sounding_037_087       41.7110   12.6546   -1.0 415.184449 -0.165122
sounding_037_088       41.7328   12.9503   -1.0 415.143624  0.654307
sounding_037_089       41.7537   13.2462   -1.0 415.053910 -0.862226
sounding_037_090       41.7737   13.5423   -1.0 414.917773  0.803079
sounding_037_091       41.7928   13.8386   -1.0 414.801269 -0.607386
sounding_037_092       41.8110   14.1351   -1.0 414.638144  0.160839
sounding_038_086       41.9089   12.3281   -1.0 415.169453  1.582149
sounding_038_087       41.9317   12.6247   -1.0 415.147343  0.841897
sounding_038_088       41.9536   12.9216   -1.0 415.088196  0.440801
sounding_038_089       41.9746   13.2186   -1.0 414.988985 -1.192376
sounding_038_090       41.9947   13.5159   -1.0 414.838875  1.055303
sounding_038_091       42.0139   13.8134   -1.0 414.685849 -0.460832
sounding_038_092       42.0322   14.1112   -1.0 414.498830  1.099169
sounding_038_093       42.0496   14.4091   -1.0 414.353021 -0.494385
sounding_039_085       42.1058   11.9992   -1.0 415.037148  1.111769
sounding_039_086       42.1296   12.2968   -1.0 415.076167 -0.333888
sounding_039_087       42.1525   12.5946   -1.0 415.068010 -0.000017
sounding_039_088       42.1745   12.8926   -1.0 415.003833 -2.208584
sounding_039_089       42.1956   13.1909   -1.0 414.925473 -1.805495
sounding_039_090       42.2158   13.4894   -1.0 414.807155  0.165490
sounding_039_091       42.2351   13.7881   -1.0 414.607244  0.132631
sounding_039_092       42.2535   14.0870   -1.0 414.384015 -1.095082
sounding_039_093       42.2709   14.3861   -1.0 414.379452 -0.115505
sounding_040_084       42.3017   11.6680   -1.0 414.833333 -0.013536
sounding_040_085       42.3265   11.9664   -1.0 414.841005  1.257119
sounding_040_086       42.3504   12.2652   -1.0 414.862860 -1.020463
sounding_040_087       42.3734   12.5642   -1.0 414.879863 -1.314342
sounding_040_088       42.3955   12.8634   -1.0 414.862549  0.771392
sounding_040_089       42.4167   13.1629   -1.0 414.841023 -1.946233
sounding_040_090       42.4370   13.4626   -1.0 414.760185  0.717913
sounding_040_091       42.4564   13.7625   -1.0 414.549781  0.931730
sounding_040_092       42.4748   14.0627   -1.0 414.351750 -1.052280
sounding_041_084       42.5224   11.6337   -1.0 414.631353  0.540550
sounding_041_085       42.5473   11.9334   -1.0 414.595902  0.208544
sounding_041_086       42.5713   12.2333   -1.0 414.568066 -0.648594
sounding_041_087       42.5944   12.5335   -1.0 414.577307  0.545162
sounding_041_088       42.6166   12.8340   -1.0 414.631931 -1.214626
sounding_041_089       42.6379   13.1347   -1.0 414.693217 -0.092039
sounding_041_090       42.6583   13.4356   -1.0 414.653625 -1.708835
sounding_041_091       42.6778   13.7368   -1.0 414.462686 -0.506000
sounding_042_084       42.7432   11.5991   -1.0 414.446993 -0.322285
sounding_042_085       42.7682   11.9000   -1.0 414.377917  1.100888
sounding_042_086       42.7924   12.2012   -1.0 414.290273  0.867976
sounding_042_087       42.8156   12.5026   -1.0 414.292873 -0.706100
sounding_042_088       42.8379   12.8043   -1.0 414.407397 -0.024492
sounding_042_089       42.8593   13.1062   -1.0 414.520446  2.209564
sounding_042_090       42.8798   13.4084   -1.0 414.484563 -0.754102
sounding_042_091       42.8993   13.7108   -1.0 414.328033  0.390273
sounding_043_085       42.9893   11.8664   -1.0 414.220802 -1.768835
sounding_043_086       43.0135   12.1688   -1.0 414.147756 -1.269027
sounding_043_087       43.0369   12.4714   -1.0 414.157583 -1.477672
sounding_043_088       43.0593   12.7744   -1.0 414.266748 -1.451770
sounding_043_089       43.0808   13.0776   -1.0 414.350306 -0.801500
sounding_043_090       43.1013   13.3810   -1.0 414.301279  1.058648
sounding_043_091       43.1210   13.6846   -1.0 414.194388 -0.099836
sounding_044_085       43.2104   11.8325   -1.0 414.181846 -0.062245
sounding_044_086       43.2348   12.1361   -1.0 414.161958 -1.066447
sounding_044_087       43.2582   12.4400   -1.0 414.172571 -0.535710
sounding_044_088       43.2807   12.7442   -1.0 414.204631  1.603723
sounding_044_089       43.3023   13.0486   -1.0 414.205732 -0.879018
sounding_044_090       43.3230   13.3533   -1.0 414.149783 -0.774363
sounding_044_091       43.3428   13.6582   -1.0 414.115254 -0.203817
sounding_045_086       43.4562   12.1032   -1.0 414.227887  0.640762
sounding_045_087       43.4797   12.4083   -1.0 414.202162  2.464112
sounding_045_088       43.5023   12.7138   -1.0 414.152945 -0.464092
sounding_045_089       43.5240   13.0194   -1.0 414.079484 -0.267724
sounding_045_090       43.5448   13.3254   -1.0 414.050238  1.317663
sounding_046_086       43.6776   12.0700   -1.0 414.255803 -1.188050
sounding_046_087       43.7013   12.3764   -1.0 414.153383  0.018070
sounding_046_088       43.7240   12.6831   -1.0 414.058033  0.699177
sounding_046_089       43.7458   12.9901   -1.0 414.006847  0.015809
sounding_047_086       43.8992   12.0365   -1.0 414.204016  1.109582
sounding_047_087       43.9230   12.3442   -1.0 414.088330 -1.420065
sounding_047_088       43.9458   12.6521   -1.0 414.031438 -0.341588
sounding_048_087       44.1447   12.3117   -1.0 414.122360  1.288489
sounding_049_087       44.3666   12.2789   -1.0 414.208470 -1.849568
sounding_049_097       44.5546   15.3953   -1.0 414.655197 -0.931391
sounding_050_096       44.7628   15.0616   -1.0 414.747880  0.685642
sounding_050_097       44.7774   15.3755   -1.0 414.632860 -0.768160
sounding_051_096       44.9857   15.0403   -1.0 414.731789 -0.010174
sounding_051_097       45.0004   15.3555   -1.0 414.615388 -0.362260
sounding_052_092       45.1401   13.7542   -1.0 414.962785 -1.340815
sounding_052_093       45.1587   14.0700   -1.0 414.888578 -0.141916
sounding_052_095       45.1930   14.7023   -1.0 414.795368 -0.625350
sounding_052_096       45.2087   15.0188   -1.0 414.690244  0.231279
sounding_052_097       45.2234   15.3354   -1.0 414.717882 -1.035080
sounding_052_098       45.2372   15.6522   -1.0 414.904880 -2.425373
sounding_053_092       45.3628   13.7271   -1.0 414.890447  1.597690
sounding_053_093       45.3815   14.0442   -1.0 414.762665 -1.934803
sounding_053_094       45.3992   14.3617   -1.0 414.682968 -0.418509
sounding_053_095       45.4160   14.6793   -1.0 414.636458 -1.422005
sounding_053_096       45.4317   14.9971   -1.0 414.650879  1.182936
sounding_053_097       45.4465   15.3151   -1.0 414.877202  1.189399
sounding_053_098       45.4604   15.6332   -1.0 415.251302  0.055088
sounding_054_093       45.6044   14.0183   -1.0 414.570344  2.195704
sounding_054_094       45.6222   14.3370   -1.0 414.427553  1.266885
sounding_054_095       45.6390   14.6560   -1.0 414.376728 -0.445877
sounding_054_096       45.6549   14.9752   -1.0 414.473250  1.770187
sounding_054_097       45.6697   15.2946   -1.0 414.821887  0.467362
sounding_054_098       45.6836   15.6141   -1.0 415.244736  0.904172
sounding_055_090       45.7679   13.0330   -1.0 414.304457 -0.832921
sounding_055_091       45.7887   13.3524   -1.0 414.429745  0.082250
sounding_055_092       45.8085   13.6721   -1.0 414.403354 -1.013961
sounding_055_093       45.8274   13.9920   -1.0 414.244030 -0.417487
sounding_055_094       45.8453   14.3122   -1.0 414.052422  0.709518
sounding_055_095       45.8622   14.6325   -1.0 413.951346 -0.213403
sounding_055_096       45.8781   14.9531   -1.0 414.026524  0.421698
sounding_055_097       45.8930   15.2739   -1.0 414.368405  1.537482
sounding_055_098       45.9070   15.5948   -1.0 414.820809  0.601601
sounding_055_099       45.9200   15.9160   -1.0 415.137115 -0.042225
sounding_056_090       45.9907   13.0023   -1.0 413.915420 -0.113467
sounding_056_091       46.0115   13.3231   -1.0 414.015502  0.302800
sounding_056_092       46.0315   13.6442   -1.0 413.933645 -0.001208
sounding_056_093       46.0504   13.9655   -1.0 413.738577  2.296976
sounding_056_094       46.0684   14.2871   -1.0 413.525982 -0.520833
sounding_056_095       46.0854   14.6089   -1.0 413.413915  1.249946
sounding_056_096       46.1014   14.9308   -1.0 413.440004  0.476522
sounding_056_097       46.1164   15.2530   -1.0 413.662763 -0.626150
sounding_056_098       46.1304   15.5754   -1.0 414.102703 -0.300075
sounding_056_099       46.1435   15.8979   -1.0 414.522425 -0.738133
sounding_057_091       46.2345   13.2936   -1.0 413.671108  0.332653
sounding_057_092       46.2545   13.6161   -1.0 413.565560  0.150797
sounding_057_093       46.2735   13.9388   -1.0 413.378648 -0.493356
sounding_057_094       46.2916   14.2618   -1.0 413.196100 -1.703902
sounding_057_095       46.3087   14.5850   -1.0 413.098229  0.942110
sounding_057_096       46.3248   14.9084   -1.0 413.051600 -0.388778
sounding_057_097       46.3398   15.2320   -1.0 413.092723  0.347357
sounding_057_098       46.3539   15.5558   -1.0 413.347372 -0.871196
sounding_057_099       46.3670   15.8797   -1.0 413.740819 -1.375707
sounding_058_091       46.4575   13.2638   -1.0 413.591159 -0.141953
sounding_058_092       46.4776   13.5877   -1.0 413.539335 -0.165314
sounding_058_093       46.4967   13.9119   -1.0 413.461333 -2.734352
sounding_058_094       46.5149   14.2363   -1.0 413.354172  0.962916
sounding_058_095       46.5320   14.5609   -1.0 413.245221  0.391563
sounding_058_096       46.5482   14.8857   -1.0 413.114018  0.094160
sounding_058_097       46.5633   15.2108   -1.0 413.006809 -0.089485
sounding_058_098       46.5775   15.5360   -1.0 413.012918 -0.368523
sounding_058_099       46.5907   15.8614   -1.0 413.166241  0.783366
sounding_058_100       46.6029   16.1869   -1.0 413.390090 -0.931001
sounding_059_091       46.6806   13.2338   -1.0 413.794068 -1.028885
sounding_059_092       46.7008   13.5591   -1.0 413.807866 -0.203231
sounding_059_093       46.7200   13.8847   -1.0 413.816494 -0.684297
sounding_059_094       46.7382   14.2105   -1.0 413.786040 -0.126199
sounding_059_095       46.7555   14.5366   -1.0 413.717848  1.415443
sounding_059_096       46.7717   14.8628   -1.0 413.606090 -0.229580
sounding_059_097       46.7869   15.1893   -1.0 413.368984 -0.330284
sounding_059_098       46.8012   15.5160   -1.0 413.130685  0.567685
sounding_059_099       46.8144   15.8428   -1.0 413.082340  0.046838
sounding_059_100       46.8266   16.1699   -1.0 413.150073 -0.008277
sounding_060_093       46.9433   13.8572   -1.0 413.990531  0.599139
sounding_060_094       46.9616   14.1845   -1.0 414.033862 -0.318019
sounding_060_095       46.9789   14.5120   -1.0 414.063068  0.299993
sounding_060_096       46.9953   14.8398   -1.0 414.067911 -0.377205
sounding_060_097       47.0106   15.1677   -1.0 413.933964 -1.527546
sounding_060_098       47.0249   15.4959   -1.0 413.659637 -0.655595
sounding_060_099       47.0382   15.8242   -1.0 413.392019  0.956572
sounding_060_100       47.0505   16.1527   -1.0 413.212727  0.922387
sounding_061_092       47.1473   13.5011   -1.0 413.942805 -1.535390
sounding_061_093       47.1667   13.8296   -1.0 413.914773  0.515137
sounding_061_094       47.1851   14.1583   -1.0 413.942051  1.561028
sounding_061_095       47.2025   14.4873   -1.0 414.035818  0.576542
sounding_061_096       47.2189   14.8165   -1.0 414.128963  1.729516
sounding_061_097       47.2343   15.1459   -1.0 414.176464 -0.174166
sounding_061_098       47.2486   15.4755   -1.0 414.117109  0.780825
sounding_061_099       47.2620   15.8053   -1.0 413.864121  0.779782
sounding_061_100       47.2744   16.1352   -1.0 413.463794 -0.376692
sounding_061_101       47.2857   16.4654   -1.0 413.018451 -1.001245
sounding_062_091       47.3502   13.1420   -1.0 413.951353 -0.275186
sounding_062_092       47.3707   13.4717   -1.0 413.893269 -0.559236
sounding_062_093       47.3902   13.8016   -1.0 413.820309  0.096477
sounding_062_094       47.4087   14.1319   -1.0 413.793600 -0.797597
sounding_062_095       47.4261   14.4623   -1.0 413.878538  2.061388
sounding_062_096       47.4426   14.7930   -1.0 413.972678  0.002903
sounding_062_097       47.4580   15.1239   -1.0 414.022071  0.241884
sounding_062_098       47.4725   15.4550   -1.0 414.114597  0.389086
sounding_062_099       47.4859   15.7863   -1.0 414.117697  1.248637
sounding_062_100       47.4983   16.1177   -1.0 413.809976 -0.678668
sounding_062_101       47.5097   16.4493   -1.0 413.276338  0.124860
sounding_063_092       47.5941   13.4420   -1.0 413.828399  1.112912
sounding_063_093       47.6137   13.7735   -1.0 413.717490 -0.363628
sounding_063_094       47.6322   14.1052   -1.0 413.687559 -2.068708
sounding_063_095       47.6498   14.4371   -1.0 413.782383  2.756524
sounding_063_096       47.6663   14.7693   -1.0 413.854843 -0.300687
sounding_063_097       47.6819   15.1017   -1.0 413.836685 -2.225549
sounding_063_098       47.6964   15.4343   -1.0 413.889356 -0.493559
sounding_063_099       47.7099   15.7671   -1.0 414.035941 -0.885424
sounding_063_100       47.7223   16.1000   -1.0 413.991905  1.204113
sounding_063_101       47.7338   16.4331   -1.0 413.689318  1.252554
sounding_064_092       47.8175   13.4121   -1.0 413.911799 -1.989686
sounding_064_093       47.8372   13.7450   -1.0 413.781704  0.179863
sounding_064_094       47.8559   14.0782   -1.0 413.722297  1.831807
sounding_064_095       47.8735   14.4117   -1.0 413.769049  0.157961
sounding_064_096       47.8901   14.7454   -1.0 413.803531 -1.131527
sounding_064_097       47.9057   15.0793   -1.0 413.740888  0.250928
sounding_064_098       47.9203   15.4134   -1.0 413.695790 -0.556715
sounding_064_099       47.9339   15.7477   -1.0 413.807761 -0.854096
sounding_064_100       47.9464   16.0821   -1.0 413.958668 -2.563764
sounding_064_101       47.9579   16.4168   -1.0 413.905682  1.183854
sounding_064_102       47.9684   16.7516   -1.0 413.698902  0.133067
sounding_065_093       48.0608   13.7163   -1.0 414.013582  0.745085
sounding_065_094       48.0796   14.0511   -1.0 413.851814 -1.033535
sounding_065_095       48.0973   14.3860   -1.0 413.723116 -1.408893
sounding_065_096       48.1140   14.7212   -1.0 413.624516 -0.874890
sounding_065_097       48.1297   15.0566   -1.0 413.528686 -1.397360
sounding_065_098       48.1443   15.3923   -1.0 413.521758  0.312682
sounding_065_099       48.1579   15.7281   -1.0 413.675310  0.182496
sounding_065_100       48.1705   16.0641   -1.0 413.853934 -0.610376
sounding_065_101       48.1821   16.4003   -1.0 413.884814 -0.364827
sounding_065_102       48.1926   16.7366   -1.0 413.779198  0.772917
sounding_066_093       48.2844   13.6874   -1.0 414.195883 -0.187060
sounding_066_094       48.3033   14.0236   -1.0 413.855354  1.718952
sounding_066_095       48.3211   14.3601   -1.0 413.633057 -0.086762
sounding_066_096       48.3379   14.6968   -1.0 413.532444  0.867725
sounding_066_097       48.3537   15.0338   -1.0 413.455449 -1.225533
sounding_066_098       48.3684   15.3710   -1.0 413.458627  0.471230
sounding_066_099       48.3820   15.7084   -1.0 413.590439 -0.975911
sounding_066_100       48.3947   16.0459   -1.0 413.713289 -0.136183
sounding_066_101       48.4063   16.3836   -1.0 413.758851 -1.282247
sounding_066_102       48.4169   16.7215   -1.0 413.758449 -0.343380
sounding_067_093       48.5081   13.6581   -1.0 414.198944 -1.745115
sounding_067_094       48.5271   13.9959   -1.0 413.841377  0.763746
sounding_067_095       48.5450   14.3340   -1.0 413.752405 -0.365205
sounding_067_096       48.5618   14.6723   -1.0 413.798613  1.548312
sounding_067_097       48.5777   15.0108   -1.0 413.784174 -0.738267
sounding_067_098       48.5925   15.3495   -1.0 413.642130  0.109874
sounding_067_099       48.6062   15.6884   -1.0 413.548277  0.745660
sounding_067_100       48.6189   16.0276   -1.0 413.571873  0.591617
sounding_067_101       48.6306   16.3668   -1.0 413.640450  0.601166
sounding_067_102       48.6412   16.7063   -1.0 413.731802 -2.066191
sounding_067_103       48.6508   17.0459   -1.0 413.827307 -1.007360
sounding_068_094       48.7509   13.9680   -1.0 414.072393  0.395246
sounding_068_095       48.7689   14.3076   -1.0 414.042097 -1.339306
sounding_068_096       48.7858   14.6474   -1.0 414.100813  0.275428
sounding_068_097       48.8017   14.9875   -1.0 414.164605 -0.393458
sounding_068_098       48.8166   15.3278   -1.0 414.056620  0.607281
sounding_068_099       48.8304   15.6683   -1.0 413.786272  2.118826
sounding_068_100       48.8432   16.0090   -1.0 413.602933 -1.214513
sounding_068_101       48.8549   16.3499   -1.0 413.614055 -0.572231
sounding_068_102       48.8656   16.6909   -1.0 413.707605 -0.904868
sounding_068_103       48.8752   17.0321   -1.0 413.853998  0.941518
sounding_069_094       48.9747   13.9398   -1.0 414.474911 -0.040118
sounding_069_095       48.9928   14.2810   -1.0 414.329079  1.377396
sounding_069_096       49.0098   14.6224   -1.0 414.234161 -0.368557
sounding_069_097       49.0258   14.9641   -1.0 414.317849  0.833704
sounding_069_098       49.0407   15.3059   -1.0 414.452636  1.036995
sounding_069_099       49.0546   15.6480   -1.0 414.350898 -1.079986
sounding_069_100       49.0675   15.9903   -1.0 413.995777  1.568272
sounding_069_101       49.0793   16.3328   -1.0 413.746025  0.682819
sounding_069_102       49.0900   16.6754   -1.0 413.701684  0.860622
sounding_069_103       49.0997   17.0182   -1.0 413.747667 -0.513432
sounding_070_094       49.1986   13.9113   -1.0 414.864539 -0.092907
sounding_070_095       49.2168   14.2541   -1.0 414.752999  0.684910
sounding_070_096       49.2339   14.5971   -1.0 414.492609  1.823308
sounding_070_097       49.2499   14.9404   -1.0 414.411892 -1.382005
sounding_070_098       49.2649   15.2838   -1.0 414.648189  2.473219
sounding_070_099       49.2789   15.6275   -1.0 414.970577 -0.081327
sounding_070_100       49.2918   15.9714   -1.0 414.912161 -0.041812
sounding_070_101       49.3037   16.3155   -1.0 414.443779 -0.549217
sounding_070_102       49.3145   16.6597   -1.0 413.996665 -0.582647
sounding_070_103       49.3242   17.0041   -1.0 413.785309 -0.620548
sounding_070_104       49.3329   17.3486   -1.0 413.746921 -0.456096
sounding_071_095       49.4408   14.2270   -1.0 415.117307  0.449407
sounding_071_096       49.4579   14.5716   -1.0 414.944027  0.166711
sounding_071_097       49.4741   14.9164   -1.0 414.712780 -0.022761
sounding_071_098       49.4892   15.2616   -1.0 414.785097  0.731541
sounding_071_099       49.5032   15.6069   -1.0 415.371550  0.398670
sounding_071_100       49.5162   15.9524   -1.0 416.040409 -0.711886
sounding_071_101       49.5281   16.2981   -1.0 416.038512  0.358726
sounding_071_102       49.5389   16.6439   -1.0 415.409903 -0.484136
sounding_071_103       49.5487   16.9899   -1.0 414.707293 -1.809249
sounding_071_104       49.5574   17.3361   -1.0 414.162824 -1.093497
sounding_072_095       49.6648   14.1996   -1.0 415.171792  1.397934
sounding_072_096       49.6821   14.5458   -1.0 415.131592  0.454778
sounding_072_097       49.6983   14.8923   -1.0 414.954666  0.736823
sounding_072_098       49.7134   15.2390   -1.0 414.854648 -0.819749
sounding_072_099       49.7275   15.5860   -1.0 415.284291 -0.118452
sounding_072_100       49.7405   15.9331   -1.0 416.334882 -0.352936
sounding_072_101       49.7525   16.2805   -1.0 417.178536 -1.656516
sounding_072_102       49.7634   16.6279   -1.0 417.087501 -0.294877
sounding_072_103       49.7732   16.9756   -1.0 416.302134  1.025477
sounding_072_104       49.7820   17.3234   -1.0 415.404968 -1.866714
sounding_073_095       49.8888   14.1719   -1.0 415.124028 -0.314455
sounding_073_096       49.9062   14.5198   -1.0 414.967849 -0.170929
sounding_073_097       49.9225   14.8680   -1.0 414.770341 -0.179236
sounding_073_098       49.9377   15.2163   -1.0 414.519703  0.295032
sounding_073_099       49.9519   15.5649   -1.0 414.579181  0.303643
sounding_073_100       49.9650   15.9137   -1.0 415.276400  1.017244
sounding_073_101       49.9770   16.2627   -1.0 416.506299 -1.533111
sounding_073_102       49.9879   16.6118   -1.0 417.380547  0.245726
sounding_074_096       50.1303   14.4935   -1.0 414.758649  0.774584
sounding_074_097       50.1467   14.8433   -1.0 414.454537  0.261385
sounding_074_098       50.1620   15.1934   -1.0 414.040873  1.126080
sounding_074_099       50.1763   15.5436   -1.0 413.723711  2.241489
sounding_074_100       50.1894   15.8941   -1.0 413.891998 -1.307696
sounding_074_101       50.2015   16.2447   -1.0 414.900285 -0.110509
sounding_075_096       50.3545   14.4670   -1.0 414.611924  0.618136
sounding_075_097       50.3710   14.8185   -1.0 414.292372  0.631476
sounding_075_098       50.3863   15.1702   -1.0 413.828819 -0.661124
sounding_075_099       50.4006   15.5221   -1.0 413.330663 -0.865950
sounding_075_100       50.4139   15.8743   -1.0 413.259204 -0.787194
sounding_076_096       50.5787   14.4403   -1.0 414.567027 -0.700997
sounding_076_097       50.5952   14.7934   -1.0 414.306143 -0.973338
sounding_076_098       50.6107   15.1468   -1.0 413.899013 -1.159803
sounding_076_099       50.6250   15.5005   -1.0 413.434840 -0.370647
sounding_076_104       50.6806   17.2714   -1.0 416.476233  0.385057
sounding_076_105       50.6884   17.6261   -1.0 416.939957 -1.138188
sounding_076_106       50.6952   17.9808   -1.0 417.112636 -0.075898
sounding_077_097       50.8195   14.7681   -1.0 414.374794  2.097089
sounding_077_098       50.8350   15.1232   -1.0 413.972798  0.545432
sounding_077_099       50.8494   15.4786   -1.0 413.550826  1.993741
sounding_077_100       50.8628   15.8341   -1.0 413.291945 -0.290034
sounding_077_103       50.8963   16.9019   -1.0 414.674074 -0.220963
sounding_077_104       50.9053   17.2581   -1.0 415.523443  1.533860
sounding_077_105       50.9132   17.6145   -1.0 416.297189  0.267062
sounding_077_106       50.9200   17.9710   -1.0 417.104120 -1.087696
sounding_078_097       51.0438   14.7425   -1.0 414.442535 -0.607009
sounding_078_098       51.0594   15.0994   -1.0 413.987246 -0.063051
sounding_078_099       51.0739   15.4564   -1.0 413.465288 -0.248634
sounding_078_100       51.0873   15.8137   -1.0 413.175548  0.150214
sounding_078_101       51.0996   16.1712   -1.0 413.276161  1.062569
sounding_078_102       51.1108   16.5289   -1.0 413.658295 -0.172630
sounding_078_103       51.1210   16.8867   -1.0 414.099426 -0.211273
sounding_078_104       51.1300   17.2447   -1.0 414.496440 -0.298169
sounding_078_105       51.1379   17.6028   -1.0 415.053723 -0.122714
sounding_078_106       51.1447   17.9610   -1.0 416.077430 -0.171837
sounding_079_097       51.2680   14.7167   -1.0 414.492947 -0.664746
sounding_079_098       51.2837   15.0753   -1.0 414.017613 -0.878672
sounding_079_099       51.2983   15.4341   -1.0 413.363218 -0.450149
sounding_079_100       51.3118   15.7931   -1.0 412.950033  1.015853
sounding_079_101       51.3242   16.1523   -1.0 413.049351  0.362366
sounding_079_102       51.3354   16.5118   -1.0 413.480214 -0.947061
sounding_079_103       51.3456   16.8714   -1.0 413.882408 -0.270486
sounding_079_104       51.3547   17.2311   -1.0 414.049966 -0.053713
sounding_079_105       51.3626   17.5910   -1.0 414.121307 -1.168154
sounding_079_106       51.3695   17.9510   -1.0 414.647484  0.332895
sounding_079_107       51.3752   18.3111   -1.0 415.872600  0.059847
sounding_080_098       51.5081   15.0510   -1.0 414.033743 -0.304607
sounding_080_099       51.5227   15.4115   -1.0 413.316202 -0.557092
sounding_080_100       51.5363   15.7723   -1.0 412.820964  1.870343
sounding_080_101       51.5487   16.1333   -1.0 412.866223  0.026000
sounding_080_102       51.5600   16.4945   -1.0 413.264604  1.134870
sounding_080_103       51.5703   16.8559   -1.0 413.675861  1.798052
sounding_080_104       51.5794   17.2174   -1.0 413.888249 -1.041366
sounding_080_105       51.5874   17.5791   -1.0 413.777715 -1.756851
sounding_080_106       51.5943   17.9409   -1.0 413.730028  1.705714
sounding_080_107       51.6000   18.3027   -1.0 414.369138 -0.744986
sounding_081_098       51.7324   15.0264   -1.0 413.930204  0.339944
sounding_081_099       51.7471   15.3888   -1.0 413.252284 -0.154358
sounding_081_100       51.7608   15.7513   -1.0 412.786544 -0.388607
sounding_081_101       51.7733   16.1141   -1.0 412.788448  0.386063
sounding_081_102       51.7846   16.4771   -1.0 413.089373 -0.293212
sounding_081_103       51.7949   16.8403   -1.0 413.398390  1.157721
sounding_081_104       51.8041   17.2036   -1.0 413.579115 -1.865488
sounding_081_105       51.8121   17.5670   -1.0 413.543851  0.043691
sounding_081_106       51.8190   17.9306   -1.0 413.440988 -0.224292
sounding_081_107       51.8248   18.2943   -1.0 413.575311 -1.749385
sounding_082_098       51.9567   15.0016   -1.0 413.714098  1.107454
sounding_082_099       51.9716   15.3658   -1.0 413.135701 -0.185077
sounding_082_100       51.9852   15.7301   -1.0 412.791662 -0.010031
sounding_082_101       51.9978   16.0947   -1.0 412.793994 -0.266415
sounding_082_102       52.0093   16.4595   -1.0 412.972668 -1.014365
sounding_082_103       52.0196   16.8245   -1.0 413.073779  0.982871
sounding_082_104       52.0288   17.1896   -1.0 413.056539  0.938195
sounding_082_105       52.0369   17.5549   -1.0 413.033238  0.490995
sounding_082_106       52.0438   17.9203   -1.0 413.164967 -1.077882
sounding_083_099       52.1960   15.3425   -1.0 413.014624 -0.484432
sounding_083_100       52.2097   15.7087   -1.0 412.794519  0.201009
sounding_083_101       52.2223   16.0751   -1.0 412.808213  0.305607
sounding_083_102       52.2338   16.4417   -1.0 412.841553 -0.626547
sounding_083_103       52.2442   16.8085   -1.0 412.683718  2.078775
sounding_083_104       52.2535   17.1755   -1.0 412.397777 -0.055922
sounding_083_105       52.2616   17.5426   -1.0 412.300207 -0.385758
sounding_084_099       52.4203   15.3190   -1.0 412.915027 -0.418555
sounding_084_100       52.4342   15.6871   -1.0 412.775785 -0.837150
sounding_084_101       52.4468   16.0553   -1.0 412.739384  0.648699
sounding_084_102       52.4584   16.4238   -1.0 412.624367 -0.158768
sounding_084_103       52.4689   16.7924   -1.0 412.322727 -0.209040
sounding_084_104       52.4781   17.1612   -1.0 411.953331 -0.306910
sounding_084_105       52.4863   17.5302   -1.0 411.748787  0.517007
sounding_085_099       52.6447   15.2953   -1.0 412.859036  0.394614
sounding_085_100       52.6586   15.6652   -1.0 412.753003 -0.073970
sounding_085_101       52.6714   16.0353   -1.0 412.636192 -0.650270
sounding_085_102       52.6830   16.4056   -1.0 412.412227  0.430550
sounding_085_103       52.6935   16.7762   -1.0 412.134746 -1.654732
sounding_085_104       52.7028   17.1468   -1.0 411.866322  1.412782
sounding_086_100       52.8830   15.6432   -1.0 412.799210 -0.307706
sounding_086_101       52.8958   16.0151   -1.0 412.613437 -0.234076
sounding_086_102       52.9075   16.3873   -1.0 412.346850  0.474080
sounding_087_100       53.1074   15.6209   -1.0 412.970823 -0.890297
sounding_087_101       53.1203   15.9947   -1.0 412.764513  1.021859
sounding_087_102       53.1320   16.3688   -1.0 412.542566  0.630831
sounding_088_100       53.3318   15.5983   -1.0 413.261171  1.146903
sounding_088_101       53.3447   15.9741   -1.0 413.047129  1.901454
sounding_093_106       54.5150   17.7992   -1.0 413.355816 -0.214571
sounding_093_107       54.5212   18.1859   -1.0 413.246283  0.751462
sounding_094_106       54.7394   17.7875   -1.0 413.093365 -0.658326
sounding_094_107       54.7456   18.1763   -1.0 412.908275  0.499347
sounding_094_112       54.7587   20.1214   -1.0 411.641325 -1.008689
sounding_103_115       56.7700   21.3534   -1.0 414.541810  1.083057
sounding_104_115       56.9939   21.3610   -1.0 414.415901 -0.078780
sounding_105_108       57.2160   18.4760   -1.0 413.790007 -0.265786
sounding_106_108       57.4396   18.4673   -1.0 413.762808  1.501015
sounding_106_116       57.4364   21.7919   -1.0 414.005880  0.476638
sounding_107_108       57.6632   18.4586   -1.0 413.848267  0.164350
sounding_110_117       58.3237   22.2585   -1.0 413.434564 -1.849529
sounding_113_118       58.9849   22.7310   -1.0 413.777173  0.610128
sounding_118_118       60.0969   22.8142   -1.0 413.974855 -1.215178
sounding_118_119       60.0876   23.2595   -1.0 414.012251 -2.828631
sounding_118_120       60.0771   23.7046   -1.0 414.009348  0.146349
sounding_119_117       60.3268   22.3832   -1.0 413.930086 -0.258630
sounding_119_118       60.3188   22.8315   -1.0 413.953686  0.473816
sounding_119_119       60.3096   23.2795   -1.0 413.975267  0.685651
sounding_119_120       60.2989   23.7273   -1.0 413.969864  0.224735
sounding_120_116       60.5552   21.9468   -1.0 413.974576 -1.955914
sounding_120_117       60.5486   22.3980   -1.0 413.925320 -1.497432
sounding_120_118       60.5407   22.8489   -1.0 413.927351  1.343705
sounding_120_119       60.5314   23.2997   -1.0 413.945028  0.595353
sounding_120_120       60.5207   23.7503   -1.0 413.940304  1.725555
sounding_121_115       60.7822   21.5047   -1.0 414.111979  0.977607
sounding_121_116       60.7770   21.9589   -1.0 413.995523 -1.205958
sounding_121_117       60.7704   22.4128   -1.0 413.926482 -0.952729
sounding_121_118       60.7623   22.8666   -1.0 413.910559 -0.356405
sounding_121_119       60.7530   23.3202   -1.0 413.912555 -1.632189
sounding_121_120       60.7422   23.7735   -1.0 413.912486  0.786512
sounding_122_115       61.0039   21.5141   -1.0 414.137695 -0.986529
sounding_122_116       60.9986   21.9711   -1.0 414.022861 -0.241587
sounding_122_117       60.9919   22.4279   -1.0 413.946604 -1.289583
sounding_122_118       60.9839   22.8846   -1.0 413.914017  1.468529
sounding_122_119       60.9744   23.3409   -1.0 413.891235  0.196134
sounding_122_120       60.9636   23.7971   -1.0 413.878476 -0.325475
sounding_122_121       60.9514   24.2529   -1.0 413.869798 -0.428970
sounding_123_115       61.2253   21.5236   -1.0 414.170914  1.234824
sounding_123_116       61.2200   21.9835   -1.0 414.057554  1.363714
sounding_123_117       61.2133   22.4432   -1.0 413.978389  0.817367
sounding_123_118       61.2052   22.9027   -1.0 413.927186  1.044919
sounding_123_119       61.1957   23.3619   -1.0 413.884655  0.088803
sounding_123_120       61.1849   23.8209   -1.0 413.858163  0.411997
sounding_124_116       61.4413   21.9961   -1.0 414.092815  0.047785
sounding_124_117       61.4346   22.4586   -1.0 414.014625 -0.234738
sounding_124_118       61.4264   22.9211   -1.0 413.954246  1.736251
sounding_124_119       61.4169   23.3832   -1.0 413.903413  2.351425
sounding_124_120       61.4059   23.8451   -1.0 413.858027  0.938476
sounding_125_116       61.6624   22.0088   -1.0 414.124123  0.480828
sounding_125_117       61.6556   22.4743   -1.0 414.039331  0.460015
sounding_125_118       61.6474   22.9396   -1.0 413.977908 -0.610556
sounding_125_119       61.6378   23.4047   -1.0 413.928961  1.204457
sounding_125_120       61.6268   23.8696   -1.0 413.875605 -0.563249
sounding_125_121       61.6144   24.3341   -1.0 413.821333 -0.342322
sounding_126_115       61.8887   21.5530   -1.0 414.285095  0.286950
sounding_126_116       61.8833   22.0217   -1.0 414.163291 -1.658671
sounding_126_117       61.8765   22.4902   -1.0 414.068997 -1.631534
sounding_126_118       61.8683   22.9585   -1.0 413.988416 -2.095940
sounding_126_119       61.8586   23.4265   -1.0 413.936497 -0.675780
sounding_126_120       61.8476   23.8943   -1.0 413.887295  0.383173
sounding_126_121       61.8351   24.3618   -1.0 413.825980  0.117333
sounding_127_115       62.1095   21.5630   -1.0 414.339222  0.634992
sounding_127_116       62.1041   22.0347   -1.0 414.213922 -0.469948
sounding_127_117       62.0972   22.5062   -1.0 414.107811  1.230926
sounding_127_118       62.0889   22.9776   -1.0 414.004424  0.940944
sounding_127_119       62.0792   23.4486   -1.0 413.934026  0.561215
sounding_127_120       62.0681   23.9194   -1.0 413.888124  0.068721
sounding_127_121       62.0556   24.3899   -1.0 413.830783  0.322770
sounding_127_122       62.0416   24.8600   -1.0 413.761661  0.013036
sounding_128_115       62.3301   21.5731   -1.0 414.398702 -0.884841
sounding_128_116       62.3246   22.0479   -1.0 414.273233 -1.665713
sounding_128_117       62.3177   22.5225   -1.0 414.158576 -1.074557
sounding_128_118       62.3094   22.9969   -1.0 414.041119  1.235223
sounding_128_119       62.2997   23.4710   -1.0 413.948567 -0.996270
sounding_128_120       62.2885   23.9448   -1.0 413.891149  0.049147
sounding_128_121       62.2759   24.4183   -1.0 413.847094  0.122835
sounding_128_122       62.2618   24.8915   -1.0 413.797137 -0.179383
sounding_129_115       62.5505   21.5834   -1.0 414.460711 -0.618802
sounding_129_116       62.5450   22.0613   -1.0 414.339174 -0.609154
sounding_129_117       62.5381   22.5390   -1.0 414.223764  0.031492
sounding_129_118       62.5297   23.0164   -1.0 414.093591  0.491356
sounding_129_119       62.5199   23.4937   -1.0 413.972498 -0.446741
sounding_129_120       62.5087   23.9706   -1.0 413.898431  0.190550
sounding_129_121       62.4960   24.4472   -1.0 413.865632  0.433135
sounding_129_122       62.4819   24.9234   -1.0 413.840231  1.721915
sounding_130_115       62.7707   21.5939   -1.0 414.541609  0.701483
sounding_130_116       62.7652   22.0749   -1.0 414.412257  0.084639
sounding_130_117       62.7582   22.5557   -1.0 414.294156  0.591732
sounding_130_118       62.7498   23.0363   -1.0 414.157033  0.209513
sounding_130_119       62.7399   23.5166   -1.0 414.015560 -0.326027
sounding_130_120       62.7286   23.9967   -1.0 413.917608  0.263676
sounding_130_121       62.7159   24.4764   -1.0 413.882498 -0.535450
sounding_130_122       62.7017   24.9557   -1.0 413.877781 -0.580321
sounding_131_115       62.9907   21.6044   -1.0 414.647004 -1.088743
sounding_131_116       62.9852   22.0886   -1.0 414.497087 -0.865443
sounding_131_117       62.9782   22.5726   -1.0 414.370894  0.645376
sounding_131_118       62.9697   23.0564   -1.0 414.234482 -0.853043
sounding_131_119       62.9598   23.5399   -1.0 414.081504  1.029676
sounding_131_120       62.9484   24.0231   -1.0 413.951661 -1.071031
sounding_131_121       62.9356   24.5059   -1.0 413.891103 -0.794650
sounding_131_122       62.9213   24.9884   -1.0 413.884723  1.160412
sounding_131_123       62.9056   25.4705   -1.0 413.880733 -1.424044
sounding_132_116       63.2050   22.1025   -1.0 414.598964  0.229739
sounding_132_117       63.1979   22.5897   -1.0 414.453902 -1.036883
sounding_132_118       63.1894   23.0768   -1.0 414.316435  0.017273
sounding_132_119       63.1794   23.5635   -1.0 414.161471 -0.322710
sounding_132_120       63.1680   24.0499   -1.0 414.008731  0.659524
sounding_132_121       63.1551   24.5359   -1.0 413.906537 -0.370223
sounding_132_122       63.1407   25.0216   -1.0 413.871371  0.415709
sounding_132_123       63.1249   25.5068   -1.0 413.877825  0.381827
sounding_133_117       63.4175   22.6072   -1.0 414.546249 -0.357091
sounding_133_118       63.4089   23.0974   -1.0 414.396050 -1.298575
sounding_133_119       63.3989   23.5874   -1.0 414.247808  0.186107
sounding_133_120       63.3874   24.0770   -1.0 414.091798  0.241867
sounding_133_121       63.3744   24.5663   -1.0 413.953405  0.350738
sounding_133_122       63.3599   25.0552   -1.0 413.873600 -0.149567
sounding_133_123       63.3440   25.5436   -1.0 413.860485  1.557518
sounding_133_124       63.3267   26.0316   -1.0 413.878008 -1.827302
sounding_134_117       63.6368   22.6248   -1.0 414.657088  0.729366
sounding_134_118       63.6282   23.1183   -1.0 414.486635  1.684690
sounding_134_119       63.6181   23.6116   -1.0 414.336787 -0.134060
sounding_134_120       63.6065   24.1045   -1.0 414.189040  0.289445
sounding_134_121       63.5935   24.5971   -1.0 414.038943 -1.021383
sounding_134_122       63.5789   25.0893   -1.0 413.908559 -1.537705
sounding_134_123       63.5630   25.5810   -1.0 413.849412  2.119899
sounding_134_124       63.5455   26.0722   -1.0 413.860342 -1.393074
sounding_135_118       63.8473   23.1395   -1.0 414.596385  1.117515
sounding_135_119       63.8371   23.6361   -1.0 414.432700  0.194863
sounding_135_120       63.8255   24.1324   -1.0 414.294849  1.500433
sounding_135_121       63.8124   24.6283   -1.0 414.151671  0.492335
sounding_135_122       63.7977   25.1238   -1.0 413.995766  0.266308
sounding_135_123       63.7816   25.6188   -1.0 413.882570 -0.616033
sounding_135_124       63.7641   26.1133   -1.0 413.860102 -0.824765
sounding_135_125       63.7450   26.6073   -1.0 413.897248  1.462975
sounding_136_119       64.0559   23.6610   -1.0 414.548438  0.659600
sounding_136_120       64.0442   24.1607   -1.0 414.407182  0.599622
sounding_136_121       64.0310   24.6600   -1.0 414.273860 -0.868207
sounding_136_122       64.0163   25.1588   -1.0 414.122777  0.276741
sounding_136_123       64.0001   25.6572   -1.0 413.982239  0.681241
sounding_136_124       63.9824   26.1550   -1.0 413.907628 -0.446160
sounding_136_125       63.9633   26.6523   -1.0 413.913626 -1.578241
sounding_137_120       64.2627   24.1893   -1.0 414.534951  1.106035
sounding_137_121       64.2494   24.6920   -1.0 414.395270  0.045484
sounding_137_122       64.2346   25.1943   -1.0 414.263678  0.423594
sounding_137_123       64.2184   25.6961   -1.0 414.122799  1.073248
sounding_137_124       64.2006   26.1973   -1.0 414.008703  0.027170
sounding_137_125       64.1813   26.6979   -1.0 413.962356 -1.180190
sounding_137_126       64.1605   27.1980   -1.0 413.968528  1.850159
sounding_138_120       64.4810   24.2184   -1.0 414.685712  0.477962
sounding_138_121       64.4676   24.7246   -1.0 414.534761 -0.196970
sounding_138_122       64.4527   25.2303   -1.0 414.405633 -0.536311
sounding_138_123       64.4364   25.7355   -1.0 414.275178 -0.341180
sounding_138_124       64.4185   26.2402   -1.0 414.144273  1.212996
sounding_138_125       64.3991   26.7442   -1.0 414.050641 -0.279450
sounding_139_121       64.6856   24.7575   -1.0 414.694654  0.336313
sounding_139_122       64.6706   25.2667   -1.0 414.557797 -0.399965
sounding_139_123       64.6541   25.7755   -1.0 414.425737  0.210935
sounding_139_124       64.6362   26.2836   -1.0 414.294306  0.546193
sounding_139_125       64.6167   26.7912   -1.0 414.174601 -0.279848
sounding_139_126       64.5956   27.2980   -1.0 414.094914 -1.287104
sounding_140_122       64.8882   25.3037   -1.0 414.720920 -0.434463
sounding_140_123       64.8717   25.8160   -1.0 414.594248  0.348410
sounding_140_124       64.8536   26.3277   -1.0 414.462523 -0.520221
sounding_140_125       64.8340   26.8388   -1.0 414.339181 -0.130714
sounding_140_126       64.8128   27.3492   -1.0 414.231527 -0.612559
sounding_140_127       64.7902   27.8588   -1.0 414.152002 -1.515405
sounding_141_123       65.0890   25.8571   -1.0 414.763959 -1.087971
sounding_141_124       65.0708   26.3724   -1.0 414.653894  1.270667
sounding_141_125       65.0510   26.8870   -1.0 414.528058 -0.728330
sounding_141_126       65.0298   27.4009   -1.0 414.403948  0.217967
sounding_141_127       65.0070   27.9141   -1.0 414.294564  0.695385
sounding_142_122       65.3227   25.3793   -1.0 414.967657  1.622726
sounding_142_123       65.3060   25.8988   -1.0 414.909005 -0.433120
sounding_142_124       65.2877   26.4177   -1.0 414.833016 -1.292847
sounding_142_125       65.2678   26.9359   -1.0 414.726358 -0.678350
sounding_142_126       65.2464   27.4535   -1.0 414.600384 -0.318093
sounding_142_127       65.2235   27.9703   -1.0 414.467020  1.272477
sounding_143_122       65.5396   25.4179   -1.0 415.065507  0.397073
sounding_143_123       65.5228   25.9411   -1.0 415.015445 -1.378468
sounding_143_124       65.5044   26.4637   -1.0 414.965152 -0.445505
sounding_143_125       65.4844   26.9856   -1.0 414.892503 -0.900668
sounding_143_126       65.4629   27.5068   -1.0 414.784016  1.358668
sounding_143_127       65.4398   28.0272   -1.0 414.651682 -1.241718
sounding_143_128       65.4152   28.5468   -1.0 414.512115 -2.502810
sounding_144_120       65.7855   24.4015   -1.0 415.161355  0.850079
sounding_144_121       65.7717   24.9295   -1.0 415.176941  0.315636
sounding_144_122       65.7563   25.4570   -1.0 415.140788 -0.007318
sounding_144_123       65.7393   25.9840   -1.0 415.087919  2.886883
sounding_144_124       65.7208   26.5103   -1.0 415.042115  0.513639
sounding_144_125       65.7007   27.0359   -1.0 414.994704 -1.398529
sounding_144_126       65.6790   27.5608   -1.0 414.925058 -0.330779
sounding_144_127       65.6558   28.0850   -1.0 414.826578  0.809019
sounding_144_128       65.6311   28.6083   -1.0 414.702582  0.379246
sounding_145_118       66.0252   23.3685   -1.0 414.971750 -2.289376
sounding_145_119       66.0144   23.9013   -1.0 415.031855 -1.009363
sounding_145_120       66.0020   24.4336   -1.0 415.105224 -0.403748
sounding_145_121       65.9881   24.9654   -1.0 415.163114  0.243062
sounding_145_122       65.9726   25.4967   -1.0 415.171839  1.743189
sounding_145_123       65.9555   26.0275   -1.0 415.134428  0.570285
sounding_145_124       65.9369   26.5576   -1.0 415.087872  0.918691
sounding_145_125       65.9167   27.0870   -1.0 415.057544  0.173854
sounding_145_126       65.8949   27.6157   -1.0 415.027003 -1.430705
sounding_145_127       65.8716   28.1435   -1.0 414.970021  0.847106
sounding_145_128       65.8467   28.6705   -1.0 414.883683 -0.400035
sounding_146_119       66.2307   23.9299   -1.0 414.985079  1.032141
sounding_146_120       66.2183   24.4661   -1.0 415.047427  1.813352
sounding_146_121       66.2043   25.0018   -1.0 415.121268 -0.848774
sounding_146_122       66.1887   25.5371   -1.0 415.165256  1.334916
sounding_146_123       66.1715   26.0716   -1.0 415.158317 -0.746125
sounding_146_124       66.1528   26.6056   -1.0 415.128699 -0.555899
sounding_146_125       66.1324   27.1388   -1.0 415.111487 -1.688767
sounding_146_126       66.1105   27.6713   -1.0 415.103242  0.008992
sounding_146_127       66.0871   28.2029   -1.0 415.084974 -0.103493
sounding_146_128       66.0620   28.7337   -1.0 415.039031  0.452819
sounding_147_119       66.4468   23.9590   -1.0 414.949402  1.240077
sounding_147_120       66.4343   24.4992   -1.0 414.997171  1.088669
sounding_147_121       66.4202   25.0388   -1.0 415.069681 -0.585573
sounding_147_122       66.4045   25.5779   -1.0 415.140347 -0.398299
sounding_147_123       66.3872   26.1164   -1.0 415.171836  1.772441
sounding_147_124       66.3684   26.6543   -1.0 415.166765 -1.817011
sounding_147_125       66.3479   27.1914   -1.0 415.154917  0.134488
sounding_147_126       66.3259   27.7277   -1.0 415.148708  0.533472
sounding_147_127       66.3023   28.2632   -1.0 415.149807 -1.045996
sounding_147_128       66.2771   28.7979   -1.0 415.143344 -0.957117
sounding_147_129       66.2503   29.3315   -1.0 415.104953 -1.167791
sounding_148_119       66.6626   23.9885   -1.0 414.923110 -1.211321
sounding_148_120       66.6500   24.5327   -1.0 414.959127  1.202508
sounding_148_121       66.6359   25.0763   -1.0 415.023195  1.302022
sounding_148_122       66.6201   25.6194   -1.0 415.103400 -1.478596
sounding_148_123       66.6027   26.1619   -1.0 415.167210 -0.342108
sounding_148_124       66.5837   26.7037   -1.0 415.197923 -0.256161
sounding_148_125       66.5631   27.2447   -1.0 415.195972  0.629488
sounding_148_126       66.5409   27.7850   -1.0 415.178932  0.184880
sounding_148_127       66.5172   28.3244   -1.0 415.172350  0.263984
sounding_148_128       66.4918   28.8629   -1.0 415.185503  0.498841
sounding_148_129       66.4649   29.4004   -1.0 415.188965 -0.228713
sounding_149_120       66.8655   24.5667   -1.0 414.931276 -0.988488
sounding_149_121       66.8512   25.1144   -1.0 414.981958  0.952693
sounding_149_122       66.8353   25.6615   -1.0 415.051799 -1.373305
sounding_149_123       66.8178   26.2080   -1.0 415.129821  0.810282
sounding_149_124       66.7987   26.7538   -1.0 415.191548 -1.262586
sounding_149_125       66.7780   27.2989   -1.0 415.220199 -0.626575
sounding_149_126       66.7557   27.8431   -1.0 415.205373 -0.267892
sounding_149_127       66.7318   28.3865   -1.0 415.178017 -0.217505
sounding_149_128       66.7063   28.9290   -1.0 415.184456 -0.166662
sounding_149_129       66.6792   29.4704   -1.0 415.212408  1.187578
sounding_150_120       67.0806   24.6012   -1.0 414.913618 -0.041920
sounding_150_121       67.0663   25.1531   -1.0 414.942080  0.194123
sounding_150_122       67.0503   25.7043   -1.0 414.993593  1.445047
sounding_150_123       67.0327   26.2549   -1.0 415.068250 -0.761280
sounding_150_124       67.0134   26.8047   -1.0 415.150745  0.877441
sounding_150_125       66.9926   27.3539   -1.0 415.208441 -0.471914
sounding_150_126       66.9702   27.9022   -1.0 415.217248  0.675509
sounding_150_127       66.9461   28.4495   -1.0 415.188197  0.334504
sounding_150_128       66.9204   28.9960   -1.0 415.175685  0.692131
sounding_150_129       66.8932   29.5414   -1.0 415.198168 -1.291583
sounding_150_130       66.8643   30.0858   -1.0 415.219888 -1.686458
sounding_151_120       67.2955   24.6363   -1.0 414.917399 -0.278490
sounding_151_121       67.2810   25.1923   -1.0 414.922735  3.586782
sounding_151_122       67.2649   25.7477   -1.0 414.953217 -0.198628
sounding_151_123       67.2472   26.3024   -1.0 415.013361  1.224340
sounding_151_124       67.2279   26.8564   -1.0 415.093900  0.604923
sounding_151_125       67.2069   27.4097   -1.0 415.162056 -0.747819
sounding_151_126       67.1843   27.9620   -1.0 415.200098 -1.864214
sounding_151_127       67.1601   28.5135   -1.0 415.198624  0.409117
sounding_151_128       67.1343   29.0640   -1.0 415.183891  0.261296
sounding_151_129       67.1069   29.6135   -1.0 415.183357 -0.618852
sounding_151_130       67.0778   30.1618   -1.0 415.196758  1.438048
sounding_152_120       67.5101   24.6719   -1.0 414.937001  0.742864
sounding_152_121       67.4955   25.2321   -1.0 414.927347  1.162850
sounding_152_122       67.4793   25.7918   -1.0 414.934965  0.170974
sounding_152_123       67.4615   26.3507   -1.0 414.973776  1.178805
sounding_152_124       67.4420   26.9089   -1.0 415.033276 -0.677316
sounding_152_125       67.4209   27.4663   -1.0 415.097101 -1.667075
sounding_152_126       67.3982   28.0229   -1.0 415.153277  0.656829
sounding_152_127       67.3738   28.5784   -1.0 415.189386  0.419196
sounding_152_128       67.3478   29.1331   -1.0 415.196239 -0.914531
sounding_152_129       67.3202   29.6866   -1.0 415.186572  0.679276
sounding_152_130       67.2910   30.2390   -1.0 415.182273 -0.030058
sounding_153_121       67.7097   25.2725   -1.0 414.943918  0.163851
sounding_153_122       67.6934   25.8365   -1.0 414.936493 -1.040830
sounding_153_123       67.6754   26.3997   -1.0 414.954082 -0.417530
sounding_153_124       67.6559   26.9622   -1.0 414.983959 -0.513276
sounding_153_125       67.6346   27.5238   -1.0 415.029023 -1.352048
sounding_153_126       67.6118   28.0846   -1.0 415.088268 -0.308115
sounding_153_127       67.5872   28.6444   -1.0 415.147390  0.696160
sounding_153_128       67.5611   29.2032   -1.0 415.186935  2.847715
sounding_153_129       67.5333   29.7609   -1.0 415.194820 -0.035038
sounding_153_130       67.5039   30.3174   -1.0 415.189876  2.104749
sounding_153_131       67.4729   30.8728   -1.0 415.180486  1.914055
sounding_154_121       67.9235   25.3137   -1.0 414.967576 -1.144998
sounding_154_122       67.9072   25.8819   -1.0 414.951151 -0.267809
sounding_154_123       67.8891   26.4495   -1.0 414.956293 -0.299886
sounding_154_124       67.8694   27.0163   -1.0 414.963859 -0.493519
sounding_154_125       67.8480   27.5822   -1.0 414.981166 -1.311988
sounding_154_126       67.8250   28.1473   -1.0 415.017171  0.137473
sounding_154_127       67.8003   28.7113   -1.0 415.072351 -1.311277
sounding_154_128       67.7740   29.2743   -1.0 415.136129 -0.910562
sounding_154_129       67.7461   29.8363   -1.0 415.181818  0.326417
sounding_154_130       67.7165   30.3970   -1.0 415.195687 -1.950402
sounding_154_131       67.6852   30.9565   -1.0 415.177047 -0.976540
sounding_155_121       68.1371   25.3554   -1.0 415.021091  0.208200
sounding_155_122       68.1206   25.9281   -1.0 414.982784 -0.369899
sounding_155_123       68.1024   26.5001   -1.0 414.975311 -0.498084
sounding_155_124       68.0826   27.0712   -1.0 414.973380  0.067210
sounding_155_125       68.0611   27.6415   -1.0 414.966022 -0.533223
sounding_155_126       68.0379   28.2109   -1.0 414.965348  0.305305
sounding_155_127       68.0131   28.7793   -1.0 414.994325 -0.553100
sounding_155_128       67.9866   29.3467   -1.0 415.057898  1.103210
sounding_155_129       67.9585   29.9128   -1.0 415.128494 -2.065632
sounding_155_130       67.9287   30.4778   -1.0 415.166599 -1.182563
sounding_155_131       67.8973   31.0416   -1.0 415.160834 -0.299125
sounding_156_122       68.3337   25.9749   -1.0 415.058711  1.280382
sounding_156_123       68.3154   26.5514   -1.0 415.012673  0.070069
sounding_156_124       68.2955   27.1270   -1.0 414.991479 -0.504093
sounding_156_125       68.2738   27.7018   -1.0 414.971343  2.117167
sounding_156_126       68.2505   28.2756   -1.0 414.948055  0.037245
sounding_156_127       68.2255   28.8484   -1.0 414.945070 -0.905369
sounding_156_128       68.1989   29.4201   -1.0 414.981348  1.617548
sounding_156_129       68.1706   29.9906   -1.0 415.043761  1.161961
sounding_156_130       68.1406   30.5599   -1.0 415.096311 -1.214672
sounding_156_131       68.1090   31.1280   -1.0 415.118241  0.530556
sounding_156_132       68.0757   31.6946   -1.0 415.110409 -2.160349
sounding_157_122       68.5465   26.0226   -1.0 415.183999  0.097315
sounding_157_123       68.5281   26.6036   -1.0 415.093460  2.009648
sounding_157_124       68.5080   27.1837   -1.0 415.022313 -1.333623
sounding_157_125       68.4863   27.7630   -1.0 414.981477  0.523672
sounding_157_126       68.4628   28.3413   -1.0 414.948654  1.508517
sounding_157_127       68.4377   28.9185   -1.0 414.928395  2.871184
sounding_157_128       68.4108   29.4947   -1.0 414.928708  1.663150
sounding_157_129       68.3823   30.0696   -1.0 414.961375 -0.336088
sounding_157_130       68.3522   30.6433   -1.0 415.012132  0.940055
sounding_157_131       68.3204   31.2157   -1.0 415.056195 -0.255562
sounding_157_132       68.2869   31.7867   -1.0 415.073976  0.851758
sounding_158_122       68.7590   26.0709   -1.0 415.301965 -0.586549
sounding_158_123       68.7405   26.6566   -1.0 415.220830 -0.643457
sounding_158_124       68.7203   27.2414   -1.0 415.100794 -0.120660
sounding_158_125       68.6984   27.8252   -1.0 415.005035  1.360898
sounding_158_126       68.6747   28.4080   -1.0 414.952792 -0.654583
sounding_158_127       68.6494   28.9898   -1.0 414.922843 -1.113115
sounding_158_128       68.6224   29.5704   -1.0 414.904884 -1.744096
sounding_158_129       68.5938   30.1498   -1.0 414.911730  0.742312
sounding_158_130       68.5634   30.7280   -1.0 414.949877 -0.411364
sounding_158_132       68.4977   31.8801   -1.0 415.024260 -0.167237
sounding_159_123       68.9525   26.7105   -1.0 415.322898  0.029153
sounding_159_124       68.9322   27.2999   -1.0 415.215138  0.467605
sounding_159_125       68.9101   27.8884   -1.0 415.069082 -0.459189
sounding_159_126       68.8863   28.4758   -1.0 414.964823  0.035537
sounding_159_127       68.8609   29.0622   -1.0 414.914115 -0.005009
sounding_159_128       68.8337   29.6474   -1.0 414.887887  0.015068
sounding_159_129       68.8048   30.2313   -1.0 414.882876 -0.271225
sounding_159_130       68.7743   30.8140   -1.0 414.905861  0.630999
sounding_159_131       68.7420   31.3953   -1.0 414.942494  0.586360
sounding_159_132       68.7081   31.9751   -1.0 414.973323 -0.789019
sounding_159_133       68.6725   32.5534   -1.0 414.994012  0.841386
sounding_160_123       69.1642   26.7652   -1.0 415.336474  0.242417
sounding_160_124       69.1437   27.3594   -1.0 415.300486  0.344284
sounding_160_125       69.1215   27.9526   -1.0 415.170254 -0.007985
sounding_160_126       69.0976   28.5447   -1.0 415.016711 -0.029124
sounding_160_127       69.0719   29.1358   -1.0 414.911634  1.221400
sounding_160_128       69.0446   29.7256   -1.0 414.860680 -0.451278
sounding_160_129       69.0155   30.3142   -1.0 414.845785 -0.204131
sounding_160_130       68.9848   30.9014   -1.0 414.861473  0.294657
sounding_160_131       68.9523   31.4872   -1.0 414.897033 -0.017145
sounding_160_132       68.9182   32.0715   -1.0 414.933184  1.829346
sounding_160_133       68.8824   32.6543   -1.0 414.960557  1.014960
sounding_161_123       69.3755   26.8208   -1.0 415.252771  1.463844
sounding_161_124       69.3549   27.4198   -1.0 415.288895 -0.328323
sounding_161_125       69.3325   28.0178   -1.0 415.234930  0.836922
sounding_161_126       69.3085   28.6148   -1.0 415.099871 -0.473489
sounding_161_127       69.2827   29.2105   -1.0 414.953610  0.172051
sounding_161_128       69.2551   29.8051   -1.0 414.853179  1.201336
sounding_161_129       69.2259   30.3984   -1.0 414.807607 -0.386367
sounding_161_130       69.1950   30.9902   -1.0 414.809094  1.359985
sounding_161_131       69.1623   31.5807   -1.0 414.842260 -0.747785
sounding_161_132       69.1279   32.1696   -1.0 414.885415  1.000876
sounding_161_133       69.0919   32.7569   -1.0 414.922850  0.181870
sounding_162_124       69.5658   27.4813   -1.0 415.169096  0.447187
sounding_162_125       69.5433   28.0842   -1.0 415.181739 -0.136533
sounding_162_126       69.5190   28.6859   -1.0 415.127224  1.930338
sounding_162_127       69.4930   29.2866   -1.0 415.011449  0.417385
sounding_162_128       69.4653   29.8859   -1.0 414.887391  0.217911
sounding_162_129       69.4359   30.4839   -1.0 414.801436  1.477489
sounding_162_130       69.4047   31.0805   -1.0 414.766925  1.766350
sounding_162_131       69.3719   31.6756   -1.0 414.775401  1.649867
sounding_162_132       69.3373   32.2692   -1.0 414.817184  1.802433
sounding_162_133       69.3010   32.8611   -1.0 414.870851 -1.368272
sounding_162_134       69.2630   33.4513   -1.0 414.902078 -1.334381
sounding_163_124       69.7763   27.5438   -1.0 415.013589 -0.602814
sounding_163_125       69.7536   28.1516   -1.0 415.027930  1.575496
sounding_163_126       69.7292   28.7583   -1.0 415.026968 -0.135971
sounding_163_127       69.7030   29.3638   -1.0 414.989203 -0.502578
sounding_163_128       69.6752   29.9680   -1.0 414.912061 -0.086840
sounding_163_129       69.6455   30.5709   -1.0 414.828037 -0.646952
sounding_163_130       69.6142   31.1723   -1.0 414.763687 -0.117669
sounding_163_131       69.5811   31.7721   -1.0 414.726099  1.042882
sounding_164_124       69.9864   27.6073   -1.0 414.889122  1.095133
sounding_164_125       69.9636   28.2202   -1.0 414.860371  0.358314
sounding_164_126       69.9390   28.8319   -1.0 414.847129  0.691183
sounding_164_127       69.9127   29.4424   -1.0 414.848389 -1.014452
sounding_164_131       69.7899   31.8702   -1.0 414.727443 -0.382309
sounding_164_132       69.7549   32.4733   -1.0 414.686975  0.574539
sounding_165_124       70.1961   27.6719   -1.0 414.811614  0.657777
sounding_165_125       70.1732   28.2899   -1.0 414.750297 -0.481831
sounding_165_126       70.1484   28.9067   -1.0 414.692212  0.239687
sounding_165_127       70.1219   29.5222   -1.0 414.663021  0.613864
sounding_166_126       70.3575   28.9828   -1.0 414.599276  0.478988
sounding_166_127       70.3308   29.6034   -1.0 414.533185 -0.945405
sounding_166_128       70.3024   30.2227   -1.0 414.523792  0.678350
sounding_167_128       70.5106   30.3105   -1.0 414.437855  0.015037
