sounding_096_018       50.2016  -14.1295   -1.0 412.697840  0.551358
sounding_103_012       50.9602  -17.1677   -1.0 412.417444 -0.885855
sounding_117_038       56.3926  -10.7244   -1.0 410.059001  0.011277
sounding_118_037       56.5047  -11.2606   -1.0 410.034627 -0.552763
sounding_118_038       56.5971  -10.8904   -1.0 409.885699 -0.113758
sounding_118_039       56.6884  -10.5185   -1.0 409.854528  0.178408
sounding_119_035       56.5196  -12.1680   -1.0 410.292973 -0.116313
sounding_119_036       56.6145  -11.7998   -1.0 410.032414 -0.799915
sounding_119_037       56.7084  -11.4298   -1.0 409.879358 -0.094007
sounding_119_038       56.8012  -11.0581   -1.0 409.822317 -0.177987
sounding_119_039       56.8930  -10.6846   -1.0 409.816436 -0.717412
sounding_119_040       56.9836  -10.3095   -1.0 409.817648 -0.928032
sounding_120_034       56.6258  -12.7098   -1.0 410.281131 -0.245102
sounding_120_035       56.7222  -12.3419   -1.0 410.046969  1.544731
sounding_120_036       56.8175  -11.9721   -1.0 409.900040  0.103142
sounding_120_037       56.9118  -11.6007   -1.0 409.820554 -1.182149
sounding_120_038       57.0051  -11.2275   -1.0 409.780516  0.310128
sounding_120_039       57.0973  -10.8525   -1.0 409.767431  2.118660
sounding_120_040       57.1884  -10.4758   -1.0 409.765741 -0.973101
sounding_120_041       57.2784  -10.0974   -1.0 409.754772 -0.559560
sounding_121_033       56.7297  -13.2544   -1.0 410.278763 -0.530521
sounding_121_034       56.8276  -12.8868   -1.0 410.087393 -0.801831
sounding_121_035       56.9244  -12.5175   -1.0 409.964556 -2.307998
sounding_121_036       57.0202  -12.1463   -1.0 409.872274  0.430469
sounding_121_037       57.1149  -11.7734   -1.0 409.791658  0.611773
sounding_121_038       57.2086  -11.3986   -1.0 409.742234 -0.070439
sounding_121_039       57.3013  -11.0221   -1.0 409.734961 -0.034571
sounding_121_040       57.3928  -10.6439   -1.0 409.744297  0.165314
sounding_121_041       57.4833  -10.2639   -1.0 409.752231 -0.295787
sounding_122_032       56.8313  -13.8018   -1.0 410.296275 -0.856225
sounding_122_033       56.9307  -13.4346   -1.0 410.150605  0.474020
sounding_122_034       57.0290  -13.0656   -1.0 410.065913 -1.767367
sounding_122_035       57.1263  -12.6948   -1.0 409.988276 -1.091118
sounding_122_036       57.2226  -12.3222   -1.0 409.880072  0.300185
sounding_122_037       57.3178  -11.9477   -1.0 409.774944  0.856406
sounding_122_038       57.4119  -11.5715   -1.0 409.727960  1.322289
sounding_122_039       57.5050  -11.1935   -1.0 409.730351 -2.063650
sounding_122_040       57.5970  -10.8137   -1.0 409.744472 -0.903930
sounding_123_031       56.9307  -14.3520   -1.0 410.353832 -1.355334
sounding_123_032       57.0316  -13.9853   -1.0 410.249559 -0.988258
sounding_123_033       57.1314  -13.6167   -1.0 410.196573 -0.898607
sounding_123_034       57.2302  -13.2463   -1.0 410.137125  0.576095
sounding_123_035       57.3279  -12.8740   -1.0 410.027379  0.639384
sounding_123_036       57.4246  -12.4999   -1.0 409.884470  1.905141
sounding_123_037       57.5203  -12.1240   -1.0 409.778728  0.140155
sounding_123_038       57.6149  -11.7462   -1.0 409.743662 -0.994635
sounding_123_039       57.7084  -11.3666   -1.0 409.742269  1.158264
sounding_124_032       57.2315  -14.1706   -1.0 410.355328  0.182753
sounding_124_033       57.3318  -13.8006   -1.0 410.303454 -1.361245
sounding_124_034       57.4310  -13.4288   -1.0 410.197498  1.509854
sounding_124_035       57.5292  -13.0550   -1.0 410.044308  2.172755
sounding_124_036       57.6264  -12.6795   -1.0 409.902205 -0.033518
sounding_124_037       57.7225  -12.3020   -1.0 409.816846  0.029833
sounding_124_038       57.8175  -11.9228   -1.0 409.779588 -0.785532
sounding_124_039       57.9115  -11.5416   -1.0 409.775499 -0.408858
sounding_125_033       57.5318  -13.9864   -1.0 410.354260 -0.303502
sounding_125_034       57.6315  -13.6131   -1.0 410.208239 -0.051365
sounding_125_035       57.7302  -13.2379   -1.0 410.068523  1.553560
sounding_125_036       57.8278  -12.8609   -1.0 409.963292 -0.839423
sounding_125_037       57.9244  -12.4819   -1.0 409.893068  1.030774
sounding_125_038       58.0199  -12.1011   -1.0 409.847502  0.976827
sounding_125_039       58.1143  -11.7184   -1.0 409.841320 -0.215217
sounding_126_034       57.8317  -13.7994   -1.0 410.210638 -1.466461
sounding_126_035       57.9308  -13.4227   -1.0 410.131213  0.453176
sounding_126_036       58.0289  -13.0442   -1.0 410.072204 -0.932312
sounding_126_037       58.1260  -12.6637   -1.0 410.009402 -0.702038
sounding_126_038       58.2219  -12.2813   -1.0 409.959390 -1.057534
sounding_126_039       58.3168  -11.8971   -1.0 409.959063  0.155173
sounding_127_035       58.1312  -13.6094   -1.0 410.240114 -0.339206
sounding_127_036       58.2297  -13.2294   -1.0 410.215618 -0.281987
sounding_127_037       58.3272  -12.8474   -1.0 410.167390 -2.130736
sounding_127_038       58.4236  -12.4635   -1.0 410.128919 -0.577549
sounding_127_039       58.5190  -12.0776   -1.0 410.133310 -2.338892
sounding_128_036       58.4301  -13.4166   -1.0 410.392295  0.527689
sounding_128_037       58.5281  -13.0330   -1.0 410.369971  0.880189
sounding_128_038       58.6250  -12.6476   -1.0 410.339300 -2.434268
sounding_129_036       58.6302  -13.6057   -1.0 410.595975 -0.957973
sounding_129_037       58.7287  -13.2206   -1.0 410.581043  1.152796
sounding_136_048       61.1677  -10.0915   -1.0 410.568248 -0.239183
sounding_156_070       66.9813   -3.3779   -1.0 410.556281  1.673340
sounding_158_076       67.7737   -0.5039   -1.0 410.702897 -1.279830
sounding_162_066       67.9082   -6.6173   -1.0 410.258834 -0.017158
sounding_163_075       68.7370   -1.8817   -1.0 410.682568  0.188706
sounding_164_071       68.6748   -4.2955   -1.0 410.502279  1.298218
sounding_164_076       69.0028   -1.4896   -1.0 410.713331  1.323743
sounding_165_074       69.0789   -2.8016   -1.0 410.660750  0.674527
