sounding_012_141       36.1416   27.9091   -1.0 416.297915  0.685059
sounding_013_147       36.2022   29.5463   -1.0 415.180576  0.419507
sounding_014_146       36.4460   29.3131   -1.0 414.963612 -0.215283
sounding_014_147       36.4179   29.5815   -1.0 415.063377 -0.192311
sounding_014_148       36.3891   29.8496   -1.0 414.949874  0.729806
sounding_014_149       36.3595   30.1175   -1.0 414.580970  0.946423
sounding_014_150       36.3290   30.3850   -1.0 414.231014  0.837512
sounding_015_142       36.7668   28.2678   -1.0 415.777480 -0.668961
sounding_015_144       36.7161   28.8082   -1.0 415.343161 -2.017131
sounding_015_145       36.6895   29.0781   -1.0 415.139315 -0.803447
sounding_015_146       36.6621   29.3477   -1.0 415.212270 -0.120059
sounding_015_147       36.6339   29.6170   -1.0 415.378619  0.897063
sounding_015_148       36.6049   29.8861   -1.0 415.319797 -0.322281
sounding_015_149       36.5751   30.1549   -1.0 415.008807 -0.042467
sounding_015_150       36.5446   30.4234   -1.0 414.515347  0.223799
sounding_016_142       36.9836   28.2986   -1.0 415.897635  0.372902
sounding_016_143       36.9585   28.5699   -1.0 415.804770  0.414304
sounding_016_144       36.9325   28.8410   -1.0 415.627500  1.906637
sounding_016_145       36.9058   29.1119   -1.0 415.498623 -0.167317
sounding_016_146       36.8783   29.3824   -1.0 415.480406  0.019517
sounding_016_147       36.8500   29.6527   -1.0 415.477142 -0.412829
sounding_016_148       36.8209   29.9228   -1.0 415.425504  0.786610
sounding_016_149       36.7910   30.1926   -1.0 415.189695 -0.439074
sounding_016_150       36.7603   30.4621   -1.0 414.520817 -1.318330
sounding_017_141       37.2249   28.0571   -1.0 415.918297 -0.438108
sounding_017_142       37.2005   28.3297   -1.0 415.980721 -1.443895
sounding_017_143       37.1753   28.6020   -1.0 415.937251  0.456040
sounding_017_144       37.1492   28.8741   -1.0 415.807147 -0.642693
sounding_017_145       37.1224   29.1459   -1.0 415.625143  0.741399
sounding_017_146       37.0947   29.4174   -1.0 415.462137  0.919766
sounding_017_147       37.0663   29.6887   -1.0 415.343601  0.091339
sounding_017_148       37.0370   29.9598   -1.0 415.261615  0.359024
sounding_017_149       37.0070   30.2306   -1.0 414.958307 -0.635527
sounding_017_150       36.9762   30.5010   -1.0 414.209944 -0.412659
sounding_017_151       36.9445   30.7712   -1.0 413.334793  0.418524
sounding_018_142       37.4176   28.3610   -1.0 415.835593 -0.568762
sounding_018_143       37.3922   28.6343   -1.0 415.818630  1.079905
sounding_018_144       37.3661   28.9074   -1.0 415.749501  1.747793
sounding_018_145       37.3391   29.1802   -1.0 415.554804 -0.331622
sounding_018_146       37.3113   29.4528   -1.0 415.331504 -0.817877
sounding_018_147       37.2828   29.7250   -1.0 415.197478  0.116357
sounding_018_148       37.2534   29.9971   -1.0 415.086601 -0.222049
sounding_018_149       37.2232   30.2688   -1.0 414.749115 -0.987665
sounding_018_150       37.1922   30.5403   -1.0 414.096240  0.203010
sounding_018_151       37.1604   30.8115   -1.0 413.363711 -0.227032
sounding_019_142       37.6348   28.3925   -1.0 415.543294  0.078220
sounding_019_143       37.6094   28.6668   -1.0 415.537703  0.863226
sounding_019_144       37.5831   28.9409   -1.0 415.527200 -0.098015
sounding_019_145       37.5560   29.2147   -1.0 415.406548 -0.550085
sounding_019_146       37.5281   29.4883   -1.0 415.227037  0.272096
sounding_019_147       37.4994   29.7616   -1.0 415.099665 -0.067212
sounding_019_148       37.4699   30.0346   -1.0 414.961513  1.315296
sounding_019_149       37.4396   30.3074   -1.0 414.710439 -0.010933
sounding_019_150       37.4084   30.5798   -1.0 414.288610  0.180526
sounding_019_151       37.3765   30.8520   -1.0 413.798283 -0.839427
sounding_020_142       37.8522   28.4243   -1.0 415.336999  1.987199
sounding_020_143       37.8267   28.6996   -1.0 415.284825  2.901839
sounding_020_144       37.8003   28.9747   -1.0 415.227161 -0.358640
sounding_020_145       37.7731   29.2495   -1.0 415.150896  0.828818
sounding_020_146       37.7450   29.5241   -1.0 415.070755  0.353236
sounding_020_147       37.7162   29.7984   -1.0 414.979839 -2.926786
sounding_020_148       37.6865   30.0724   -1.0 414.841601  0.289036
sounding_020_149       37.6561   30.3462   -1.0 414.668084 -1.541083
sounding_020_150       37.6248   30.6197   -1.0 414.461831 -0.711797
sounding_020_151       37.5928   30.8928   -1.0 414.182200 -0.544029
sounding_021_142       38.0698   28.4563   -1.0 415.320319 -1.637395
sounding_021_143       38.0441   28.7326   -1.0 415.133410  2.720862
sounding_021_144       38.0176   29.0088   -1.0 414.994572  0.984723
sounding_021_145       37.9903   29.2846   -1.0 414.954241 -0.879015
sounding_021_146       37.9621   29.5602   -1.0 414.922846 -0.868141
sounding_021_147       37.9331   29.8355   -1.0 414.857991 -0.381522
sounding_021_148       37.9034   30.1106   -1.0 414.746624  0.134812
sounding_021_149       37.8728   30.3853   -1.0 414.594231  1.346921
sounding_021_150       37.8414   30.6598   -1.0 414.435889 -0.150397
sounding_021_151       37.8092   30.9340   -1.0 414.212666 -0.532184
sounding_022_142       38.2876   28.4885   -1.0 415.332065 -0.290819
sounding_022_143       38.2618   28.7659   -1.0 415.108721  0.843240
sounding_022_144       38.2351   29.0431   -1.0 414.939825 -0.795910
sounding_022_145       38.2077   29.3199   -1.0 414.870929 -1.475376
sounding_022_146       38.1794   29.5966   -1.0 414.838509  0.960331
sounding_022_147       38.1503   29.8729   -1.0 414.790597 -0.978896
sounding_022_148       38.1204   30.1490   -1.0 414.712944 -1.200602
sounding_022_149       38.0896   30.4247   -1.0 414.549667  0.910548
sounding_022_150       38.0581   30.7002   -1.0 414.314356 -0.011083
sounding_022_151       38.0257   30.9754   -1.0 414.051427 -0.294512
sounding_023_142       38.5055   28.5210   -1.0 415.280839  0.284888
sounding_023_143       38.4796   28.7994   -1.0 415.137365  2.046152
sounding_023_144       38.4528   29.0776   -1.0 415.005443  1.671829
sounding_023_145       38.4252   29.3556   -1.0 414.882572 -1.024192
sounding_023_146       38.3968   29.6332   -1.0 414.834958 -0.449379
sounding_023_147       38.3676   29.9106   -1.0 414.820090  0.357044
sounding_023_148       38.3375   30.1877   -1.0 414.731066 -0.574123
sounding_023_149       38.3066   30.4645   -1.0 414.523110 -0.385222
sounding_023_150       38.2749   30.7410   -1.0 414.206284  0.946394
sounding_023_151       38.2424   31.0172   -1.0 413.904728 -0.975117
sounding_024_142       38.7236   28.5537   -1.0 415.305794 -2.014594
sounding_024_143       38.6975   28.8332   -1.0 415.194876 -0.399480
sounding_024_144       38.6706   29.1125   -1.0 415.083958 -0.218439
sounding_024_145       38.6429   29.3914   -1.0 414.979331 -1.131126
sounding_024_146       38.6144   29.6701   -1.0 414.925085  0.884371
sounding_024_147       38.5850   29.9486   -1.0 414.861056 -2.843003
sounding_024_148       38.5548   30.2267   -1.0 414.700439  0.551844
sounding_024_149       38.5238   30.5045   -1.0 414.430321 -1.758317
sounding_024_150       38.4920   30.7820   -1.0 414.114455 -1.110675
sounding_024_151       38.4593   31.0592   -1.0 413.847410  0.132111
sounding_025_142       38.9418   28.5867   -1.0 415.494112  0.093128
sounding_025_143       38.9156   28.8673   -1.0 415.327000  1.430879
sounding_025_144       38.8886   29.1476   -1.0 415.182805  1.375729
sounding_025_145       38.8608   29.4276   -1.0 415.082984 -0.293590
sounding_025_146       38.8321   29.7073   -1.0 414.998406  1.261605
sounding_025_147       38.8026   29.9868   -1.0 414.860338 -0.324870
sounding_025_148       38.7723   30.2660   -1.0 414.630478 -0.405876
sounding_025_149       38.7411   30.5448   -1.0 414.350842  0.379089
sounding_025_150       38.7091   30.8234   -1.0 414.070470  0.380989
sounding_025_151       38.6763   31.1016   -1.0 413.826102 -0.853885
sounding_025_152       38.6427   31.3795   -1.0 413.652944 -0.535861
sounding_026_142       39.1602   28.6200   -1.0 415.631042  0.728476
sounding_026_143       39.1339   28.9016   -1.0 415.453872 -0.338966
sounding_026_144       39.1068   29.1830   -1.0 415.257876 -1.092859
sounding_026_145       39.0788   29.4640   -1.0 415.117117 -0.629041
sounding_026_146       39.0500   29.7448   -1.0 414.995018 -0.461668
sounding_026_147       39.0203   30.0253   -1.0 414.809827 -0.327221
sounding_026_148       38.9899   30.3055   -1.0 414.563114  0.458489
sounding_026_149       38.9586   30.5855   -1.0 414.311016  0.342290
sounding_026_150       38.9264   30.8651   -1.0 414.033662 -0.137047
sounding_026_151       38.8935   31.1443   -1.0 413.761650  0.649807
sounding_026_152       38.8597   31.4233   -1.0 413.602693  0.506940
sounding_027_143       39.3523   28.9362   -1.0 415.386082 -1.221525
sounding_027_144       39.3251   29.2186   -1.0 415.188513 -0.661412
sounding_027_145       39.2970   29.5007   -1.0 415.070993  1.729371
sounding_027_146       39.2680   29.7826   -1.0 414.951682  0.765352
sounding_027_147       39.2382   30.0642   -1.0 414.785073  1.372031
sounding_027_148       39.2076   30.3454   -1.0 414.563645  0.123676
sounding_027_149       39.1762   30.6264   -1.0 414.276672 -0.677838
sounding_027_150       39.1439   30.9070   -1.0 413.912021 -0.101887
sounding_027_151       39.1108   31.1874   -1.0 413.585882  0.720859
sounding_027_152       39.0769   31.4673   -1.0 413.433862  0.433728
sounding_028_143       39.5709   28.9710   -1.0 415.241619 -0.509875
sounding_028_144       39.5435   29.2545   -1.0 415.093631  0.251377
sounding_028_145       39.5153   29.5377   -1.0 415.045448 -0.421388
sounding_028_146       39.4862   29.8207   -1.0 414.975223 -0.700037
sounding_028_147       39.4563   30.1033   -1.0 414.813686 -1.471414
sounding_028_148       39.4255   30.3856   -1.0 414.562352  0.903605
sounding_028_149       39.3939   30.6677   -1.0 414.182020 -0.010098
sounding_028_150       39.3615   30.9494   -1.0 413.705115  0.044873
sounding_028_151       39.3282   31.2307   -1.0 413.332246  0.171363
sounding_028_152       39.2941   31.5118   -1.0 413.205773 -1.834800
sounding_029_143       39.7896   29.0061   -1.0 415.249391  1.109716
sounding_029_144       39.7621   29.2907   -1.0 415.147023  0.679913
sounding_029_145       39.7337   29.5750   -1.0 415.110444  0.110847
sounding_029_146       39.7045   29.8590   -1.0 415.035246 -0.701980
sounding_029_147       39.6745   30.1428   -1.0 414.837700  1.170373
sounding_029_148       39.6436   30.4261   -1.0 414.519414 -0.176004
sounding_029_149       39.6118   30.7092   -1.0 414.056195  2.051377
sounding_029_150       39.5793   30.9920   -1.0 413.518300 -0.805007
sounding_029_151       39.5458   31.2744   -1.0 413.126849 -0.604750
sounding_029_152       39.5116   31.5566   -1.0 412.979049 -0.324630
sounding_030_143       40.0085   29.0415   -1.0 415.309486  0.407936
sounding_030_144       39.9808   29.3272   -1.0 415.220434 -0.085325
sounding_030_145       39.9523   29.6126   -1.0 415.117354  0.668191
sounding_030_146       39.9230   29.8977   -1.0 414.982834 -1.383090
sounding_030_147       39.8928   30.1825   -1.0 414.776929  0.645722
sounding_030_148       39.8617   30.4670   -1.0 414.447695 -0.032952
sounding_030_149       39.8299   30.7512   -1.0 413.981502 -0.698393
sounding_030_150       39.7971   31.0350   -1.0 413.447703 -1.290466
sounding_030_151       39.7636   31.3185   -1.0 413.017004  0.075561
sounding_030_152       39.7291   31.6016   -1.0 412.802427 -1.632382
sounding_031_143       40.2274   29.0772   -1.0 415.227729 -0.833814
sounding_031_144       40.1997   29.3640   -1.0 415.120789  0.852443
sounding_031_145       40.1710   29.6505   -1.0 414.975766  1.469794
sounding_031_146       40.1416   29.9367   -1.0 414.822520 -0.498431
sounding_031_147       40.1112   30.2226   -1.0 414.639764  0.771223
sounding_031_148       40.0801   30.5081   -1.0 414.368156  1.539237
sounding_031_149       40.0480   30.7934   -1.0 413.975482 -0.662254
sounding_031_150       40.0151   31.0783   -1.0 413.512728  1.023483
sounding_031_151       39.9814   31.3629   -1.0 413.067306  1.976414
sounding_031_152       39.9468   31.6471   -1.0 412.774941  1.205381
sounding_032_143       40.4466   29.1131   -1.0 415.135587  1.931112
sounding_032_144       40.4187   29.4010   -1.0 415.005150  0.075041
sounding_032_145       40.3899   29.6886   -1.0 414.880768 -1.255941
sounding_032_146       40.3603   29.9760   -1.0 414.747711 -1.072872
sounding_032_147       40.3298   30.2629   -1.0 414.582205  1.434919
sounding_032_150       40.2333   31.1219   -1.0 413.648206  0.443919
sounding_032_151       40.1994   31.4076   -1.0 413.259120  0.695156
sounding_032_152       40.1647   31.6929   -1.0 412.972340 -2.078684
sounding_033_144       40.6378   29.4384   -1.0 415.030534 -0.150276
sounding_033_145       40.6089   29.7271   -1.0 414.949742  1.090397
sounding_033_146       40.5792   30.0155   -1.0 414.801285 -0.349814
sounding_033_147       40.5486   30.3036   -1.0 414.585613  1.537979
sounding_033_152       40.3827   31.7391   -1.0 413.334342 -0.359503
sounding_034_144       40.8571   29.4760   -1.0 415.084866  0.037806
sounding_034_145       40.8281   29.7659   -1.0 415.012495  0.018754
sounding_034_146       40.7982   30.0554   -1.0 414.824112  0.717013
sounding_034_147       40.7674   30.3446   -1.0 414.523038  1.708338
sounding_034_148       40.7358   30.6335   -1.0 414.217385 -0.028566
sounding_035_143       41.1048   29.2227   -1.0 415.150615  0.957893
sounding_035_144       41.0765   29.5140   -1.0 415.099897 -0.409761
sounding_035_145       41.0473   29.8050   -1.0 415.032896  1.131286
sounding_035_146       41.0173   30.0956   -1.0 414.856697 -0.845350
sounding_035_147       40.9864   30.3860   -1.0 414.539652 -0.485141
sounding_035_148       40.9546   30.6760   -1.0 414.148895 -0.113309
sounding_059_150       46.1630   32.4447   -1.0 413.892273  0.597230
sounding_059_151       46.1247   32.7630   -1.0 413.921920 -1.207617
sounding_059_154       46.0037   33.7151   -1.0 413.687280  0.156002
sounding_060_149       46.4213   32.1795   -1.0 414.086357  2.283583
sounding_060_150       46.3837   32.4997   -1.0 414.115624 -1.428943
sounding_060_151       46.3451   32.8194   -1.0 414.100934 -0.670475
sounding_060_152       46.3056   33.1386   -1.0 414.033104  1.174409
sounding_060_153       46.2651   33.4572   -1.0 413.940485  0.795214
sounding_060_154       46.2236   33.7754   -1.0 413.829037  0.000422
sounding_061_146       46.7498   31.2661   -1.0 413.947186  0.579232
sounding_061_147       46.7150   31.5891   -1.0 413.977595  1.170306
sounding_061_149       46.6422   32.2336   -1.0 414.300133 -2.425979
sounding_061_150       46.6044   32.5551   -1.0 414.370880  0.088898
sounding_061_151       46.5657   32.8762   -1.0 414.336480 -1.596195
sounding_061_152       46.5260   33.1968   -1.0 414.249249 -1.077224
sounding_061_153       46.4853   33.5168   -1.0 414.158709  0.057157
sounding_062_146       46.9713   31.3166   -1.0 413.941210  2.129399
sounding_062_147       46.9362   31.6409   -1.0 413.987822  1.028238
sounding_062_149       46.8632   32.2882   -1.0 414.427358 -2.917279
sounding_062_150       46.8252   32.6111   -1.0 414.548304 -0.035590
sounding_062_151       46.7863   32.9335   -1.0 414.532644 -0.652768
sounding_062_152       46.7463   33.2555   -1.0 414.452840 -0.059198
sounding_062_153       46.7054   33.5769   -1.0 414.372781 -0.784863
sounding_063_146       47.1928   31.3674   -1.0 413.911460  0.486890
sounding_063_147       47.1576   31.6932   -1.0 413.980185 -0.218257
sounding_063_149       47.0842   32.3433   -1.0 414.493526  0.219728
sounding_063_150       47.0460   32.6676   -1.0 414.636862 -0.924108
sounding_063_151       47.0069   32.9914   -1.0 414.645739 -1.284729
sounding_063_152       46.9668   33.3147   -1.0 414.594907 -1.024778
sounding_064_146       47.4143   31.4188   -1.0 413.840090 -0.799951
sounding_064_147       47.3789   31.7459   -1.0 413.956315  1.429477
sounding_064_148       47.3426   32.0726   -1.0 414.260307  1.081179
sounding_064_149       47.3052   32.3988   -1.0 414.553251 -1.257596
sounding_064_150       47.2669   32.7246   -1.0 414.698486  0.988938
sounding_064_151       47.2275   33.0498   -1.0 414.716457 -0.189725
sounding_064_152       47.1872   33.3745   -1.0 414.668101  1.052087
sounding_065_146       47.6359   31.4705   -1.0 413.792675  0.235756
sounding_065_147       47.6003   31.7992   -1.0 413.981134  0.655269
sounding_065_148       47.5638   32.1273   -1.0 414.313268  0.452367
sounding_065_149       47.5262   32.4549   -1.0 414.610059  0.152383
sounding_065_150       47.4877   32.7820   -1.0 414.749355 -2.171644
sounding_065_151       47.4482   33.1086   -1.0 414.750901 -1.318639
sounding_065_152       47.4077   33.4348   -1.0 414.683179 -0.529179
sounding_065_153       47.3663   33.7603   -1.0 414.593838  3.422539
sounding_066_146       47.8575   31.5228   -1.0 413.789899  0.793315
sounding_066_147       47.8218   31.8528   -1.0 414.026974  0.000573
sounding_066_148       47.7850   32.1824   -1.0 414.366745 -0.511697
sounding_066_149       47.7473   32.5115   -1.0 414.642095 -1.770006
sounding_066_150       47.7086   32.8400   -1.0 414.753265  0.005149
sounding_066_151       47.6689   33.1681   -1.0 414.714235  2.691140
sounding_066_152       47.6282   33.4956   -1.0 414.621534 -0.443167
sounding_066_153       47.5866   33.8225   -1.0 414.522578 -0.190564
sounding_067_146       48.0791   31.5755   -1.0 413.800682  1.273481
sounding_067_147       48.0432   31.9070   -1.0 414.061511  1.617168
sounding_067_148       48.0063   32.2381   -1.0 414.392214  0.585821
sounding_067_149       47.9684   32.5686   -1.0 414.633791  1.099361
sounding_067_150       47.9295   32.8986   -1.0 414.711029  1.011361
sounding_067_151       47.8897   33.2280   -1.0 414.621717  0.352226
sounding_067_152       47.8488   33.5570   -1.0 414.506594 -1.980387
sounding_067_154       47.7641   34.2131   -1.0 414.362967 -0.134404
sounding_068_146       48.3008   31.6288   -1.0 413.807066  1.812605
sounding_068_147       48.2647   31.9617   -1.0 414.061435 -0.376880
sounding_068_148       48.2276   32.2942   -1.0 414.367560 -0.696559
sounding_068_149       48.1896   32.6262   -1.0 414.587055 -2.526905
sounding_068_150       48.1505   32.9576   -1.0 414.627460  0.361957
sounding_068_151       48.1104   33.2885   -1.0 414.513081  0.165999
sounding_068_152       48.0693   33.6189   -1.0 414.400229  0.553006
sounding_069_147       48.4862   32.0169   -1.0 413.988473 -1.602555
sounding_069_148       48.4490   32.3509   -1.0 414.290685  0.768922
sounding_069_149       48.4107   32.6843   -1.0 414.506349 -0.639605
sounding_069_150       48.3715   33.0172   -1.0 414.533718 -1.600909
sounding_069_151       48.3312   33.3496   -1.0 414.428914  2.079511
sounding_069_152       48.2899   33.6814   -1.0 414.335102 -0.830323
sounding_069_154       48.2044   34.3432   -1.0 414.305255  0.182020
sounding_069_155       48.1601   34.6733   -1.0 414.280892  0.382277
sounding_070_147       48.7077   32.0726   -1.0 413.863628 -1.082375
sounding_070_152       48.5105   33.7444   -1.0 414.239069 -0.324177
sounding_070_153       48.4680   34.0771   -1.0 414.222951  0.243044
sounding_070_154       48.4246   34.4092   -1.0 414.261539  1.789104
sounding_070_155       48.3801   34.7407   -1.0 414.313032  0.153658
sounding_070_156       48.3346   35.0716   -1.0 414.290514 -0.994262
sounding_071_147       48.9293   32.1288   -1.0 413.737711 -0.354579
sounding_071_152       48.7311   33.8080   -1.0 414.118760 -1.479384
sounding_071_153       48.6884   34.1422   -1.0 414.108303  0.282267
sounding_071_154       48.6448   34.4757   -1.0 414.212369  3.031255
sounding_071_155       48.6001   34.8087   -1.0 414.363408  0.619178
sounding_071_156       48.5544   35.1410   -1.0 414.407019 -0.223170
sounding_072_147       49.1508   32.1855   -1.0 413.630501  0.188696
sounding_072_148       49.1130   32.5240   -1.0 413.829150 -0.308800
sounding_072_152       48.9517   33.8723   -1.0 414.057531  0.590672
sounding_072_153       48.9088   34.2079   -1.0 414.065991  1.126501
sounding_072_154       48.8649   34.5429   -1.0 414.220286  1.058474
sounding_072_155       48.8201   34.8773   -1.0 414.438570 -0.207936
sounding_072_156       48.7741   35.2111   -1.0 414.534304 -0.476782
sounding_073_150       49.2554   33.2611   -1.0 414.028990  0.595463
sounding_073_151       49.2144   33.5994   -1.0 414.050870 -0.873549
sounding_073_152       49.1723   33.9371   -1.0 414.040826 -1.766334
sounding_073_153       49.1292   34.2742   -1.0 414.087773  0.106985
sounding_073_154       49.0851   34.6107   -1.0 414.272117 -0.707081
sounding_073_155       49.0400   34.9466   -1.0 414.507035 -0.613336
sounding_073_156       48.9939   35.2818   -1.0 414.634622  2.371836
sounding_074_147       49.5939   32.3005   -1.0 413.473428  0.522310
sounding_074_148       49.5558   32.6421   -1.0 413.551655  0.464518
sounding_074_149       49.5166   32.9831   -1.0 413.740987  0.329298
sounding_074_150       49.4764   33.3235   -1.0 413.899165  1.020213
sounding_074_151       49.4352   33.6633   -1.0 414.001581  0.205780
sounding_074_152       49.3929   34.0025   -1.0 414.054181 -0.091164
sounding_074_153       49.3496   34.3411   -1.0 414.133589 -0.072816
sounding_074_154       49.3053   34.6791   -1.0 414.312276 -0.308403
sounding_074_155       49.2600   35.0165   -1.0 414.531380 -0.130925
sounding_074_156       49.2137   35.3532   -1.0 414.678785 -0.502862
sounding_075_147       49.8155   32.3589   -1.0 413.415862 -1.407519
sounding_075_148       49.7771   32.7020   -1.0 413.428080  0.030613
sounding_075_149       49.7378   33.0445   -1.0 413.580154  0.514988
sounding_075_150       49.6974   33.3864   -1.0 413.765775 -0.662625
sounding_075_151       49.6559   33.7278   -1.0 413.923450 -0.188625
sounding_075_152       49.6135   34.0685   -1.0 414.052188  0.180601
sounding_075_153       49.5700   34.4087   -1.0 414.184290  0.395980
sounding_075_154       49.5255   34.7481   -1.0 414.341800 -0.514574
sounding_075_155       49.4799   35.0870   -1.0 414.518268  0.019411
sounding_075_156       49.4334   35.4252   -1.0 414.664195 -0.298476
sounding_076_147       50.0370   32.4178   -1.0 413.378080  1.884042
sounding_076_148       49.9985   32.7624   -1.0 413.330615  1.751772
sounding_076_149       49.9590   33.1065   -1.0 413.445818  0.568840
sounding_076_150       49.9184   33.4500   -1.0 413.637914 -0.284609
sounding_076_151       49.8767   33.7929   -1.0 413.837947  0.334307
sounding_076_152       49.8340   34.1352   -1.0 414.027822  0.129512
sounding_076_153       49.7904   34.4768   -1.0 414.218518 -1.078969
sounding_076_154       49.7456   34.8178   -1.0 414.362230 -0.684554
sounding_076_155       49.6999   35.1582   -1.0 414.494942  2.505336
sounding_076_156       49.6531   35.4979   -1.0 414.609611  1.512886
sounding_077_147       50.2586   32.4772   -1.0 413.367322 -0.588512
sounding_077_148       50.2199   32.8234   -1.0 413.281126 -0.573359
sounding_077_149       50.1801   33.1691   -1.0 413.355345 -0.455983
sounding_077_150       50.1393   33.5142   -1.0 413.511701 -0.317945
sounding_077_151       50.0975   33.8586   -1.0 413.718652  0.834335
sounding_077_152       50.0546   34.2024   -1.0 413.969348  3.004285
sounding_077_153       50.0107   34.5456   -1.0 414.212369 -0.540220
sounding_077_154       49.9658   34.8882   -1.0 414.363258  1.477677
sounding_077_155       49.9198   35.2301   -1.0 414.466400 -0.097141
sounding_077_156       49.8728   35.5713   -1.0 414.535507 -0.326278
sounding_078_147       50.4801   32.5372   -1.0 413.375099  0.938250
sounding_078_148       50.4412   32.8850   -1.0 413.276058 -0.921539
sounding_078_149       50.4013   33.2323   -1.0 413.294584  0.345895
sounding_078_150       50.3603   33.5789   -1.0 413.390087 -1.401736
sounding_078_151       50.3182   33.9249   -1.0 413.568402 -1.015927
sounding_078_152       50.2752   34.2703   -1.0 413.846155 -0.907918
sounding_078_153       50.2310   34.6151   -1.0 414.148288  2.535487
sounding_078_154       50.1859   34.9592   -1.0 414.338586 -0.710772
sounding_078_155       50.1397   35.3026   -1.0 414.429222 -0.253022
sounding_078_156       50.0925   35.6453   -1.0 414.459642  1.494578
sounding_079_148       50.6625   32.9472   -1.0 413.303108 -0.145530
sounding_079_149       50.6224   33.2961   -1.0 413.259172  0.896558
sounding_079_150       50.5812   33.6443   -1.0 413.282443 -1.847889
sounding_079_151       50.5390   33.9919   -1.0 413.417310  0.724833
sounding_079_152       50.4957   34.3389   -1.0 413.683277 -1.047755
sounding_079_153       50.4514   34.6852   -1.0 414.006782 -0.944507
sounding_079_154       50.4060   35.0309   -1.0 414.250257  1.444937
sounding_079_155       50.3596   35.3758   -1.0 414.360348  1.162342
sounding_079_156       50.3121   35.7201   -1.0 414.386277  0.884039
sounding_080_149       50.8435   33.3605   -1.0 413.252145 -0.881104
sounding_080_150       50.8021   33.7103   -1.0 413.210392  0.573464
sounding_080_151       50.7597   34.0595   -1.0 413.277456  0.532720
sounding_080_152       50.7162   34.4081   -1.0 413.515516 -0.722749
sounding_080_153       50.6716   34.7560   -1.0 413.823040 -0.415860
sounding_080_154       50.6260   35.1032   -1.0 414.083143  0.244298
sounding_080_155       50.5794   35.4497   -1.0 414.223920 -0.070953
sounding_080_156       50.5317   35.7956   -1.0 414.287782  0.545038
sounding_081_150       51.0230   33.7769   -1.0 413.199954 -0.972793
sounding_081_151       50.9804   34.1278   -1.0 413.196643 -0.610270
sounding_081_152       50.9367   34.4779   -1.0 413.353015  0.361857
sounding_081_153       50.8919   34.8274   -1.0 413.609471  0.099369
sounding_081_154       50.8461   35.1762   -1.0 413.850712  1.462741
sounding_081_155       50.7992   35.5243   -1.0 414.015158  0.850732
sounding_081_156       50.7513   35.8718   -1.0 414.127414  0.964604
sounding_082_151       51.2010   34.1967   -1.0 413.187518 -1.592255
sounding_082_152       51.1571   34.5485   -1.0 413.244056 -0.950658
sounding_082_153       51.1121   34.8996   -1.0 413.403533  0.102526
sounding_082_154       51.0661   35.2500   -1.0 413.599612  0.418287
sounding_082_155       51.0190   35.5997   -1.0 413.757756  0.443609
sounding_082_156       50.9709   35.9487   -1.0 413.896147  1.325960
sounding_083_151       51.4216   34.2663   -1.0 413.189753 -0.221876
sounding_083_152       51.3775   34.6197   -1.0 413.203304  1.324710
sounding_083_153       51.3323   34.9724   -1.0 413.274417  0.954718
sounding_083_154       51.2861   35.3244   -1.0 413.388699  0.902473
sounding_083_155       51.2387   35.6758   -1.0 413.503966  0.592977
sounding_083_156       51.1904   36.0263   -1.0 413.623651  0.046533
sounding_083_157       51.1409   36.3761   -1.0 413.745096 -0.007935
sounding_084_152       51.5979   34.6916   -1.0 413.203706  0.074737
sounding_084_153       51.5525   35.0460   -1.0 413.221472  0.724870
sounding_084_154       51.5060   35.3996   -1.0 413.254582  2.168394
sounding_084_155       51.4584   35.7525   -1.0 413.294193  0.045538
sounding_084_156       51.4098   36.1047   -1.0 413.348193 -0.438178
sounding_084_157       51.3601   36.4561   -1.0 413.431845  0.308336
sounding_085_152       51.8182   34.7642   -1.0 413.211460 -0.514409
sounding_085_153       51.7725   35.1202   -1.0 413.215815 -0.735373
sounding_085_154       51.7258   35.4755   -1.0 413.181615  0.852378
sounding_085_155       51.6781   35.8300   -1.0 413.130337 -0.805972
sounding_085_156       51.6292   36.1838   -1.0 413.101643 -0.530462
sounding_085_157       51.5793   36.5369   -1.0 413.118550  2.086928
sounding_086_152       52.0384   34.8375   -1.0 413.157695  1.073518
sounding_086_153       51.9926   35.1952   -1.0 413.189388  0.096861
sounding_086_154       51.9457   35.5521   -1.0 413.128253  0.121712
sounding_086_155       51.8976   35.9084   -1.0 413.011658 -0.479505
sounding_086_156       51.8486   36.2638   -1.0 412.901152 -2.075996
sounding_086_157       51.7984   36.6184   -1.0 412.849659 -2.855596
sounding_087_151       52.3037   34.5515   -1.0 412.962160  1.090496
sounding_087_152       52.2587   34.9116   -1.0 413.033416  0.579797
sounding_087_153       52.2126   35.2709   -1.0 413.105261 -1.144038
sounding_087_156       52.0679   36.3445   -1.0 412.757202  2.077525
sounding_087_157       52.0175   36.7007   -1.0 412.652211  0.253968
sounding_088_151       52.5241   34.6245   -1.0 412.863629 -0.355689
sounding_088_152       52.4788   34.9863   -1.0 412.893788 -2.121604
sounding_088_153       52.4325   35.3474   -1.0 412.962987 -0.527986
sounding_088_156       52.2871   36.4260   -1.0 412.664909 -1.702322
sounding_088_157       52.2365   36.7839   -1.0 412.534090 -0.343206
sounding_089_151       52.7444   34.6983   -1.0 412.847689 -1.193247
sounding_089_152       52.6989   35.0619   -1.0 412.792110 -1.078934
sounding_089_153       52.6524   35.4246   -1.0 412.821141  2.079065
sounding_089_157       52.4554   36.8679   -1.0 412.475431 -1.072114
sounding_090_151       52.9646   34.7729   -1.0 412.884181 -2.408517
sounding_090_152       52.9190   35.1381   -1.0 412.749803  1.082079
sounding_090_157       52.6742   36.9527   -1.0 412.421456  0.709143
sounding_091_151       53.1848   34.8481   -1.0 412.966965  2.167263
sounding_091_152       53.1389   35.2152   -1.0 412.775901  0.259517
sounding_091_157       52.8930   37.0383   -1.0 412.351481 -1.673694
sounding_092_151       53.4050   34.9242   -1.0 413.076314 -0.046658
sounding_092_152       53.3588   35.2930   -1.0 412.842373 -1.013820
sounding_092_157       53.1117   37.1248   -1.0 412.278004  1.415049
sounding_093_151       53.6250   35.0010   -1.0 413.216567 -0.357788
sounding_093_152       53.5787   35.3716   -1.0 412.933789  0.346682
sounding_093_157       53.3303   37.2121   -1.0 412.218866  1.392420
sounding_094_150       53.8904   34.7054   -1.0 413.837343  0.267444
sounding_094_151       53.8450   35.0786   -1.0 413.435390 -0.684134
sounding_094_152       53.7984   35.4510   -1.0 413.070736  0.462151
sounding_094_153       53.7507   35.8225   -1.0 412.784984 -0.080323
sounding_094_154       53.7019   36.1933   -1.0 412.580453 -0.537667
sounding_094_156       53.6009   36.9322   -1.0 412.228555  0.123552
sounding_094_157       53.5488   37.3004   -1.0 412.179612  1.118046
sounding_095_150       54.1105   34.7820   -1.0 414.202053 -0.942469
sounding_095_151       54.0649   35.1570   -1.0 413.779170 -0.640327
sounding_095_152       54.0181   35.5312   -1.0 413.304335  0.625542
sounding_095_153       53.9701   35.9046   -1.0 412.904658 -0.368177
sounding_095_154       53.9211   36.2771   -1.0 412.605572 -0.150084
sounding_095_155       53.8709   36.6488   -1.0 412.357450  1.806851
sounding_095_156       53.8196   37.0196   -1.0 412.276932  2.786538
sounding_095_157       53.7672   37.3895   -1.0 412.226772 -0.044717
sounding_096_150       54.3306   34.8593   -1.0 414.605672  0.379029
sounding_096_151       54.2847   35.2362   -1.0 414.224563  0.572918
sounding_096_152       54.2376   35.6122   -1.0 413.688592  0.212453
sounding_096_153       54.1895   35.9874   -1.0 413.176114  0.067330
sounding_096_154       54.1402   36.3618   -1.0 412.760090  2.290819
sounding_096_155       54.0897   36.7352   -1.0 412.443003 -0.047642
sounding_096_156       54.0382   37.1078   -1.0 412.365358  1.432139
sounding_096_157       53.9856   37.4795   -1.0 412.372094  0.101122
sounding_097_150       54.5505   34.9375   -1.0 414.926488 -0.839584
sounding_097_151       54.5044   35.3162   -1.0 414.670513 -0.123427
sounding_097_152       54.4571   35.6941   -1.0 414.200477  1.540534
sounding_097_153       54.4087   36.0711   -1.0 413.648874 -1.171846
sounding_097_154       54.3591   36.4473   -1.0 413.106096  0.556736
sounding_097_155       54.3085   36.8226   -1.0 412.731767 -1.764040
sounding_097_156       54.2567   37.1970   -1.0 412.591902 -1.594450
sounding_097_157       54.2038   37.5705   -1.0 412.581401  1.086323
sounding_097_158       54.1498   37.9430   -1.0 412.582451  0.653654
sounding_098_150       54.7703   35.0165   -1.0 415.042361 -0.834893
sounding_098_151       54.7240   35.3971   -1.0 414.972099  0.629012
sounding_098_152       54.6765   35.7768   -1.0 414.686124 -0.616307
sounding_098_153       54.6278   36.1557   -1.0 414.247561  1.663525
sounding_098_154       54.5780   36.5337   -1.0 413.748150  0.920830
sounding_098_156       54.4751   37.2871   -1.0 413.059966  0.401651
sounding_098_157       54.4219   37.6624   -1.0 412.958171  0.687635
sounding_099_150       54.9901   35.0962   -1.0 414.903618  0.790316
sounding_099_151       54.9435   35.4788   -1.0 415.008369 -0.627478
sounding_099_152       54.8957   35.8604   -1.0 414.952836  0.013830
sounding_099_153       54.8469   36.2412   -1.0 414.730629  0.372537
sounding_099_158       54.5854   38.1313   -1.0 413.470809  0.532971
sounding_100_150       55.2097   35.1769   -1.0 414.553009 -0.577058
sounding_100_151       55.1629   35.5613   -1.0 414.761438  1.284813
sounding_100_152       55.1149   35.9449   -1.0 414.884497  0.447650
sounding_100_158       54.8030   38.2269   -1.0 414.077989  0.509660
sounding_101_150       55.4293   35.2584   -1.0 414.145113 -1.252870
sounding_101_151       55.3822   35.6447   -1.0 414.326417  2.057160
sounding_101_158       55.0205   38.3235   -1.0 414.585220  0.043517
sounding_102_150       55.6487   35.3407   -1.0 413.791967  0.727153
sounding_102_151       55.6014   35.7291   -1.0 413.804937  1.205639
sounding_102_158       55.2379   38.4211   -1.0 414.796281 -0.975937
sounding_103_149       55.9144   35.0328   -1.0 413.699735  2.374822
sounding_103_150       55.8680   35.4240   -1.0 413.539278 -0.053114
sounding_103_151       55.8205   35.8143   -1.0 413.343893 -1.039753
sounding_103_158       55.4551   38.5197   -1.0 414.583664 -2.574811
sounding_104_149       56.1338   35.1149   -1.0 413.471817 -0.830358
sounding_104_150       56.0872   35.5081   -1.0 413.296639  0.460198
sounding_104_151       56.0394   35.9004   -1.0 413.008072 -2.098858
sounding_104_158       55.6722   38.6194   -1.0 413.995371 -0.819783
sounding_105_149       56.3531   35.1979   -1.0 413.179485  0.267992
sounding_105_150       56.3063   35.5931   -1.0 413.068797  0.607102
sounding_105_151       56.2582   35.9875   -1.0 412.784236  0.878005
sounding_105_158       55.8892   38.7201   -1.0 413.315953  0.974623
sounding_106_149       56.5723   35.2818   -1.0 412.966953 -1.606895
sounding_106_150       56.5252   35.6791   -1.0 412.860356 -0.587974
sounding_106_151       56.4769   36.0754   -1.0 412.656489  2.008251
sounding_106_152       56.4275   36.4708   -1.0 412.446116 -1.748310
sounding_106_158       56.1060   38.8220   -1.0 412.817979  0.200311
sounding_107_149       56.7913   35.3667   -1.0 412.933813 -0.304598
sounding_107_150       56.7440   35.7660   -1.0 412.868743  0.650734
sounding_107_151       56.6955   36.1644   -1.0 412.747983 -0.510566
sounding_107_152       56.6458   36.5618   -1.0 412.596353 -0.030513
sounding_107_153       56.5949   36.9582   -1.0 412.472093  1.706211
sounding_107_158       56.3227   38.9248   -1.0 412.581853  0.979973
sounding_108_149       57.0102   35.4524   -1.0 413.136995 -1.428861
sounding_108_150       56.9627   35.8539   -1.0 413.161721 -0.233863
sounding_108_151       56.9139   36.2543   -1.0 413.121925  1.470506
sounding_108_152       56.8639   36.6538   -1.0 413.022199  0.037144
sounding_108_158       56.5392   39.0288   -1.0 412.684401  0.176847
sounding_109_149       57.2290   35.5391   -1.0 413.612792  0.052960
sounding_109_151       57.1322   36.3453   -1.0 413.597460 -0.562460
sounding_109_158       56.7556   39.1339   -1.0 413.177738  0.860235
sounding_110_149       57.4476   35.6268   -1.0 414.130439 -0.045602
sounding_110_151       57.3503   36.4372   -1.0 413.979071 -0.490507
sounding_110_156       57.0859   38.4449   -1.0 413.857258  1.018737
sounding_110_157       57.0295   38.8431   -1.0 413.841470 -2.470577
sounding_110_158       56.9718   39.2402   -1.0 413.810270  0.333693
sounding_111_151       57.5683   36.5301   -1.0 414.259124  0.486804
sounding_111_156       57.3025   38.5482   -1.0 414.196807  1.979414
sounding_111_157       57.2458   38.9485   -1.0 414.213857  0.855801
sounding_111_158       57.1879   39.3476   -1.0 414.179898 -1.274305
sounding_111_159       57.1288   39.7455   -1.0 414.098961 -1.408751
sounding_112_151       57.7861   36.6241   -1.0 414.315160 -0.915907
sounding_112_152       57.7351   37.0320   -1.0 414.252652 -0.255845
sounding_112_155       57.5748   38.2492   -1.0 414.212458  1.746840
sounding_112_156       57.5190   38.6527   -1.0 414.271555  0.271516
sounding_112_157       57.4620   39.0551   -1.0 414.310640  1.314030
sounding_112_158       57.4038   39.4562   -1.0 414.284286 -1.342624
sounding_112_159       57.3443   39.8561   -1.0 414.226179  0.663000
sounding_113_151       58.0037   36.7191   -1.0 414.171941  0.585963
sounding_113_152       57.9525   37.1292   -1.0 414.131955 -0.931356
sounding_113_153       57.9000   37.5382   -1.0 414.107767  0.352263
sounding_113_155       57.7914   38.3528   -1.0 414.167451  1.830236
sounding_113_156       57.7353   38.7584   -1.0 414.253674  0.736432
sounding_113_157       57.6780   39.1628   -1.0 414.328109 -0.105766
sounding_113_158       57.6195   39.5660   -1.0 414.363522  0.584370
sounding_113_159       57.5597   39.9680   -1.0 414.380273 -0.711559
sounding_114_150       58.2715   36.4019   -1.0 414.026100 -0.900313
sounding_114_151       58.2212   36.8153   -1.0 413.974989  0.885869
sounding_114_152       58.1697   37.2275   -1.0 413.987332  0.754612
sounding_114_153       58.1170   37.6387   -1.0 414.022552 -1.088824
sounding_114_154       58.0630   38.0487   -1.0 414.074561  0.391651
sounding_114_155       58.0078   38.4575   -1.0 414.165805  1.519453
sounding_114_156       57.9514   38.8652   -1.0 414.287529 -0.214459
sounding_114_157       57.8938   39.2717   -1.0 414.409105 -0.565585
sounding_114_158       57.8350   39.6770   -1.0 414.508712 -0.617826
sounding_114_159       57.7749   40.0810   -1.0 414.588665  0.375389
sounding_115_150       58.4891   36.4969   -1.0 413.902905  1.728221
sounding_115_151       58.4385   36.9125   -1.0 413.835103  1.294164
sounding_115_152       58.3868   37.3269   -1.0 413.886830  1.877505
sounding_115_153       58.3337   37.7403   -1.0 413.995290 -1.089114
sounding_115_156       58.1673   38.9733   -1.0 414.382187  0.229062
sounding_115_157       58.1094   39.3819   -1.0 414.532968 -0.231235
sounding_115_158       58.0503   39.7893   -1.0 414.670992  0.528222
sounding_115_159       57.9900   40.1953   -1.0 414.783577  0.566828
sounding_116_150       58.7065   36.5930   -1.0 413.856921  2.115525
sounding_116_151       58.6557   37.0108   -1.0 413.794479  0.502602
sounding_116_152       58.6036   37.4275   -1.0 413.873394  0.055173
sounding_116_153       58.5504   37.8430   -1.0 414.027341 -0.182478
sounding_116_156       58.3831   39.0825   -1.0 414.482462  0.432543
sounding_116_157       58.3248   39.4933   -1.0 414.632895  0.386937
sounding_116_158       58.2654   39.9027   -1.0 414.770140 -0.089854
sounding_116_159       58.2048   40.3109   -1.0 414.870509  1.369752
sounding_117_150       58.9237   36.6901   -1.0 413.837350  0.392372
sounding_117_151       58.8727   37.1102   -1.0 413.813953 -0.549412
sounding_117_152       58.8203   37.5292   -1.0 413.920274 -0.430816
sounding_117_153       58.7668   37.9470   -1.0 414.091700  2.385721
sounding_117_155       58.6559   38.7789   -1.0 414.405219  0.604982
sounding_117_156       58.5986   39.1930   -1.0 414.544695  0.015087
sounding_117_157       58.5401   39.6059   -1.0 414.675302  0.843935
sounding_117_158       58.4804   40.0175   -1.0 414.780250 -1.709315
sounding_117_159       58.4194   40.4278   -1.0 414.838955  1.067890
sounding_118_150       59.1408   36.7884   -1.0 413.827189  0.590472
sounding_118_151       59.0894   37.2108   -1.0 413.834114  0.509052
sounding_118_152       59.0368   37.6320   -1.0 413.960170 -0.810399
sounding_118_153       58.9830   38.0521   -1.0 414.139299  1.747210
sounding_118_154       58.9279   38.4709   -1.0 414.307058  1.346850
sounding_118_155       58.8715   38.8885   -1.0 414.442838 -0.206681
sounding_118_156       58.8140   39.3048   -1.0 414.570244 -0.402229
sounding_118_157       58.7551   39.7198   -1.0 414.686719  0.081016
sounding_118_158       58.6951   40.1336   -1.0 414.761219  0.373447
sounding_118_159       58.6339   40.5460   -1.0 414.783201  0.699013
sounding_119_150       59.3576   36.8879   -1.0 413.849928 -1.185485
sounding_119_151       59.3060   37.3126   -1.0 413.846219 -1.844010
sounding_119_152       59.2531   37.7361   -1.0 413.964923 -0.232482
sounding_119_153       59.1990   38.1584   -1.0 414.143679  1.086791
sounding_119_154       59.1436   38.5795   -1.0 414.310511 -0.046547
sounding_119_155       59.0870   38.9993   -1.0 414.449631  0.403668
sounding_119_156       59.0291   39.4178   -1.0 414.576886  0.941274
sounding_119_157       58.9700   39.8351   -1.0 414.691318  1.737537
sounding_119_158       58.9096   40.2510   -1.0 414.754534 -1.858112
sounding_119_159       58.8481   40.6655   -1.0 414.759544 -0.394152
sounding_120_150       59.5743   36.9885   -1.0 413.931140 -0.866132
sounding_120_151       59.5224   37.4155   -1.0 413.883062  0.565965
sounding_120_152       59.4693   37.8414   -1.0 413.957010 -1.207448
sounding_120_153       59.4148   38.2660   -1.0 414.096702 -2.048761
sounding_120_154       59.3592   38.6893   -1.0 414.244161 -0.749966
sounding_120_155       59.3022   39.1114   -1.0 414.395615 -1.886750
sounding_120_156       59.2441   39.5321   -1.0 414.545285  1.040279
sounding_120_157       59.1846   39.9516   -1.0 414.678585 -1.447415
sounding_120_158       59.1240   40.3697   -1.0 414.756506  0.740186
sounding_120_159       59.0621   40.7864   -1.0 414.772809 -0.391296
sounding_121_150       59.7908   37.0903   -1.0 414.083933 -1.745545
sounding_121_151       59.7386   37.5197   -1.0 413.982672  0.349560
sounding_121_152       59.6852   37.9479   -1.0 413.973675 -0.020024
sounding_121_153       59.6305   38.3748   -1.0 414.030918  1.274810
sounding_121_154       59.5745   38.8004   -1.0 414.129595  0.485225
sounding_121_155       59.5173   39.2248   -1.0 414.274663  0.478738
sounding_121_156       59.4588   39.6478   -1.0 414.460156  0.154377
sounding_121_157       59.3990   40.0695   -1.0 414.639230 -0.508482
sounding_121_158       59.3381   40.4898   -1.0 414.754528  0.279655
sounding_121_159       59.2759   40.9087   -1.0 414.810468 -0.912181
sounding_122_150       60.0070   37.1933   -1.0 414.343521  1.730415
sounding_122_151       59.9546   37.6251   -1.0 414.175702 -1.917877
sounding_122_152       59.9009   38.0556   -1.0 414.067221  0.521432
sounding_122_153       59.8459   38.4849   -1.0 414.005871 -0.213203
sounding_122_154       59.7896   38.9128   -1.0 414.015557 -1.210159
sounding_122_155       59.7321   39.3395   -1.0 414.132849 -0.324521
sounding_122_156       59.6733   39.7648   -1.0 414.340892 -1.200197
sounding_122_157       59.6133   40.1887   -1.0 414.569083 -0.531332
sounding_122_158       59.5520   40.6113   -1.0 414.746628  0.098006
sounding_122_159       59.4894   41.0324   -1.0 414.863690 -0.033931
sounding_123_152       60.1163   38.1646   -1.0 414.278600 -0.218832
sounding_123_153       60.0611   38.5962   -1.0 414.094190 -1.333960
sounding_123_154       60.0045   39.0266   -1.0 413.980869 -0.491957
sounding_123_155       59.9467   39.4555   -1.0 414.021313  0.326917
sounding_123_156       59.8876   39.8832   -1.0 414.216234 -0.331479
sounding_123_157       59.8272   40.3094   -1.0 414.487368  0.311083
sounding_123_158       59.7656   40.7341   -1.0 414.739298 -0.201407
sounding_123_159       59.7028   41.1575   -1.0 414.917521  1.523757
sounding_124_150       60.4389   37.4030   -1.0 414.993172 -0.023231
sounding_124_151       60.3859   37.8396   -1.0 414.815908 -0.787278
sounding_124_152       60.3316   38.2750   -1.0 414.585465 -0.070835
sounding_124_153       60.2760   38.7090   -1.0 414.324849 -1.025894
sounding_124_154       60.2192   39.1417   -1.0 414.106997 -0.504264
sounding_124_155       60.1611   39.5730   -1.0 414.023715 -1.037917
sounding_124_156       60.1016   40.0029   -1.0 414.127883  2.186467
sounding_124_157       60.0410   40.4314   -1.0 414.391158  0.141838
sounding_124_158       59.9790   40.8585   -1.0 414.703028 -0.914335
sounding_124_159       59.9158   41.2841   -1.0 414.950436  0.749653
sounding_125_150       60.6545   37.5097   -1.0 415.170191 -2.089848
sounding_125_151       60.6013   37.9488   -1.0 415.071901  0.139757
sounding_125_152       60.5467   38.3866   -1.0 414.899750  0.673367
sounding_125_153       60.4908   38.8230   -1.0 414.667975  0.441057
sounding_125_154       60.4336   39.2581   -1.0 414.402206  0.769652
sounding_125_155       60.3752   39.6918   -1.0 414.196751 -0.727809
sounding_125_156       60.3155   40.1240   -1.0 414.149072 -0.413925
sounding_125_157       60.2545   40.5549   -1.0 414.305932  0.182818
sounding_125_158       60.1922   40.9843   -1.0 414.604967 -0.627563
sounding_125_159       60.1287   41.4121   -1.0 414.901261 -0.139149
sounding_126_150       60.8699   37.6177   -1.0 415.189554  0.809203
sounding_126_151       60.8164   38.0593   -1.0 415.158072 -2.038641
sounding_126_152       60.7615   38.4996   -1.0 415.102284 -0.944216
sounding_126_153       60.7053   38.9385   -1.0 414.988088 -1.549129
sounding_126_154       60.6479   39.3760   -1.0 414.792196 -1.292616
sounding_126_155       60.5891   39.8120   -1.0 414.541680  1.355263
sounding_126_156       60.5291   40.2467   -1.0 414.346000  1.122624
sounding_126_157       60.4678   40.6798   -1.0 414.320882  0.832667
sounding_126_158       60.4052   41.1115   -1.0 414.494788  0.735708
sounding_126_159       60.3413   41.5417   -1.0 414.770667  1.017806
sounding_127_150       61.0851   37.7271   -1.0 415.133075  0.531785
sounding_127_151       61.0312   38.1712   -1.0 415.100686 -0.068171
sounding_127_152       60.9761   38.6140   -1.0 415.124178  1.110299
sounding_127_153       60.9196   39.0553   -1.0 415.163940 -0.247519
sounding_127_154       60.8618   39.4952   -1.0 415.127783  1.292295
sounding_127_155       60.8028   39.9337   -1.0 414.955096  2.458672
sounding_127_156       60.7424   40.3707   -1.0 414.699458  0.183249
sounding_127_157       60.6808   40.8063   -1.0 414.500630  0.251826
sounding_127_158       60.6179   41.2403   -1.0 414.472891  0.259167
sounding_127_159       60.5537   41.6728   -1.0 414.625631 -0.608632
sounding_127_160       60.4882   42.1037   -1.0 414.862890 -1.149261
sounding_128_150       61.3000   37.8378   -1.0 415.080420 -0.135137
sounding_128_151       61.2459   38.2844   -1.0 415.002960 -0.510104
sounding_128_152       61.1904   38.7297   -1.0 415.040334 -0.846568
sounding_128_153       61.1337   39.1735   -1.0 415.171787  0.684125
sounding_128_154       61.0756   39.6159   -1.0 415.297445  0.989669
sounding_128_155       61.0162   40.0568   -1.0 415.290278 -0.102795
sounding_128_156       60.9555   40.4963   -1.0 415.109917  0.676115
sounding_128_157       60.8936   40.9342   -1.0 414.835809 -2.033565
sounding_128_158       60.8303   41.3706   -1.0 414.616832  0.916058
sounding_128_159       60.7658   41.8054   -1.0 414.570455 -0.641783
sounding_128_160       60.7000   42.2387   -1.0 414.702655  0.738213
sounding_129_151       61.4603   38.3991   -1.0 414.952854 -0.500475
sounding_129_152       61.4045   38.8468   -1.0 414.962920  0.756449
sounding_129_153       61.3475   39.2932   -1.0 415.107652  0.183826
sounding_129_154       61.2891   39.7381   -1.0 415.310594  0.614105
sounding_129_155       61.2294   40.1815   -1.0 415.448764 -0.802955
sounding_129_156       61.1684   40.6234   -1.0 415.421577  0.077314
sounding_129_157       61.1061   41.0637   -1.0 415.210785 -0.793553
sounding_129_158       61.0425   41.5025   -1.0 414.912479  0.609030
sounding_129_159       60.9776   41.9397   -1.0 414.682250 -0.908268
sounding_129_160       60.9115   42.3752   -1.0 414.635866 -1.070001
sounding_130_151       61.6745   38.5151   -1.0 414.965442 -0.319217
sounding_130_152       61.6184   38.9654   -1.0 414.947156  0.640904
sounding_130_153       61.5610   39.4143   -1.0 415.059769  0.683417
sounding_130_154       61.5023   39.8618   -1.0 415.255749  0.751974
sounding_130_155       61.4423   40.3077   -1.0 415.455345  0.740452
sounding_130_156       61.3810   40.7520   -1.0 415.555578  0.450155
sounding_130_157       61.3183   41.1948   -1.0 415.483413 -0.142715
sounding_130_158       61.2544   41.6359   -1.0 415.243143 -1.125403
sounding_130_159       61.1892   42.0755   -1.0 414.942545  0.184614
sounding_130_160       61.1227   42.5134   -1.0 414.732747  0.112864
sounding_131_151       61.8884   38.6325   -1.0 415.022356 -0.125606
sounding_131_152       61.8320   39.0855   -1.0 414.973664  0.701553
sounding_131_153       61.7743   39.5370   -1.0 415.028028 -2.068853
sounding_131_154       61.7153   39.9869   -1.0 415.167403  0.727936
sounding_131_155       61.6549   40.4353   -1.0 415.365877 -2.125374
sounding_131_156       61.5933   40.8822   -1.0 415.539101  2.229023
sounding_131_157       61.5303   41.3274   -1.0 415.591362  1.526951
sounding_131_158       61.4661   41.7710   -1.0 415.478090 -0.165890
sounding_131_159       61.4005   42.2130   -1.0 415.233625 -0.619229
sounding_131_160       61.3336   42.6533   -1.0 414.964603 -1.590957
sounding_132_151       62.1020   38.7515   -1.0 415.096952  1.574199
sounding_132_152       62.0453   39.2071   -1.0 415.027675  0.464477
sounding_132_153       61.9873   39.6611   -1.0 415.004898  0.769074
sounding_132_154       61.9280   40.1136   -1.0 415.065394 -0.677381
sounding_132_155       61.8673   40.5646   -1.0 415.216068 -1.301147
sounding_132_156       61.8053   41.0140   -1.0 415.402787 -0.245694
sounding_132_157       61.7420   41.4617   -1.0 415.539726 -0.134115
sounding_132_158       61.6774   41.9078   -1.0 415.549863 -1.975638
sounding_132_159       61.6115   42.3521   -1.0 415.423130  2.357575
sounding_132_160       61.5443   42.7948   -1.0 415.208896  0.871677
sounding_133_151       62.3154   38.8719   -1.0 415.152916  0.653091
sounding_133_152       62.2584   39.3301   -1.0 415.110860  0.482661
sounding_133_153       62.2001   39.7869   -1.0 415.039940  0.376331
sounding_133_154       62.1405   40.2420   -1.0 415.012772 -0.975689
sounding_133_155       62.0795   40.6955   -1.0 415.079569 -1.763078
sounding_133_156       62.0171   41.1474   -1.0 415.218054  0.287345
sounding_133_157       61.9535   41.5976   -1.0 415.366483  0.365248
sounding_133_158       61.8885   42.0461   -1.0 415.457133 -0.840453
sounding_133_159       61.8223   42.4930   -1.0 415.444024 -0.731905
sounding_133_160       61.7547   42.9381   -1.0 415.338974  1.844060
sounding_134_151       62.5285   38.9939   -1.0 415.171324  2.005144
sounding_134_152       62.4712   39.4548   -1.0 415.185634 -2.526935
sounding_134_153       62.4126   39.9141   -1.0 415.130574  0.406646
sounding_134_154       62.3526   40.3719   -1.0 415.065422  0.107047
sounding_134_155       62.2913   40.8280   -1.0 415.058624  0.147483
sounding_134_156       62.2286   41.2824   -1.0 415.114420 -0.446758
sounding_134_157       62.1646   41.7352   -1.0 415.203864 -1.138782
sounding_134_158       62.0993   42.1863   -1.0 415.288931  0.753525
sounding_134_159       62.0327   42.6356   -1.0 415.328152  1.010356
sounding_134_160       61.9648   43.0831   -1.0 415.309212  0.390772
sounding_135_151       62.7414   39.1174   -1.0 415.175337  0.883618
sounding_135_152       62.6838   39.5810   -1.0 415.225867 -1.349979
sounding_135_153       62.6248   40.0430   -1.0 415.221370  0.038360
sounding_135_154       62.5645   40.5034   -1.0 415.187876 -1.011644
sounding_135_155       62.5029   40.9622   -1.0 415.166226 -0.133292
sounding_135_156       62.4398   41.4192   -1.0 415.166214  0.427647
sounding_135_157       62.3755   41.8745   -1.0 415.179936  0.864102
sounding_135_158       62.3098   42.3281   -1.0 415.196872 -0.059727
sounding_135_159       62.2429   42.7799   -1.0 415.205338 -1.150546
sounding_135_160       62.1746   43.2299   -1.0 415.200127 -0.468418
sounding_136_151       62.9540   39.2425   -1.0 415.199748 -0.287174
sounding_136_152       62.8960   39.7088   -1.0 415.258610 -0.781449
sounding_136_153       62.8368   40.1736   -1.0 415.283914  0.159889
sounding_136_154       62.7761   40.6366   -1.0 415.300961 -0.810036
sounding_136_155       62.7141   41.0980   -1.0 415.312754 -0.805529
sounding_136_156       62.6508   41.5577   -1.0 415.315145  2.494913
sounding_136_157       62.5861   42.0156   -1.0 415.298925  2.220220
sounding_136_158       62.5201   42.4717   -1.0 415.259695 -0.495911
sounding_136_159       62.4527   42.9260   -1.0 415.206694  1.078873
sounding_136_160       62.3841   43.3785   -1.0 415.151849 -1.329750
sounding_137_151       63.1663   39.3691   -1.0 415.224128  0.931965
sounding_137_152       63.1080   39.8383   -1.0 415.297458 -1.360771
sounding_137_153       63.0484   40.3058   -1.0 415.342394 -0.235786
sounding_137_154       62.9874   40.7715   -1.0 415.379826  1.164263
sounding_137_155       62.9251   41.2356   -1.0 415.415501  1.245949
sounding_137_156       62.8614   41.6979   -1.0 415.446637  1.706208
sounding_137_157       62.7963   42.1584   -1.0 415.450769  1.846045
sounding_137_158       62.7300   42.6171   -1.0 415.413251  1.765998
sounding_137_159       62.6623   43.0740   -1.0 415.337998  0.412111
sounding_137_160       62.5932   43.5290   -1.0 415.238305 -1.244834
sounding_138_151       63.3783   39.4975   -1.0 415.222344  0.946716
sounding_138_152       63.3197   39.9694   -1.0 415.316473  2.135467
sounding_138_153       63.2597   40.4397   -1.0 415.392558 -0.348323
sounding_138_154       63.1984   40.9082   -1.0 415.448072 -0.659167
sounding_138_155       63.1357   41.3749   -1.0 415.486975  0.223877
sounding_138_156       63.0717   41.8399   -1.0 415.516723 -1.985218
sounding_138_157       63.0063   42.3030   -1.0 415.538939 -0.743164
sounding_138_158       62.9396   42.7643   -1.0 415.534173  1.579418
sounding_138_159       62.8715   43.2238   -1.0 415.486897 -1.313663
sounding_138_160       62.8021   43.6814   -1.0 415.392627  1.398462
sounding_139_151       63.5900   39.6275   -1.0 415.212199  0.279674
sounding_139_152       63.5311   40.1022   -1.0 415.305639 -0.766006
sounding_139_153       63.4708   40.5753   -1.0 415.411604 -1.566880
sounding_139_154       63.4091   41.0466   -1.0 415.500710 -1.326038
sounding_139_155       63.3461   41.5160   -1.0 415.553353 -1.686458
sounding_139_156       63.2817   41.9837   -1.0 415.573457 -1.582232
sounding_139_157       63.2159   42.4495   -1.0 415.573690 -0.933870
sounding_139_158       63.1489   42.9134   -1.0 415.567234  0.070346
sounding_139_159       63.0804   43.3755   -1.0 415.548941  0.874348
sounding_139_160       63.0106   43.8356   -1.0 415.493981  0.708716
sounding_140_151       63.8014   39.7592   -1.0 415.210761 -1.502132
sounding_140_152       63.7421   40.2368   -1.0 415.285268 -0.323055
sounding_140_153       63.6815   40.7127   -1.0 415.405601 -1.313991
sounding_140_154       63.6195   41.1867   -1.0 415.521921 -1.698567
sounding_140_155       63.5561   41.6590   -1.0 415.596372 -0.273642
sounding_140_156       63.4914   42.1294   -1.0 415.618270  1.969168
sounding_140_157       63.4253   42.5979   -1.0 415.603724 -0.501073
sounding_140_158       63.3578   43.0645   -1.0 415.578003 -0.687170
sounding_140_159       63.2890   43.5291   -1.0 415.546559 -0.710106
sounding_140_160       63.2188   43.9918   -1.0 415.484123  0.930501
sounding_141_151       64.0125   39.8926   -1.0 415.227225  0.056954
sounding_141_152       63.9529   40.3731   -1.0 415.285662  1.487036
sounding_141_153       63.8920   40.8519   -1.0 415.403493 -0.000311
sounding_141_154       63.8296   41.3288   -1.0 415.525694 -0.204756
sounding_141_155       63.7659   41.8038   -1.0 415.607475  0.118753
sounding_141_156       63.7008   42.2769   -1.0 415.637501  0.615143
sounding_141_157       63.6343   42.7481   -1.0 415.630511  1.103339
sounding_141_158       63.5664   43.2174   -1.0 415.596155 -0.965275
sounding_141_159       63.4973   43.6847   -1.0 415.529621 -0.400779
sounding_141_160       63.4267   44.1500   -1.0 415.425424  1.854496
sounding_142_151       64.2232   40.0278   -1.0 415.262773 -1.883859
sounding_142_152       64.1634   40.5113   -1.0 415.317353  0.343803
sounding_142_153       64.1021   40.9929   -1.0 415.424344 -0.302348
sounding_142_154       64.0394   41.4726   -1.0 415.532891  0.825794
sounding_142_155       63.9753   41.9505   -1.0 415.605852 -1.007847
sounding_142_156       63.9098   42.4264   -1.0 415.638135 -0.278799
sounding_142_157       63.8430   42.9004   -1.0 415.636572  1.182393
sounding_142_158       63.7747   43.3723   -1.0 415.595218 -0.056631
sounding_142_159       63.7052   43.8423   -1.0 415.499546 -0.728067
sounding_142_160       63.6342   44.3102   -1.0 415.364655  1.000183
sounding_142_161       63.5620   44.7761   -1.0 415.237036 -2.404855
sounding_143_152       64.3735   40.6512   -1.0 415.367287  0.494030
sounding_143_153       64.3118   41.1358   -1.0 415.458816  0.002811
sounding_143_154       64.2488   41.6184   -1.0 415.549329  0.431079
sounding_143_155       64.1844   42.0991   -1.0 415.606176  0.963883
sounding_143_156       64.1185   42.5778   -1.0 415.629319  0.201524
sounding_143_157       64.0513   43.0546   -1.0 415.619778  0.715811
sounding_143_158       63.9827   43.5293   -1.0 415.561803  0.091032
sounding_143_159       63.9127   44.0019   -1.0 415.448323 -0.398559
sounding_143_160       63.8414   44.4725   -1.0 415.308601 -0.416591
sounding_143_161       63.7687   44.9410   -1.0 415.185897  1.095242
sounding_144_152       64.5833   40.7931   -1.0 415.416262 -0.703756
sounding_144_153       64.5213   41.2805   -1.0 415.492430 -0.122344
sounding_144_154       64.4579   41.7661   -1.0 415.559291  0.755095
sounding_144_155       64.3931   42.2497   -1.0 415.600018 -1.204762
sounding_144_156       64.3269   42.7312   -1.0 415.612947 -0.279508
sounding_144_157       64.2593   43.2107   -1.0 415.587128 -0.773123
sounding_144_158       64.1903   43.6882   -1.0 415.515625  0.050906
sounding_144_159       64.1200   44.1636   -1.0 415.395930  0.188365
sounding_144_160       64.0482   44.6369   -1.0 415.258643  1.758035
sounding_144_161       63.9752   45.1080   -1.0 415.147948  0.421512
sounding_145_151       64.8537   40.4444   -1.0 415.371367  1.239403
sounding_145_152       64.7928   40.9368   -1.0 415.451630 -1.939865
sounding_145_153       64.7304   41.4273   -1.0 415.515175  0.284433
sounding_145_154       64.6667   41.9158   -1.0 415.561450  0.197350
sounding_145_155       64.6015   42.4022   -1.0 415.589114 -0.756682
sounding_145_156       64.5349   42.8867   -1.0 415.584041 -0.028234
sounding_145_157       64.4669   43.3690   -1.0 415.545548  1.021478
sounding_145_158       64.3976   43.8493   -1.0 415.470000  0.635318
sounding_145_159       64.3268   44.3274   -1.0 415.359313  0.812321
sounding_145_160       64.2547   44.8034   -1.0 415.226929  0.660487
sounding_145_161       64.1812   45.2772   -1.0 415.123788  0.658469
sounding_146_151       65.0632   40.5871   -1.0 415.376666  1.686128
sounding_146_152       65.0019   41.0825   -1.0 415.466746 -0.443900
sounding_146_153       64.9392   41.5760   -1.0 415.529724  0.611230
sounding_146_154       64.8751   42.0674   -1.0 415.567757  0.622025
sounding_146_155       64.8095   42.5568   -1.0 415.575954  0.480790
sounding_146_156       64.7426   43.0442   -1.0 415.545245 -0.418353
sounding_146_157       64.6742   43.5294   -1.0 415.492056 -0.868344
sounding_146_158       64.6044   44.0125   -1.0 415.422265  0.755073
sounding_146_159       64.5333   44.4934   -1.0 415.327319  1.112038
sounding_146_160       64.4608   44.9721   -1.0 415.212682  0.027611
sounding_146_161       64.3869   45.4486   -1.0 415.114919 -0.727512
sounding_147_152       65.2107   41.2302   -1.0 415.480915 -0.261516
sounding_147_153       65.1476   41.7267   -1.0 415.548015  0.293411
sounding_147_154       65.0831   42.2212   -1.0 415.583662 -0.701288
sounding_147_155       65.0172   42.7136   -1.0 415.568806  0.779344
sounding_147_156       64.9499   43.2038   -1.0 415.511858  1.302396
sounding_147_157       64.8811   43.6919   -1.0 415.443487 -0.542720
sounding_147_158       64.8110   44.1778   -1.0 415.377507 -0.245460
sounding_147_159       64.7395   44.6615   -1.0 415.297290  0.311177
sounding_147_160       64.6665   45.1430   -1.0 415.209314  1.878862
sounding_147_161       64.5922   45.6223   -1.0 415.129607  0.336945
sounding_148_152       65.4191   41.3799   -1.0 415.526193  0.414821
sounding_148_153       65.3557   41.8795   -1.0 415.585184  1.106304
sounding_148_154       65.2908   42.3770   -1.0 415.607210 -3.202885
sounding_148_155       65.2245   42.8724   -1.0 415.574716  0.317040
sounding_148_156       65.1568   43.3656   -1.0 415.503620 -0.586556
sounding_148_157       65.0877   43.8566   -1.0 415.422380  0.880833
sounding_148_158       65.0171   44.3454   -1.0 415.350666 -0.656737
sounding_148_159       64.9452   44.8319   -1.0 415.283803 -0.189194
sounding_148_160       64.8719   45.3162   -1.0 415.216826  0.100959
sounding_148_161       64.7972   45.7982   -1.0 415.158531  0.068941
sounding_149_152       65.6272   41.5317   -1.0 415.593630 -0.765937
sounding_149_153       65.5634   42.0344   -1.0 415.630088 -0.129502
sounding_149_154       65.4981   42.5349   -1.0 415.630838 -0.870070
sounding_149_155       65.4315   43.0334   -1.0 415.581742 -0.117998
sounding_149_156       65.3634   43.5295   -1.0 415.501866  0.298372
sounding_149_157       65.2939   44.0235   -1.0 415.423049 -0.288491
sounding_149_158       65.2229   44.5152   -1.0 415.356858  1.700108
sounding_149_159       65.1506   45.0046   -1.0 415.293151 -0.012300
sounding_149_160       65.0768   45.4917   -1.0 415.230726 -0.364020
sounding_149_161       65.0017   45.9764   -1.0 415.179106  0.370699
sounding_150_152       65.8349   41.6855   -1.0 415.619410 -0.806638
sounding_150_153       65.7707   42.1914   -1.0 415.636799  0.067953
sounding_150_154       65.7051   42.6951   -1.0 415.616256 -0.052927
sounding_150_155       65.6381   43.1965   -1.0 415.555134 -0.530553
sounding_150_156       65.5696   43.6957   -1.0 415.478240  0.642971
sounding_150_157       65.4997   44.1927   -1.0 415.406911  0.363302
sounding_150_158       65.4283   44.6873   -1.0 415.346717 -1.005420
sounding_150_159       65.3556   45.1796   -1.0 415.274593  0.294367
sounding_150_160       65.2814   45.6695   -1.0 415.202167  1.301101
sounding_150_161       65.2058   46.1570   -1.0 415.147691 -0.858342
sounding_151_152       66.0422   41.8415   -1.0 415.532326  0.935309
sounding_151_153       65.9777   42.3506   -1.0 415.545011  1.213530
sounding_151_154       65.9117   42.8574   -1.0 415.517187  1.827938
sounding_151_155       65.8443   43.3620   -1.0 415.457712  0.133608
sounding_151_156       65.7754   43.8642   -1.0 415.388549  1.213154
sounding_151_157       65.7051   44.3642   -1.0 415.317540  0.242588
sounding_151_158       65.6333   44.8617   -1.0 415.250783 -0.449645
sounding_151_159       65.5601   45.3569   -1.0 415.170998 -0.491412
sounding_151_160       65.4856   45.8497   -1.0 415.080458 -0.690388
sounding_151_161       65.4096   46.3401   -1.0 415.023459  0.098523
sounding_152_155       66.0501   43.5297   -1.0 415.283744 -0.116068
sounding_152_156       65.9808   44.0350   -1.0 415.229324  0.685997
sounding_152_157       65.9101   44.5380   -1.0 415.157754  0.853849
sounding_152_158       65.8379   45.0386   -1.0 415.075177  0.587358
sounding_152_159       65.7643   45.5367   -1.0 414.984979 -0.166447
sounding_152_160       65.6893   46.0324   -1.0 414.891754  0.051735
sounding_152_161       65.6129   46.5255   -1.0 414.837452 -0.238052
sounding_153_157       66.1147   44.7142   -1.0 414.978096 -0.309024
sounding_153_158       66.0421   45.2178   -1.0 414.886091  0.522554
sounding_153_159       65.9681   45.7189   -1.0 414.791386 -0.194347
sounding_153_160       65.8927   46.2175   -1.0 414.703792  2.380671
sounding_153_161       65.8158   46.7136   -1.0 414.651625  0.013348
sounding_154_158       66.2459   45.3996   -1.0 414.739924  0.462769
sounding_154_159       66.1714   45.9037   -1.0 414.650937 -0.817066
sounding_154_160       66.0956   46.4052   -1.0 414.574084  1.092516
sounding_154_161       66.0183   46.9041   -1.0 414.528894 -0.242334
sounding_155_158       66.4492   45.5838   -1.0 414.645006  0.062352
sounding_155_159       66.3744   46.0909   -1.0 414.575041 -0.603659
sounding_155_160       66.2981   46.5955   -1.0 414.518966 -1.525175
sounding_155_161       66.2203   47.0973   -1.0 414.489098 -0.350320
sounding_156_158       66.6522   45.7707   -1.0 414.575361 -0.182584
sounding_156_159       66.5769   46.2809   -1.0 414.540758  1.118760
sounding_156_160       66.5001   46.7884   -1.0 414.518039  1.014699
sounding_156_161       66.4220   47.2932   -1.0 414.499089  0.316411
sounding_157_161       66.6231   47.4918   -1.0 414.501172 -1.596494
sounding_158_161       66.8238   47.6931   -1.0 414.452268  0.012354
sounding_159_161       67.0241   47.8972   -1.0 414.357095 -0.646657
sounding_159_162       66.9431   48.4082   -1.0 414.296223  0.402019
sounding_160_161       67.2238   48.1043   -1.0 414.235299 -0.220062
sounding_160_162       67.1424   48.6182   -1.0 414.221410 -0.181004
sounding_161_161       67.4231   48.3143   -1.0 414.133289 -0.235835
sounding_161_162       67.3412   48.8312   -1.0 414.183855 -0.395011
sounding_162_161       67.6220   48.5273   -1.0 414.108432  0.856287
sounding_162_162       67.5396   49.0473   -1.0 414.194673  0.019482
sounding_163_162       67.7374   49.2664   -1.0 414.210801 -0.240623
