sounding_005_013       31.3082   -5.0307   -1.0 414.208582 -0.919466
sounding_005_014       31.3792   -4.7961   -1.0 414.200265 -0.447124
sounding_005_015       31.4496   -4.5611   -1.0 414.194226 -1.282233
sounding_005_016       31.5194   -4.3255   -1.0 414.186819  0.694387
sounding_005_017       31.5886   -4.0894   -1.0 414.175238  0.529491
sounding_005_018       31.6572   -3.8527   -1.0 414.163597 -0.560935
sounding_005_019       31.7251   -3.6155   -1.0 414.160090  1.257330
sounding_005_020       31.7924   -3.3778   -1.0 414.161369 -2.153218
sounding_005_021       31.8590   -3.1397   -1.0 414.168255  1.479327
sounding_005_022       31.9250   -2.9009   -1.0 414.184853  0.253456
sounding_005_023       31.9904   -2.6617   -1.0 414.208139  0.422141
sounding_005_024       32.0551   -2.4220   -1.0 414.223430  1.381815
sounding_006_013       31.5084   -5.1144   -1.0 414.215973  0.372665
sounding_006_014       31.5798   -4.8792   -1.0 414.198017  1.389498
sounding_006_015       31.6505   -4.6435   -1.0 414.178751 -1.756926
sounding_006_016       31.7206   -4.4073   -1.0 414.161678 -1.256203
sounding_006_017       31.7900   -4.1704   -1.0 414.148404 -0.213203
sounding_006_018       31.8589   -3.9331   -1.0 414.140571 -0.099310
sounding_006_019       31.9271   -3.6953   -1.0 414.141141  0.526061
sounding_006_020       31.9947   -3.4569   -1.0 414.146244 -0.374518
sounding_006_021       32.0616   -3.2180   -1.0 414.158028 -1.560481
sounding_006_022       32.1279   -2.9786   -1.0 414.178506  1.129326
sounding_006_023       32.1936   -2.7387   -1.0 414.207434  0.815473
sounding_006_024       32.2586   -2.4982   -1.0 414.234836  1.690690
sounding_007_014       31.7804   -4.9629   -1.0 414.172487  0.369533
sounding_007_015       31.8515   -4.7265   -1.0 414.147447  2.592694
sounding_007_016       31.9218   -4.4896   -1.0 414.128405  0.906684
sounding_007_017       31.9916   -4.2521   -1.0 414.120579 -1.433450
sounding_007_018       32.0608   -4.0141   -1.0 414.123486 -0.383927
sounding_007_019       32.1293   -3.7755   -1.0 414.132365  0.892068
sounding_007_020       32.1971   -3.5364   -1.0 414.143479 -0.486689
sounding_007_021       32.2644   -3.2969   -1.0 414.157421  1.354996
sounding_007_022       32.3310   -3.0568   -1.0 414.178617 -0.623617
sounding_007_023       32.3969   -2.8161   -1.0 414.207902  0.939227
sounding_007_024       32.4622   -2.5750   -1.0 414.237146  0.144689
sounding_007_025       32.5268   -2.3333   -1.0 414.248470 -0.423098
sounding_008_014       31.9812   -5.0471   -1.0 414.125081 -0.053831
sounding_008_015       32.0526   -4.8100   -1.0 414.112189 -0.343576
sounding_008_016       32.1232   -4.5724   -1.0 414.103512  0.595689
sounding_008_017       32.1933   -4.3342   -1.0 414.106510 -1.876753
sounding_008_018       32.2628   -4.0955   -1.0 414.119880 -0.565049
sounding_008_019       32.3316   -3.8563   -1.0 414.137538  0.770125
sounding_008_020       32.3997   -3.6166   -1.0 414.155994 -0.036922
sounding_008_021       32.4672   -3.3763   -1.0 414.172726 -0.360802
sounding_008_022       32.5341   -3.1354   -1.0 414.193049  0.239357
sounding_008_023       32.6003   -2.8941   -1.0 414.219630  0.190066
sounding_008_024       32.6659   -2.6522   -1.0 414.244842 -0.902461
sounding_008_025       32.7308   -2.4099   -1.0 414.254299  0.477180
sounding_008_026       32.7951   -2.1670   -1.0 414.242004 -1.347272
sounding_009_020       32.6025   -3.6971   -1.0 414.178798 -0.915106
sounding_009_021       32.6703   -3.4562   -1.0 414.203071  1.746981
sounding_009_022       32.7374   -3.2146   -1.0 414.226362 -1.545288
sounding_009_023       32.8040   -2.9726   -1.0 414.248824 -0.102290
sounding_009_024       32.8698   -2.7300   -1.0 414.267726  1.150251
sounding_009_025       32.9350   -2.4869   -1.0 414.272752  0.373410
sounding_009_026       32.9996   -2.2433   -1.0 414.264140 -0.017030
sounding_010_019       32.7366   -4.0195   -1.0 414.182939  0.075787
sounding_010_020       32.8053   -3.7783   -1.0 414.215524  0.825788
sounding_010_021       32.8734   -3.5366   -1.0 414.241953 -1.215000
sounding_010_022       32.9409   -3.2944   -1.0 414.265695  3.547218
sounding_010_023       33.0077   -3.0516   -1.0 414.288447 -0.556836
sounding_010_024       33.0738   -2.8083   -1.0 414.310267 -0.810840
sounding_010_025       33.1393   -2.5645   -1.0 414.314690 -0.662390
sounding_010_026       33.2041   -2.3202   -1.0 414.305617  0.933677
sounding_010_027       33.2683   -2.0753   -1.0 414.298231 -1.805440
sounding_011_017       32.7992   -4.5839   -1.0 414.111871  0.180463
sounding_011_018       32.8696   -4.3432   -1.0 414.167999 -0.000172
sounding_011_019       32.9393   -4.1019   -1.0 414.219868  0.934490
sounding_011_020       33.0083   -3.8600   -1.0 414.250714 -0.971208
sounding_011_021       33.0767   -3.6176   -1.0 414.271377  0.650759
sounding_011_022       33.1445   -3.3746   -1.0 414.290935 -0.954357
sounding_011_023       33.2116   -3.1311   -1.0 414.324253 -1.203376
sounding_011_024       33.2780   -2.8871   -1.0 414.361601 -0.038309
sounding_011_025       33.3438   -2.6426   -1.0 414.383408 -1.588067
sounding_011_026       33.4089   -2.3975   -1.0 414.381541  2.281527
sounding_011_027       33.4733   -2.1519   -1.0 414.370095 -0.439757
sounding_012_017       33.0014   -4.6683   -1.0 414.109325 -1.132047
sounding_012_018       33.0721   -4.4268   -1.0 414.181936  2.080250
sounding_012_019       33.1421   -4.1848   -1.0 414.231147  2.353547
sounding_012_020       33.2114   -3.9422   -1.0 414.248072  1.545727
sounding_012_021       33.2801   -3.6991   -1.0 414.268653  1.562899
sounding_012_022       33.3482   -3.4554   -1.0 414.301571 -0.113012
sounding_012_023       33.4156   -3.2112   -1.0 414.351870 -1.605845
sounding_012_024       33.4823   -2.9665   -1.0 414.427227  0.847560
sounding_012_025       33.5483   -2.7212   -1.0 414.472892  0.979888
sounding_012_026       33.6138   -2.4753   -1.0 414.466770 -0.928444
sounding_012_027       33.6785   -2.2290   -1.0 414.437822  1.013911
sounding_012_028       33.7425   -1.9822   -1.0 414.385097 -1.629935
sounding_013_018       33.2747   -4.5110   -1.0 414.155283 -0.634014
sounding_013_019       33.3450   -4.2683   -1.0 414.171895  0.747553
sounding_013_020       33.4147   -4.0250   -1.0 414.195785 -0.977669
sounding_013_021       33.4837   -3.7811   -1.0 414.236205  2.815003
sounding_013_022       33.5520   -3.5367   -1.0 414.286255 -0.603801
sounding_013_023       33.6197   -3.2918   -1.0 414.343627  0.864263
sounding_013_024       33.6867   -3.0463   -1.0 414.418674 -1.095375
sounding_013_025       33.7531   -2.8003   -1.0 414.482715 -0.401966
sounding_013_026       33.8187   -2.5537   -1.0 414.503844 -0.478585
sounding_013_027       33.8838   -2.3066   -1.0 414.466150  0.752515
sounding_013_028       33.9481   -2.0591   -1.0 414.393489  0.481082
sounding_013_029       34.0117   -1.8109   -1.0 414.330242  1.599494
sounding_014_018       33.4775   -4.5958   -1.0 414.058294  0.883410
sounding_014_019       33.5481   -4.3523   -1.0 414.053068 -1.933142
sounding_014_021       33.6873   -3.8637   -1.0 414.158913  0.044551
sounding_014_022       33.7560   -3.6186   -1.0 414.236979  0.810992
sounding_014_023       33.8240   -3.3730   -1.0 414.283431  0.282391
sounding_014_024       33.8913   -3.1267   -1.0 414.313610 -1.427870
sounding_014_025       33.9579   -2.8800   -1.0 414.374412  2.871093
sounding_014_026       34.0239   -2.6327   -1.0 414.411501 -1.092273
sounding_014_027       34.0892   -2.3848   -1.0 414.385338  0.176872
sounding_014_028       34.1538   -2.1364   -1.0 414.337091  2.435594
sounding_014_029       34.2177   -1.8875   -1.0 414.308429 -0.779418
sounding_015_019       33.7513   -4.4369   -1.0 413.938395  0.009452
sounding_015_022       33.9601   -3.7010   -1.0 414.180253  2.785199
sounding_015_023       34.0283   -3.4546   -1.0 414.219892  1.203565
sounding_015_024       34.0960   -3.2077   -1.0 414.212801  1.005584
sounding_015_025       34.1629   -2.9602   -1.0 414.205249 -0.100675
sounding_015_026       34.2291   -2.7121   -1.0 414.197071 -0.033310
sounding_015_027       34.2947   -2.4635   -1.0 414.194786  0.589491
sounding_015_028       34.3596   -2.2144   -1.0 414.183197  1.336273
sounding_015_029       34.4238   -1.9647   -1.0 414.166749 -0.688284
sounding_015_030       34.4873   -1.7145   -1.0 414.125282  0.758170
sounding_016_019       33.9546   -4.5221   -1.0 413.869079 -1.728860
sounding_016_020       34.0251   -4.2767   -1.0 413.966998  0.717363
sounding_016_021       34.0950   -4.0306   -1.0 414.066802 -1.772425
sounding_016_022       34.1643   -3.7841   -1.0 414.166881 -0.604579
sounding_016_023       34.2328   -3.5369   -1.0 414.219206  0.147972
sounding_016_024       34.3008   -3.2892   -1.0 414.175670 -0.276741
sounding_016_025       34.3680   -3.0409   -1.0 414.074161  0.329752
sounding_016_026       34.4345   -2.7921   -1.0 414.015602  0.632526
sounding_016_027       34.5004   -2.5428   -1.0 413.995255  1.946716
sounding_016_028       34.5656   -2.2929   -1.0 413.974322 -0.982834
sounding_016_029       34.6300   -2.0424   -1.0 413.915766 -1.238799
sounding_016_030       34.6938   -1.7914   -1.0 413.832233  0.355305
sounding_016_031       34.7570   -1.5399   -1.0 413.803055  2.282588
sounding_017_020       34.2289   -4.3617   -1.0 413.982797  2.481508
sounding_017_021       34.2991   -4.1149   -1.0 414.100818 -0.146258
sounding_017_022       34.3686   -3.8676   -1.0 414.206373 -0.596891
sounding_017_023       34.4375   -3.6197   -1.0 414.260330  1.021156
sounding_017_024       34.5057   -3.3712   -1.0 414.180014  0.038431
sounding_017_025       34.5732   -3.1222   -1.0 414.010467  0.508418
sounding_017_026       34.6400   -2.8727   -1.0 413.903236  1.481547
sounding_017_027       34.7062   -2.6225   -1.0 413.859778 -1.848413
sounding_017_028       34.7716   -2.3719   -1.0 413.832622  1.279598
sounding_017_029       34.8364   -2.1206   -1.0 413.749936 -0.318731
sounding_017_030       34.9005   -1.8689   -1.0 413.658116 -1.383224
sounding_017_031       34.9639   -1.6166   -1.0 413.618538  1.512569
sounding_018_021       34.5032   -4.1998   -1.0 414.178917 -1.980160
sounding_018_024       34.7107   -3.4539   -1.0 414.164708 -0.872312
sounding_018_025       34.7785   -3.2041   -1.0 414.005907  1.126484
sounding_018_026       34.8456   -2.9538   -1.0 413.888555 -0.597382
sounding_018_027       34.9121   -2.7029   -1.0 413.822530 -0.877822
sounding_018_028       34.9778   -2.4514   -1.0 413.769424 -1.242977
sounding_018_029       35.0429   -2.1994   -1.0 413.700952  0.029619
sounding_018_031       35.1709   -1.6938   -1.0 413.575179 -0.490084
sounding_018_032       35.2339   -1.4402   -1.0 413.590051  0.522587
sounding_019_026       35.0514   -3.0354   -1.0 413.906726 -0.370490
sounding_019_027       35.1181   -2.7837   -1.0 413.827876 -0.521184
sounding_020_026       35.2572   -3.1176   -1.0 413.902781  0.809255
sounding_021_022       35.1870   -4.2076   -1.0 414.050418  0.673990
sounding_026_031       36.8314   -2.3312   -1.0 414.214850 -1.881506
sounding_026_032       36.8967   -2.0710   -1.0 414.187638  1.421269
sounding_027_027       36.7702   -3.4514   -1.0 414.251785 -0.342779
sounding_027_028       36.8386   -3.1928   -1.0 414.381633  1.471780
sounding_027_029       36.9063   -2.9336   -1.0 414.464717 -0.438124
sounding_027_030       36.9732   -2.6738   -1.0 414.491903  1.298673
sounding_027_031       37.0395   -2.4134   -1.0 414.476266  1.405284
sounding_027_032       37.1050   -2.1524   -1.0 414.411142 -1.313681
sounding_027_033       37.1698   -1.8908   -1.0 414.241462 -0.378564
sounding_028_027       36.9772   -3.5375   -1.0 414.400063 -0.802046
sounding_028_028       37.0459   -3.2781   -1.0 414.511131  0.129640
sounding_028_029       37.1138   -3.0181   -1.0 414.596539 -0.601910
sounding_028_030       37.1811   -2.7574   -1.0 414.619749 -0.657441
sounding_028_031       37.2476   -2.4962   -1.0 414.615022 -1.116032
sounding_028_032       37.3134   -2.2344   -1.0 414.534617 -0.366686
sounding_028_033       37.3785   -1.9720   -1.0 414.335676 -1.004300
sounding_028_034       37.4428   -1.7089   -1.0 414.163216  1.732560
sounding_029_027       37.1842   -3.6243   -1.0 414.377135 -1.486006
sounding_029_028       37.2532   -3.3640   -1.0 414.470727  1.902538
sounding_029_029       37.3215   -3.1032   -1.0 414.549630  0.045275
sounding_029_030       37.3890   -2.8417   -1.0 414.560653  1.902400
sounding_029_031       37.4559   -2.5796   -1.0 414.552898  0.432811
sounding_029_032       37.5219   -2.3170   -1.0 414.519488 -0.373184
sounding_029_033       37.5873   -2.0537   -1.0 414.364037 -1.287034
sounding_029_034       37.6519   -1.7898   -1.0 414.211138 -0.318722
sounding_029_035       37.7158   -1.5254   -1.0 414.105201 -0.246566
sounding_030_028       37.4607   -3.4506   -1.0 414.305809 -0.587312
sounding_030_029       37.5292   -3.1889   -1.0 414.281296  2.900604
sounding_030_030       37.5971   -2.9266   -1.0 414.283322 -0.934765
sounding_030_031       37.6642   -2.6636   -1.0 414.346672 -0.548904
sounding_030_032       37.7306   -2.4001   -1.0 414.415275  2.276927
sounding_030_033       37.7962   -2.1360   -1.0 414.354340 -0.039434
sounding_030_034       37.8611   -1.8713   -1.0 414.172066  0.418703
sounding_030_035       37.9253   -1.6059   -1.0 414.008604  0.043931
sounding_030_036       37.9887   -1.3400   -1.0 413.908257 -0.638549
sounding_031_029       37.7371   -3.2752   -1.0 414.003178 -0.754169
sounding_031_030       37.8052   -3.0120   -1.0 414.036529 -1.602247
sounding_031_031       37.8726   -2.7483   -1.0 414.168806  1.039745
sounding_031_032       37.9393   -2.4839   -1.0 414.301698 -0.630595
sounding_031_033       38.0052   -2.2189   -1.0 414.349536  0.556679
sounding_031_034       38.0704   -1.9533   -1.0 414.150572 -0.554777
sounding_031_035       38.1348   -1.6871   -1.0 413.853653 -1.005857
sounding_031_036       38.1985   -1.4203   -1.0 413.759603  0.391046
sounding_031_037       38.2615   -1.1529   -1.0 413.829013 -0.708880
sounding_031_038       38.3237   -0.8850   -1.0 413.928617 -0.369596
sounding_031_039       38.3851   -0.6164   -1.0 414.017943  1.345691
sounding_032_029       37.9450   -3.3621   -1.0 413.892193  1.476918
sounding_032_030       38.0134   -3.0981   -1.0 413.945276  1.838041
sounding_032_031       38.0811   -2.8335   -1.0 414.062746 -0.027613
sounding_032_032       38.1481   -2.5682   -1.0 414.179911  0.585833
sounding_032_033       38.2143   -2.3024   -1.0 414.288854 -1.751187
sounding_032_034       38.2798   -2.0359   -1.0 414.186334  0.227424
sounding_032_035       38.3445   -1.7688   -1.0 413.877280  0.708654
sounding_032_036       38.4085   -1.5012   -1.0 413.747687  0.603308
sounding_032_037       38.4717   -1.2329   -1.0 413.864516 -0.730097
sounding_032_038       38.5342   -0.9640   -1.0 413.986498 -0.231249
sounding_032_039       38.5959   -0.6946   -1.0 414.050855  0.805548
sounding_032_040       38.6568   -0.4245   -1.0 414.072624  0.954526
sounding_033_030       38.2217   -3.1848   -1.0 413.937152 -1.327555
sounding_033_031       38.2897   -2.9193   -1.0 413.998421 -1.354818
sounding_033_032       38.3570   -2.6532   -1.0 414.073617 -1.867130
sounding_033_033       38.4235   -2.3865   -1.0 414.178878 -0.708573
sounding_033_034       38.4892   -2.1191   -1.0 414.202684  0.945372
sounding_033_035       38.5542   -1.8512   -1.0 414.001496  0.334578
sounding_033_036       38.6185   -1.5826   -1.0 413.849014 -0.174890
sounding_033_037       38.6820   -1.3135   -1.0 413.887781  0.112215
sounding_033_038       38.7448   -1.0437   -1.0 413.967012  0.887320
sounding_033_039       38.8067   -0.7733   -1.0 413.950508 -1.237759
sounding_033_040       38.8680   -0.5024   -1.0 413.950043 -0.429042
sounding_033_041       38.9284   -0.2309   -1.0 413.989162  1.436393
sounding_034_030       38.4301   -3.2722   -1.0 413.943263  0.018664
sounding_034_031       38.4984   -3.0058   -1.0 413.953013  0.999683
sounding_034_032       38.5659   -2.7389   -1.0 413.992438  0.333328
sounding_034_033       38.6327   -2.4712   -1.0 414.063856  1.570982
sounding_034_034       38.6988   -2.2030   -1.0 414.114990 -0.908174
sounding_034_035       38.7641   -1.9341   -1.0 414.028796 -1.837513
sounding_034_036       38.8286   -1.6647   -1.0 413.922898 -0.501325
sounding_034_037       38.8924   -1.3946   -1.0 413.915567 -0.585276
sounding_034_038       38.9554   -1.1239   -1.0 413.937325  1.684596
sounding_034_039       39.0177   -0.8527   -1.0 413.879350 -0.246882
sounding_034_040       39.0792   -0.5808   -1.0 413.855823 -0.189373
sounding_034_041       39.1399   -0.3084   -1.0 413.897772 -0.564723
sounding_035_031       38.7071   -3.0930   -1.0 413.863253 -0.107616
sounding_035_032       38.7750   -2.8251   -1.0 413.883413  2.037871
sounding_035_033       38.8421   -2.5566   -1.0 413.921299  0.509197
sounding_035_034       38.9084   -2.2875   -1.0 413.943177  0.272928
sounding_035_035       38.9740   -2.0177   -1.0 413.920056  1.005215
sounding_035_036       39.0388   -1.7473   -1.0 413.907121 -3.819843
sounding_035_037       39.1029   -1.4764   -1.0 413.930472 -0.152451
sounding_035_038       39.1662   -1.2048   -1.0 413.935764 -1.617178
sounding_035_039       39.2287   -0.9326   -1.0 413.873512 -0.509376
sounding_035_040       39.2905   -0.6598   -1.0 413.829499  0.634086
sounding_035_041       39.3515   -0.3864   -1.0 413.828848 -0.889999
sounding_036_032       38.9841   -2.9120   -1.0 413.734404 -0.698753
sounding_036_033       39.0515   -2.6426   -1.0 413.755608 -0.389938
sounding_036_034       39.1181   -2.3726   -1.0 413.767532  1.061635
sounding_036_035       39.1840   -2.1019   -1.0 413.789858  1.861018
sounding_036_036       39.2491   -1.8306   -1.0 413.839326  0.078690
sounding_036_037       39.3135   -1.5588   -1.0 413.906585 -0.752997
sounding_036_038       39.3770   -1.2862   -1.0 413.936263 -1.728735
sounding_036_039       39.4398   -1.0131   -1.0 413.889375 -0.697322
sounding_036_040       39.5019   -0.7394   -1.0 413.805883 -2.040322
sounding_036_041       39.5631   -0.4651   -1.0 413.751897 -0.562092
sounding_037_032       39.1932   -2.9995   -1.0 413.574148  0.292200
sounding_037_033       39.2609   -2.7292   -1.0 413.603298  0.478133
sounding_037_034       39.3279   -2.4583   -1.0 413.625887  0.340961
sounding_037_035       39.3941   -2.1867   -1.0 413.667790  0.074609
sounding_037_036       39.4595   -1.9145   -1.0 413.733920  2.095482
sounding_037_037       39.5241   -1.6417   -1.0 413.817508  0.027052
sounding_037_038       39.5880   -1.3683   -1.0 413.883806 -0.370549
sounding_037_039       39.6510   -1.0942   -1.0 413.892830  0.204823
sounding_037_040       39.7134   -0.8196   -1.0 413.796206  0.148599
sounding_037_041       39.7749   -0.5443   -1.0 413.672623 -0.785909
sounding_037_042       39.8356   -0.2684   -1.0 413.613264 -0.032703
sounding_038_033       39.4705   -2.8165   -1.0 413.455927 -1.152529
sounding_038_034       39.5377   -2.5446   -1.0 413.496348  0.444073
sounding_038_035       39.6042   -2.2722   -1.0 413.523154  0.535867
sounding_038_036       39.6699   -1.9991   -1.0 413.578339 -0.793164
sounding_038_037       39.7348   -1.7253   -1.0 413.661656  0.327363
sounding_038_038       39.7990   -1.4510   -1.0 413.749199  0.626102
sounding_038_039       39.8623   -1.1760   -1.0 413.805695 -1.681072
sounding_038_040       39.9249   -0.9004   -1.0 413.791964  1.547696
sounding_038_041       39.9867   -0.6241   -1.0 413.642667 -1.448857
sounding_038_042       40.0477   -0.3473   -1.0 413.507809  0.874413
sounding_038_043       40.1080   -0.0699   -1.0 413.479909 -0.925899
sounding_039_033       39.6801   -2.9044   -1.0 413.278440  1.794399
sounding_039_034       39.7476   -2.6317   -1.0 413.316973  0.877060
sounding_039_035       39.8144   -2.3583   -1.0 413.328954  1.366552
sounding_039_036       39.8804   -2.0843   -1.0 413.374715 -2.604030
sounding_039_037       39.9456   -1.8096   -1.0 413.448862 -0.424424
sounding_039_038       40.0100   -1.5343   -1.0 413.528223 -0.440596
sounding_039_039       40.0737   -1.2583   -1.0 413.605000 -0.136838
sounding_039_040       40.1366   -0.9818   -1.0 413.657961 -1.166706
sounding_039_041       40.1986   -0.7046   -1.0 413.621327  0.803171
sounding_039_042       40.2599   -0.4268   -1.0 413.475256 -0.618619
sounding_039_043       40.3204   -0.1484   -1.0 413.304853  0.937339
sounding_039_044       40.3801    0.1306   -1.0 413.214080 -0.882420
sounding_040_034       39.9576   -2.7193   -1.0 413.036197  1.395507
sounding_040_035       40.0247   -2.4450   -1.0 413.061711 -0.831499
sounding_040_036       40.0909   -2.1701   -1.0 413.106741  0.376427
sounding_040_037       40.1565   -1.8945   -1.0 413.176243  1.151888
sounding_040_038       40.2212   -1.6182   -1.0 413.255426 -0.697563
sounding_040_039       40.2851   -1.3413   -1.0 413.340239 -0.467907
sounding_040_040       40.3483   -1.0638   -1.0 413.402964 -0.763781
sounding_040_041       40.4106   -0.7856   -1.0 413.458739  1.950073
sounding_040_042       40.4722   -0.5069   -1.0 413.399872 -0.000959
sounding_040_043       40.5329   -0.2275   -1.0 413.047027 -1.462541
sounding_040_044       40.5929    0.0525   -1.0 412.857854  1.425014
sounding_040_045       40.6521    0.3331   -1.0 413.010025 -0.052976
sounding_041_035       40.2350   -2.5324   -1.0 412.677256 -0.661483
sounding_041_036       40.3016   -2.2565   -1.0 412.747918 -0.768874
sounding_041_037       40.3674   -1.9800   -1.0 412.826092 -1.485407
sounding_041_038       40.4324   -1.7028   -1.0 412.918193  1.784302
sounding_041_039       40.4966   -1.4249   -1.0 413.012725  0.942299
sounding_041_040       40.5600   -1.1464   -1.0 413.101556  1.357119
sounding_041_041       40.6227   -0.8673   -1.0 413.190869 -2.408601
sounding_041_042       40.6845   -0.5876   -1.0 413.090861 -2.099930
sounding_041_043       40.7455   -0.3072   -1.0 412.754365 -0.386567
sounding_041_044       40.8058   -0.0262   -1.0 412.679953 -1.115996
sounding_041_045       40.8652    0.2553   -1.0 412.944450  0.251987
sounding_042_035       40.4454   -2.6205   -1.0 412.151083 -0.507802
sounding_042_036       40.5123   -2.3436   -1.0 412.265556  0.791645
sounding_042_037       40.5784   -2.0661   -1.0 412.367003 -0.478253
sounding_042_038       40.6437   -1.7880   -1.0 412.464759 -0.093555
sounding_042_039       40.7082   -1.5092   -1.0 412.577567 -0.775776
sounding_042_040       40.7719   -1.2297   -1.0 412.714715  0.649944
sounding_042_041       40.8348   -0.9496   -1.0 412.758206  0.213337
sounding_042_042       40.8969   -0.6689   -1.0 412.632212 -0.294912
sounding_042_043       40.9582   -0.3876   -1.0 412.558656  0.105162
sounding_042_044       41.0187   -0.1056   -1.0 412.684502 -0.584505
sounding_042_045       41.0784    0.1770   -1.0 412.972746 -0.898661
sounding_042_046       41.1373    0.4602   -1.0 413.258189 -0.141540
sounding_043_036       40.7230   -2.4314   -1.0 411.658374 -0.917498
sounding_043_037       40.7894   -2.1530   -1.0 411.744902 -0.454808
sounding_043_038       40.8550   -1.8738   -1.0 411.833712  0.965676
sounding_043_039       40.9198   -1.5941   -1.0 411.979481 -1.106819
sounding_043_040       40.9838   -1.3137   -1.0 412.165337  1.881735
sounding_043_041       41.0470   -1.0326   -1.0 412.221278  0.287725
sounding_043_042       41.1094   -0.7509   -1.0 412.266899 -0.801589
sounding_043_043       41.1710   -0.4685   -1.0 412.436307  0.318653
sounding_043_044       41.2317   -0.1855   -1.0 412.668110  1.615854
sounding_043_045       41.2917    0.0980   -1.0 412.911030  1.158021
sounding_043_046       41.3508    0.3823   -1.0 413.142419  2.080955
sounding_044_036       40.9338   -2.5199   -1.0 411.012753 -0.473068
sounding_044_037       41.0005   -2.2405   -1.0 411.087409 -1.171473
sounding_044_038       41.0664   -1.9604   -1.0 411.191146  0.630981
sounding_044_039       41.1315   -1.6796   -1.0 411.363222  0.045241
sounding_044_040       41.1958   -1.3982   -1.0 411.560380  0.125721
sounding_044_041       41.2592   -1.1162   -1.0 411.712063 -0.051046
sounding_044_042       41.3219   -0.8335   -1.0 411.927355 -0.603310
sounding_044_043       41.3838   -0.5501   -1.0 412.213249  1.733065
sounding_044_044       41.4448   -0.2661   -1.0 412.474114  0.757844
sounding_044_045       41.5050    0.0185   -1.0 412.694669  0.495463
sounding_044_046       41.5645    0.3037   -1.0 412.886893 -0.280039
sounding_044_047       41.6230    0.5896   -1.0 413.051382 -0.235854
sounding_045_037       41.2116   -2.3286   -1.0 410.624224 -0.291787
sounding_045_038       41.2778   -2.0476   -1.0 410.765663  0.030591
sounding_045_039       41.3432   -1.7658   -1.0 410.929938 -0.427221
sounding_045_040       41.4078   -1.4835   -1.0 411.061236  0.850989
sounding_045_041       41.4716   -1.2004   -1.0 411.244364 -0.380822
sounding_045_042       41.5345   -0.9167   -1.0 411.558003  0.738977
sounding_045_043       41.5966   -0.6323   -1.0 411.872693 -1.380542
sounding_045_044       41.6579   -0.3473   -1.0 412.122802 -1.591918
sounding_045_045       41.7185   -0.0617   -1.0 412.342142  0.698799
sounding_045_046       41.7781    0.2246   -1.0 412.554614  0.469904
sounding_045_047       41.8370    0.5115   -1.0 412.722607 -0.555593
sounding_045_048       41.8950    0.7990   -1.0 412.768801 -0.413525
sounding_046_039       41.5550   -1.8527   -1.0 410.659989 -0.035880
sounding_046_045       41.9319   -0.1425   -1.0 411.937741  0.228686
sounding_046_048       42.1093    0.7213   -1.0 412.351685 -0.514749
sounding_047_049       42.3813    0.9332   -1.0 412.083728  0.204695
sounding_048_049       42.5959    0.8554   -1.0 411.619975 -0.393516
sounding_054_043       43.5146   -1.4022   -1.0 411.416100 -0.549575
sounding_054_044       43.5784   -1.1077   -1.0 411.435224  0.198120
sounding_054_045       43.6414   -0.8126   -1.0 411.423738 -0.033364
sounding_054_046       43.7036   -0.5167   -1.0 411.390098  0.807105
sounding_055_044       43.7920   -1.1957   -1.0 411.423262  0.932720
sounding_055_045       43.8553   -0.8994   -1.0 411.443774 -0.844812
sounding_055_046       43.9177   -0.6025   -1.0 411.439204  0.026433
sounding_055_047       43.9793   -0.3048   -1.0 411.407962 -0.003733
sounding_055_048       44.0400   -0.0065   -1.0 411.383284  0.424777
sounding_055_049       44.0998    0.2926   -1.0 411.358914 -0.591259
sounding_055_050       44.1588    0.5923   -1.0 411.324405 -1.328280
sounding_055_051       44.2169    0.8926   -1.0 411.284559  0.014176
sounding_055_052       44.2741    1.1937   -1.0 411.274178  0.987447
sounding_056_044       44.0056   -1.2843   -1.0 411.296792  0.600135
sounding_056_045       44.0692   -0.9869   -1.0 411.330489 -0.318249
sounding_056_047       44.1938   -0.3901   -1.0 411.359670 -0.040668
sounding_056_048       44.2547   -0.0906   -1.0 411.372269 -0.284882
sounding_056_049       44.3148    0.2095   -1.0 411.381030 -0.792177
sounding_056_050       44.3741    0.5103   -1.0 411.373090 -0.595281
sounding_056_051       44.4324    0.8119   -1.0 411.336862 -0.885013
sounding_056_052       44.4899    1.1141   -1.0 411.298582  0.464072
sounding_056_053       44.5465    1.4169   -1.0 411.304529 -1.050272
sounding_056_054       44.6022    1.7204   -1.0 411.380578  0.477173
sounding_057_045       44.2831   -1.0752   -1.0 411.209278  0.655679
sounding_057_048       44.4695   -0.1755   -1.0 411.257526 -0.025304
sounding_057_049       44.5299    0.1258   -1.0 411.300302  0.094370
sounding_057_050       44.5894    0.4278   -1.0 411.334560  1.951533
sounding_057_051       44.6480    0.7304   -1.0 411.332826  0.667311
sounding_057_052       44.7057    1.0338   -1.0 411.325903 -0.027963
sounding_057_053       44.7625    1.3378   -1.0 411.308587 -1.344072
sounding_057_054       44.8185    1.6425   -1.0 411.340985  2.180354
sounding_058_045       44.4970   -1.1641   -1.0 411.223370 -0.898627
sounding_058_046       44.5603   -0.8639   -1.0 411.180723 -1.602918
sounding_058_047       44.6227   -0.5628   -1.0 411.143471  0.567265
sounding_058_048       44.6843   -0.2611   -1.0 411.143567  0.192244
sounding_058_049       44.7449    0.0413   -1.0 411.183140 -1.434710
sounding_058_050       44.8047    0.3445   -1.0 411.233099  1.440114
sounding_058_051       44.8636    0.6483   -1.0 411.274778  0.939993
sounding_058_052       44.9216    0.9528   -1.0 411.306129 -0.584581
sounding_058_053       44.9787    1.2581   -1.0 411.315638  0.231687
sounding_058_054       45.0349    1.5639   -1.0 411.341885  1.592025
sounding_058_055       45.0902    1.8705   -1.0 411.410386  0.696329
sounding_059_046       44.7745   -0.9524   -1.0 411.305452  0.700973
sounding_059_047       44.8372   -0.6503   -1.0 411.209149 -1.695648
sounding_059_048       44.8991   -0.3474   -1.0 411.152774 -2.104250
sounding_059_049       44.9600   -0.0438   -1.0 411.156013  0.466026
sounding_059_050       45.0200    0.2605   -1.0 411.195268  1.922510
sounding_059_051       45.0792    0.5655   -1.0 411.238255  1.383475
sounding_059_052       45.1374    0.8712   -1.0 411.284512 -0.471647
sounding_059_053       45.1948    1.1776   -1.0 411.314507 -1.287780
sounding_059_054       45.2513    1.4847   -1.0 411.344916 -0.484088
sounding_059_055       45.3068    1.7925   -1.0 411.392567 -1.004898
sounding_059_056       45.3615    2.1009   -1.0 411.471706 -1.527010
sounding_060_046       44.9888   -1.0417   -1.0 411.488587 -0.263423
sounding_060_047       45.0518   -0.7384   -1.0 411.382841  1.296818
sounding_060_049       45.1751   -0.1296   -1.0 411.270093  0.989330
sounding_060_050       45.2354    0.1758   -1.0 411.271523 -0.269711
sounding_060_051       45.2948    0.4821   -1.0 411.288634 -1.516969
sounding_060_052       45.3533    0.7889   -1.0 411.309709 -1.420621
sounding_060_053       45.4110    1.0965   -1.0 411.318310  0.845619
sounding_060_054       45.4677    1.4048   -1.0 411.327575  0.515954
sounding_060_055       45.5235    1.7138   -1.0 411.364045 -0.506722
sounding_060_056       45.5784    2.0234   -1.0 411.433946 -0.261492
sounding_061_046       45.2030   -1.1318   -1.0 411.595495  1.459237
sounding_061_047       45.2663   -0.8273   -1.0 411.519266  0.587529
sounding_061_048       45.3287   -0.5221   -1.0 411.457932 -0.851263
sounding_061_050       45.4508    0.0905   -1.0 411.416235  1.481508
sounding_061_051       45.5105    0.3979   -1.0 411.411039 -1.115099
sounding_061_052       45.5693    0.7060   -1.0 411.399597  0.079347
sounding_061_053       45.6272    1.0147   -1.0 411.380630  0.101552
sounding_061_054       45.6841    1.3242   -1.0 411.363365 -1.111161
sounding_061_055       45.7402    1.6344   -1.0 411.372353  1.607027
sounding_061_056       45.7954    1.9453   -1.0 411.415827 -1.824999
sounding_061_057       45.8496    2.2568   -1.0 411.479212 -1.071576
sounding_062_047       45.4808   -0.9170   -1.0 411.568369  2.256903
sounding_062_048       45.5435   -0.6106   -1.0 411.521059 -0.433950
sounding_062_049       45.6053   -0.3035   -1.0 411.501983  0.127826
sounding_062_051       45.7261    0.3130   -1.0 411.532254  0.474832
sounding_062_052       45.7852    0.6222   -1.0 411.530573  0.248492
sounding_062_053       45.8434    0.9323   -1.0 411.495912 -0.624660
sounding_062_054       45.9006    1.2430   -1.0 411.453557 -2.240569
sounding_062_055       45.9569    1.5544   -1.0 411.424152 -0.604115
sounding_062_056       46.0123    1.8665   -1.0 411.416381  1.608678
sounding_062_057       46.0668    2.1793   -1.0 411.448384  0.279762
sounding_063_047       45.6954   -1.0073   -1.0 411.578482 -1.263880
sounding_063_048       45.7584   -0.6998   -1.0 411.523600 -0.261331
sounding_063_049       45.8204   -0.3915   -1.0 411.508544 -1.704960
sounding_063_051       45.9418    0.2273   -1.0 411.586430  0.246986
sounding_063_052       46.0012    0.5378   -1.0 411.612501 -0.826001
sounding_063_053       46.0596    0.8491   -1.0 411.584196 -0.027681
sounding_063_054       46.1171    1.1610   -1.0 411.533838 -1.154854
sounding_063_055       46.1737    1.4737   -1.0 411.484126 -1.304004
sounding_063_056       46.2293    1.7870   -1.0 411.444287  0.829467
sounding_063_057       46.2841    2.1010   -1.0 411.440869  0.227563
sounding_063_058       46.3379    2.4158   -1.0 411.474043  1.461524
sounding_064_049       46.0355   -0.4803   -1.0 411.482789  0.283833
sounding_064_050       46.0970   -0.1700   -1.0 411.506811 -1.834864
sounding_064_051       46.1575    0.1410   -1.0 411.550616 -1.491032
sounding_064_052       46.2171    0.4527   -1.0 411.578669 -0.877334
sounding_064_053       46.2758    0.7652   -1.0 411.590783 -1.650145
sounding_064_054       46.3336    1.0784   -1.0 411.564811  0.162953
sounding_064_055       46.3904    1.3923   -1.0 411.532215 -0.255448
sounding_064_056       46.4464    1.7069   -1.0 411.489898 -0.523004
sounding_064_057       46.5014    2.0222   -1.0 411.472563  0.237614
sounding_064_058       46.5554    2.3382   -1.0 411.490516 -1.196799
sounding_065_050       46.3124   -0.2583   -1.0 411.456996  0.960970
sounding_065_051       46.3732    0.0539   -1.0 411.477263 -0.178377
sounding_065_052       46.4331    0.3669   -1.0 411.513481  0.540259
sounding_065_053       46.4920    0.6806   -1.0 411.546346  0.479812
sounding_065_054       46.5501    0.9950   -1.0 411.551147  0.499050
sounding_065_055       46.6072    1.3102   -1.0 411.537836  0.002865
sounding_065_056       46.6634    1.6260   -1.0 411.520163  0.595868
sounding_065_057       46.7186    1.9426   -1.0 411.516967 -2.257938
sounding_065_058       46.7729    2.2599   -1.0 411.540947 -2.118803
sounding_065_059       46.8263    2.5778   -1.0 411.588041 -1.170187
sounding_066_050       46.5278   -0.3474   -1.0 411.439525  0.415166
sounding_066_051       46.5888   -0.0340   -1.0 411.438982 -1.521464
sounding_066_052       46.6490    0.2802   -1.0 411.458193  0.351350
sounding_066_053       46.7082    0.5952   -1.0 411.490687  0.582757
sounding_066_054       46.7666    0.9109   -1.0 411.514558  1.023366
sounding_066_055       46.8239    1.2274   -1.0 411.533224  0.890703
sounding_066_056       46.8804    1.5445   -1.0 411.544456  0.291930
sounding_066_057       46.9359    1.8624   -1.0 411.564649  0.915294
sounding_066_058       46.9905    2.1809   -1.0 411.596241  0.429323
sounding_066_059       47.0441    2.5002   -1.0 411.644242  1.018879
sounding_066_060       47.0968    2.8201   -1.0 411.684887  0.817427
sounding_067_050       46.7431   -0.4373   -1.0 411.448435  0.598143
sounding_067_051       46.8045   -0.1226   -1.0 411.429055 -0.423085
sounding_067_052       46.8650    0.1929   -1.0 411.437750 -0.407421
sounding_067_053       46.9245    0.5091   -1.0 411.470385 -1.294873
sounding_067_054       46.9831    0.8261   -1.0 411.518846 -0.219135
sounding_067_055       47.0407    1.1438   -1.0 411.558375 -1.452666
sounding_067_056       47.0974    1.4623   -1.0 411.573503 -0.304069
sounding_067_057       47.1532    1.7814   -1.0 411.593461  0.981222
sounding_067_058       47.2080    2.1013   -1.0 411.639837 -1.021469
sounding_067_059       47.2619    2.4218   -1.0 411.689333  0.498693
sounding_067_060       47.3148    2.7431   -1.0 411.727011 -1.157182
sounding_068_051       47.0202   -0.2119   -1.0 411.426397  1.625549
sounding_068_052       47.0809    0.1048   -1.0 411.443389 -0.631167
sounding_068_053       47.1407    0.4223   -1.0 411.489610 -0.253421
sounding_068_054       47.1996    0.7405   -1.0 411.553268 -1.552981
sounding_068_055       47.2575    1.0595   -1.0 411.601786 -1.600537
sounding_068_056       47.3145    1.3793   -1.0 411.624088  0.048541
sounding_068_057       47.3705    1.6997   -1.0 411.635479 -1.576345
sounding_068_058       47.4256    2.0209   -1.0 411.669683  1.128138
sounding_068_059       47.4797    2.3428   -1.0 411.715048 -0.566255
sounding_068_060       47.5328    2.6654   -1.0 411.754830  0.503026
sounding_068_061       47.5850    2.9887   -1.0 411.770286 -0.252860
sounding_069_051       47.2358   -0.3021   -1.0 411.412737  0.935467
sounding_069_052       47.2968    0.0159   -1.0 411.450014  0.674354
sounding_069_053       47.3569    0.3347   -1.0 411.500132  0.711876
sounding_069_054       47.4160    0.6542   -1.0 411.571931  0.104280
sounding_069_055       47.4742    0.9745   -1.0 411.631607 -0.552395
sounding_069_056       47.5314    1.2956   -1.0 411.677268  0.769657
sounding_069_057       47.5877    1.6173   -1.0 411.703568  0.174373
sounding_069_058       47.6431    1.9399   -1.0 411.719663  0.004213
sounding_069_059       47.6975    2.2631   -1.0 411.740912 -0.530438
sounding_069_060       47.7509    2.5870   -1.0 411.771661 -0.292702
sounding_069_061       47.8033    2.9116   -1.0 411.790215 -1.742672
sounding_070_052       47.5127   -0.0737   -1.0 411.410984  1.599546
sounding_070_053       47.5731    0.2463   -1.0 411.479515 -1.854112
sounding_070_054       47.6325    0.5672   -1.0 411.568118  0.355313
sounding_070_055       47.6910    0.8888   -1.0 411.641568 -0.913692
sounding_070_056       47.7485    1.2111   -1.0 411.710424  0.887847
sounding_070_057       47.8050    1.5342   -1.0 411.748019  0.737829
sounding_070_058       47.8606    1.8581   -1.0 411.755660 -0.755350
sounding_070_059       47.9152    2.1827   -1.0 411.764865 -0.208267
sounding_070_060       47.9689    2.5079   -1.0 411.785193  0.156645
sounding_070_061       48.0216    2.8339   -1.0 411.805306  0.445991
sounding_070_062       48.0733    3.1606   -1.0 411.815758  0.768966
sounding_071_052       47.7287   -0.1641   -1.0 411.330562  1.356899
sounding_071_053       47.7893    0.1572   -1.0 411.431133 -0.096229
sounding_071_054       47.8490    0.4793   -1.0 411.531867  1.551170
sounding_071_055       47.9077    0.8023   -1.0 411.598048  0.809546
sounding_071_056       47.9655    1.1259   -1.0 411.671439  2.082961
sounding_071_057       48.0223    1.4504   -1.0 411.729405  0.766210
sounding_071_058       48.0781    1.7756   -1.0 411.746598 -3.221856
sounding_071_059       48.1330    2.1015   -1.0 411.758048  0.368693
sounding_071_060       48.1869    2.4282   -1.0 411.785206  1.230699
sounding_071_061       48.2399    2.7555   -1.0 411.819773 -0.183130
sounding_071_062       48.2919    3.0836   -1.0 411.840955 -1.137036
sounding_072_053       48.0054    0.0673   -1.0 411.378666  0.116708
sounding_072_054       48.0654    0.3907   -1.0 411.461165 -0.483978
sounding_072_055       48.1244    0.7150   -1.0 411.515551  1.608879
sounding_072_056       48.1824    1.0400   -1.0 411.577915  0.273019
sounding_072_057       48.2395    1.3658   -1.0 411.652897  1.326858
sounding_072_058       48.2956    1.6923   -1.0 411.692203 -1.110780
sounding_072_059       48.3508    2.0196   -1.0 411.722689 -1.205954
sounding_072_060       48.4050    2.3476   -1.0 411.776567  2.559228
sounding_072_061       48.4582    2.6764   -1.0 411.836916  1.029895
sounding_072_062       48.5104    3.0059   -1.0 411.875989 -1.168968
sounding_072_063       48.5616    3.3361   -1.0 411.893637 -0.055950
sounding_073_053       48.2216   -0.0235   -1.0 411.340610  0.162937
sounding_073_054       48.2818    0.3013   -1.0 411.421521 -1.166398
sounding_073_055       48.3411    0.6269   -1.0 411.455044  0.515383
sounding_073_056       48.3994    0.9533   -1.0 411.478930  0.589089
sounding_073_057       48.4567    1.2804   -1.0 411.539237 -1.948143
sounding_073_058       48.5131    1.6083   -1.0 411.608340 -0.064552
sounding_073_059       48.5685    1.9370   -1.0 411.685070  0.386386
sounding_073_060       48.6230    2.2664   -1.0 411.774562 -1.551702
sounding_073_061       48.6764    2.5966   -1.0 411.860385 -0.524727
sounding_073_062       48.7289    2.9274   -1.0 411.918611  0.442908
sounding_073_063       48.7803    3.2590   -1.0 411.947281 -0.274818
sounding_073_064       48.8308    3.5913   -1.0 411.955796  1.139091
sounding_074_054       48.4982    0.2111   -1.0 411.396658 -0.501048
sounding_074_055       48.5577    0.5380   -1.0 411.414753 -0.274230
sounding_074_056       48.6163    0.8658   -1.0 411.407319 -0.985546
sounding_074_057       48.6739    1.1943   -1.0 411.441359 -0.972806
sounding_074_058       48.7306    1.5236   -1.0 411.536935  1.095305
sounding_074_059       48.7863    1.8536   -1.0 411.656886  0.908249
sounding_074_060       48.8409    2.1845   -1.0 411.779467 -1.021768
sounding_074_061       48.8946    2.5160   -1.0 411.883087  0.540870
sounding_074_062       48.9474    2.8483   -1.0 411.953419 -0.398929
sounding_074_063       48.9991    3.1813   -1.0 411.982798  0.535998
sounding_074_064       49.0498    3.5151   -1.0 411.991101 -1.834874
sounding_075_054       48.7145    0.1201   -1.0 411.379936  0.061181
sounding_075_055       48.7744    0.4484   -1.0 411.393234  0.869767
sounding_075_056       48.8332    0.7775   -1.0 411.376927  1.923257
sounding_075_057       48.8911    1.1074   -1.0 411.402237 -0.915718
sounding_075_058       48.9480    1.4381   -1.0 411.496890  1.975443
sounding_075_059       49.0040    1.7695   -1.0 411.624145  0.774744
sounding_075_060       49.0589    2.1017   -1.0 411.773878 -0.940350
sounding_075_061       49.1129    2.4347   -1.0 411.900800 -1.296195
sounding_075_062       49.1658    2.7684   -1.0 411.980414  1.724927
sounding_075_063       49.2178    3.1029   -1.0 412.005821 -0.247368
sounding_075_064       49.2688    3.4381   -1.0 412.006516  1.545924
sounding_075_065       49.3187    3.7740   -1.0 412.013993 -0.062849
sounding_076_055       48.9910    0.3579   -1.0 411.384241  0.254624
sounding_076_056       49.0501    0.6884   -1.0 411.366361  0.528938
sounding_076_057       49.1083    1.0196   -1.0 411.386891  0.226480
sounding_076_058       49.1654    1.3518   -1.0 411.468786  1.147283
sounding_076_059       49.2216    1.6846   -1.0 411.597380  1.002590
sounding_076_060       49.2768    2.0183   -1.0 411.753687 -0.329828
sounding_076_061       49.3310    2.3527   -1.0 411.895617  0.471551
sounding_076_062       49.3843    2.6878   -1.0 411.987840  0.752900
sounding_076_063       49.4365    3.0237   -1.0 412.022126  0.602493
sounding_076_064       49.4877    3.3604   -1.0 412.023431 -0.025952
sounding_076_065       49.5379    3.6977   -1.0 412.025842  0.250815
sounding_077_055       49.2075    0.2666   -1.0 411.368708 -1.443127
sounding_077_056       49.2669    0.5985   -1.0 411.359362 -0.160705
sounding_077_057       49.3254    0.9312   -1.0 411.369080 -0.966642
sounding_077_058       49.3828    1.2647   -1.0 411.451016 -0.170826
sounding_077_059       49.4393    1.5989   -1.0 411.570558 -0.386094
sounding_077_060       49.4948    1.9340   -1.0 411.715141 -0.402157
sounding_077_061       49.5492    2.2699   -1.0 411.861871  1.090275
sounding_077_062       49.6027    2.6065   -1.0 411.976940  0.999697
sounding_077_063       49.6551    2.9438   -1.0 412.031284 -0.955372
sounding_077_064       49.7066    3.2820   -1.0 412.043106  0.971670
sounding_077_065       49.7570    3.6208   -1.0 412.042545  0.533190
sounding_077_066       49.8065    3.9604   -1.0 412.047580 -3.353106
sounding_078_056       49.4837    0.5078   -1.0 411.353152  0.730334
sounding_078_057       49.5425    0.8419   -1.0 411.344013 -1.462935
sounding_078_058       49.6002    1.1768   -1.0 411.382888 -2.098591
sounding_078_059       49.6569    1.5125   -1.0 411.478407 -1.047701
sounding_078_060       49.7126    1.8490   -1.0 411.626929 -0.040844
sounding_078_061       49.7674    2.1863   -1.0 411.801616 -0.143323
sounding_078_062       49.8211    2.5244   -1.0 411.951751 -1.014978
sounding_078_063       49.8738    2.8632   -1.0 412.033908  0.427832
sounding_078_064       49.9255    3.2028   -1.0 412.064193 -0.976942
sounding_078_065       49.9761    3.5431   -1.0 412.065411 -0.144668
sounding_078_066       50.0258    3.8842   -1.0 412.054719 -0.234092
sounding_079_058       49.8175    1.0881   -1.0 411.337287 -0.153891
sounding_079_059       49.8745    1.4252   -1.0 411.400057 -0.063586
sounding_079_060       49.9305    1.7632   -1.0 411.543536  0.320533
sounding_079_061       49.9854    2.1020   -1.0 411.731344  0.588995
sounding_079_062       50.0394    2.4415   -1.0 411.910187 -0.042078
sounding_079_063       50.0924    2.7818   -1.0 412.029522  0.232473
sounding_079_064       50.1443    3.1229   -1.0 412.079584  1.486680
sounding_079_065       50.1952    3.4648   -1.0 412.078402 -1.071342
sounding_079_066       50.2451    3.8073   -1.0 412.056281 -0.626485
sounding_079_067       50.2940    4.1506   -1.0 412.035348 -0.128752
sounding_080_060       50.1482    1.6766   -1.0 411.568221 -0.053164
sounding_080_061       50.2035    2.0168   -1.0 411.721019  1.806442
sounding_080_063       50.3109    2.6997   -1.0 411.998384 -1.204264
sounding_080_064       50.3631    3.0423   -1.0 412.060429 -1.360630
sounding_080_065       50.4143    3.3857   -1.0 412.065318  1.248282
sounding_080_066       50.4644    3.7298   -1.0 412.048959  1.327783
sounding_080_067       50.5135    4.0746   -1.0 412.032419 -0.979137
sounding_081_060       50.3660    1.5892   -1.0 411.722464  1.462572
sounding_081_065       50.6333    3.3058   -1.0 412.003453 -1.010647
sounding_081_066       50.6837    3.6514   -1.0 412.018661  0.913935
sounding_081_067       50.7330    3.9978   -1.0 412.022461 -0.505083
sounding_081_068       50.7813    4.3449   -1.0 412.028508  0.751990
sounding_082_067       50.9525    3.9203   -1.0 411.994247  0.249688
sounding_082_068       51.0010    4.2690   -1.0 412.037453  0.946457
sounding_082_069       51.0485    4.6184   -1.0 412.097938  2.018656
sounding_083_069       51.2684    4.5434   -1.0 412.117216 -0.273374
sounding_084_069       51.4882    4.4676   -1.0 412.087261  1.044448
sounding_084_070       51.5351    4.8210   -1.0 411.991855 -1.546405
sounding_085_068       51.6598    4.0368   -1.0 412.004690 -0.816912
sounding_085_069       51.7080    4.3911   -1.0 411.957180 -0.990797
sounding_085_070       51.7551    4.7461   -1.0 411.815124 -0.318747
sounding_086_069       51.9277    4.3138   -1.0 411.744161 -0.270223
sounding_086_070       51.9751    4.6705   -1.0 411.654203  0.012880
sounding_089_062       52.2201    1.5684   -1.0 411.610336 -1.551424
sounding_112_081       58.1747    6.9353   -1.0 411.155902  1.273501
sounding_112_082       58.2138    7.3524   -1.0 411.000066  1.857882
sounding_113_080       58.3539    6.4410   -1.0 411.132739  0.381938
sounding_113_081       58.3944    6.8596   -1.0 410.991205  2.059671
sounding_113_084       58.5084    8.1205   -1.0 410.628278 -0.115648
sounding_113_085       58.5438    8.5424   -1.0 410.579667  1.635543
sounding_113_086       58.5780    8.9651   -1.0 410.563138  0.210093
sounding_114_079       58.5311    5.9421   -1.0 411.113766  0.495702
sounding_114_080       58.5732    6.3621   -1.0 410.989858 -0.062291
sounding_114_081       58.6139    6.7830   -1.0 410.872005 -0.630416
sounding_114_082       58.6534    7.2048   -1.0 410.762988 -0.245219
sounding_114_083       58.6916    7.6275   -1.0 410.673012  0.432000
sounding_114_084       58.7285    8.0510   -1.0 410.631305  1.360881
sounding_114_085       58.7642    8.4753   -1.0 410.605055 -1.280929
sounding_114_086       58.7985    8.9004   -1.0 410.559663 -0.101688
sounding_115_079       58.7501    5.8599   -1.0 410.902547 -0.933670
sounding_115_080       58.7923    6.2823   -1.0 410.824494  1.409945
sounding_115_081       58.8333    6.7055   -1.0 410.778219  0.757532
sounding_115_083       58.9114    7.5548   -1.0 410.681996 -0.100642
sounding_115_084       58.9485    7.9806   -1.0 410.666793 -0.742375
sounding_115_085       58.9843    8.4074   -1.0 410.649665  0.225608
sounding_115_086       59.0189    8.8349   -1.0 410.594776 -0.818997
sounding_115_087       59.0521    9.2632   -1.0 410.506026 -2.621646
sounding_116_080       59.0113    6.2015   -1.0 410.629148 -0.974335
sounding_116_081       59.0525    6.6272   -1.0 410.673869  1.321255
sounding_116_083       59.1310    7.4812   -1.0 410.703523 -0.481493
sounding_116_084       59.1683    7.9095   -1.0 410.693262 -0.533923
sounding_116_085       59.2043    8.3387   -1.0 410.678520 -0.092053
sounding_116_086       59.2391    8.7686   -1.0 410.633451 -1.148033
sounding_116_087       59.2725    9.1994   -1.0 410.554284 -0.666282
sounding_117_080       59.2302    6.1198   -1.0 410.481570  0.210660
sounding_117_081       59.2715    6.5479   -1.0 410.567220 -0.414929
sounding_117_084       59.3880    7.8375   -1.0 410.703697  0.681357
sounding_117_085       59.4242    8.2692   -1.0 410.687245  0.469794
sounding_117_086       59.4591    8.7016   -1.0 410.664178 -0.077738
sounding_117_087       59.4927    9.1349   -1.0 410.619846 -0.873187
sounding_117_088       59.5250    9.5689   -1.0 410.560748 -1.068243
sounding_118_079       59.4059    5.6077   -1.0 410.460903 -0.319358
sounding_118_080       59.4488    6.0372   -1.0 410.430009 -0.044752
sounding_118_081       59.4904    6.4676   -1.0 410.519370  0.762259
sounding_118_084       59.6075    7.7647   -1.0 410.723950  0.562282
sounding_118_085       59.6439    8.1988   -1.0 410.714698 -0.789114
sounding_118_086       59.6790    8.6338   -1.0 410.704024 -0.166423
sounding_118_087       59.7128    9.0696   -1.0 410.679357  1.547259
sounding_118_088       59.7453    9.5061   -1.0 410.644556 -0.269555
sounding_119_079       59.6242    5.5216   -1.0 410.382360  1.912963
sounding_119_080       59.6673    5.9535   -1.0 410.413131  0.739195
sounding_119_084       59.8268    7.6910   -1.0 410.752944  0.705582
sounding_119_085       59.8634    8.1277   -1.0 410.759870  1.563361
sounding_119_086       59.8987    8.5652   -1.0 410.757171 -0.458905
sounding_119_087       59.9327    9.0035   -1.0 410.732228  0.480490
sounding_119_088       59.9653    9.4426   -1.0 410.697061 -1.204128
sounding_119_089       59.9967    9.8825   -1.0 410.662975  1.085505
sounding_120_080       59.8856    5.8689   -1.0 410.375891 -0.175565
sounding_120_084       60.0460    7.6164   -1.0 410.763404  1.869824
sounding_120_085       60.0828    8.0556   -1.0 410.786278  0.947314
sounding_120_086       60.1183    8.4957   -1.0 410.800179  1.356589
sounding_120_087       60.1524    8.9366   -1.0 410.791608 -0.061047
sounding_120_088       60.1852    9.3783   -1.0 410.766596 -1.231270
sounding_120_089       60.2167    9.8208   -1.0 410.741703  2.347321
sounding_121_080       60.1037    5.7833   -1.0 410.357235  1.344143
sounding_121_084       60.2649    7.5409   -1.0 410.756773 -0.281338
sounding_121_085       60.3019    7.9827   -1.0 410.782816  0.010659
sounding_121_086       60.3376    8.4253   -1.0 410.802347  1.831066
sounding_121_087       60.3720    8.8689   -1.0 410.819117  0.408252
sounding_121_088       60.4050    9.3132   -1.0 410.823133 -0.099892
sounding_121_089       60.4366    9.7584   -1.0 410.815965  0.264282
sounding_121_090       60.4670   10.2043   -1.0 410.817674 -0.367187
sounding_122_080       60.3216    5.6966   -1.0 410.379792 -2.346651
sounding_122_084       60.4837    7.4645   -1.0 410.778531 -0.815661
sounding_122_085       60.5209    7.9089   -1.0 410.801951 -1.115256
sounding_122_086       60.5568    8.3542   -1.0 410.805703  0.510347
sounding_122_087       60.5913    8.8003   -1.0 410.817916 -1.651452
sounding_122_088       60.6245    9.2473   -1.0 410.830850 -1.171380
sounding_122_089       60.6564    9.6952   -1.0 410.850734 -0.274582
sounding_122_090       60.6869   10.1437   -1.0 410.863430  0.177956
sounding_122_091       60.7160   10.5931   -1.0 410.877896 -0.375078
sounding_123_084       60.7024    7.3872   -1.0 410.844863 -1.552486
sounding_123_085       60.7398    7.8342   -1.0 410.876544 -0.191252
sounding_123_086       60.7758    8.2821   -1.0 410.875142  0.022220
sounding_123_087       60.8105    8.7310   -1.0 410.862110 -0.145902
sounding_123_088       60.8439    9.1807   -1.0 410.853096 -0.464014
sounding_123_089       60.8759    9.6312   -1.0 410.861343 -2.021574
sounding_123_090       60.9066   10.0825   -1.0 410.891593 -0.755618
sounding_123_091       60.9359   10.5345   -1.0 410.931583 -0.330213
sounding_124_084       60.9208    7.3089   -1.0 410.873935 -0.496962
sounding_124_085       60.9584    7.7586   -1.0 410.952059  0.871323
sounding_124_086       60.9946    8.2092   -1.0 410.985880 -0.257713
sounding_124_087       61.0296    8.6607   -1.0 410.964705  1.307500
sounding_124_088       61.0631    9.1131   -1.0 410.935857 -2.900370
sounding_124_089       61.0953    9.5664   -1.0 410.922472  2.114432
sounding_124_090       61.1261   10.0205   -1.0 410.936085 -0.240372
sounding_124_091       61.1556   10.4753   -1.0 410.997750 -1.459256
sounding_124_092       61.1837   10.9308   -1.0 411.056015  0.871826
sounding_125_083       61.0998    6.7782   -1.0 410.792796  1.302243
sounding_125_084       61.1390    7.2296   -1.0 410.863831 -0.402813
sounding_125_085       61.1768    7.6820   -1.0 410.982861  0.271920
sounding_125_086       61.2133    8.1354   -1.0 411.081504  0.656229
sounding_125_087       61.2484    8.5896   -1.0 411.097162 -1.011660
sounding_125_088       61.2821    9.0448   -1.0 411.060256  1.509659
sounding_125_089       61.3145    9.5008   -1.0 411.025200 -0.144993
sounding_125_090       61.3455    9.9576   -1.0 411.017420 -0.435388
sounding_125_091       61.3751   10.4153   -1.0 411.060978  0.003546
sounding_125_092       61.4033   10.8736   -1.0 411.109953 -1.674776
sounding_126_083       61.3176    6.6953   -1.0 410.814000 -2.682818
sounding_126_084       61.3570    7.1494   -1.0 410.874239 -0.574542
sounding_126_085       61.3950    7.6045   -1.0 410.994101 -0.055116
sounding_126_086       61.4317    8.0606   -1.0 411.134610 -0.106237
sounding_126_087       61.4670    8.5176   -1.0 411.201022 -1.700472
sounding_126_088       61.5009    8.9756   -1.0 411.180451  1.448767
sounding_126_089       61.5335    9.4344   -1.0 411.142420 -0.278041
sounding_126_090       61.5646    9.8940   -1.0 411.147531  0.055747
sounding_126_091       61.5944   10.3545   -1.0 411.168260  1.015725
sounding_126_092       61.6228   10.8157   -1.0 411.146082  2.529958
sounding_126_093       61.6498   11.2777   -1.0 411.136841 -0.041389
sounding_127_083       61.5352    6.6113   -1.0 410.839659 -1.536538
sounding_127_084       61.5748    7.0682   -1.0 410.919282 -0.100658
sounding_127_085       61.6131    7.5260   -1.0 411.023751 -1.327860
sounding_127_086       61.6499    7.9849   -1.0 411.142872  0.694523
sounding_127_087       61.6854    8.4447   -1.0 411.227322  1.192328
sounding_127_088       61.7195    8.9055   -1.0 411.262122  1.698879
sounding_127_089       61.7522    9.3671   -1.0 411.291974  0.077560
sounding_127_090       61.7836    9.8296   -1.0 411.338379 -0.029537
sounding_127_091       61.8135   10.2929   -1.0 411.322883 -1.358564
sounding_127_092       61.8421   10.7570   -1.0 411.224451 -1.176405
sounding_127_093       61.8693   11.2219   -1.0 411.167358 -0.166536
sounding_128_083       61.7526    6.5263   -1.0 410.827753 -0.244573
sounding_128_084       61.7925    6.9859   -1.0 410.940448 -0.446841
sounding_128_085       61.8309    7.4465   -1.0 411.050862 -0.569972
sounding_128_086       61.8680    7.9082   -1.0 411.136511  0.246352
sounding_128_087       61.9036    8.3709   -1.0 411.220521  0.141707
sounding_128_088       61.9379    8.8345   -1.0 411.313156  2.467213
sounding_128_089       61.9708    9.2990   -1.0 411.430568  1.046806
sounding_128_090       62.0024    9.7644   -1.0 411.499866  0.535650
sounding_128_091       62.0325   10.2306   -1.0 411.435584 -0.927477
sounding_128_092       62.0612   10.6976   -1.0 411.316771  0.711023
sounding_128_093       62.0885   11.1654   -1.0 411.255374 -0.377338
sounding_128_094       62.1144   11.6339   -1.0 411.269510  1.480021
sounding_129_084       62.0098    6.9026   -1.0 410.917263 -0.351305
sounding_129_085       62.0485    7.3661   -1.0 411.040312 -1.137265
sounding_129_086       62.0858    7.8306   -1.0 411.143221 -1.701436
sounding_129_087       62.1217    8.2961   -1.0 411.235838 -1.243557
sounding_129_088       62.1561    8.7626   -1.0 411.370167 -0.333009
sounding_129_089       62.1892    9.2300   -1.0 411.507511 -0.294491
sounding_129_090       62.2209    9.6983   -1.0 411.540974 -0.747069
sounding_129_091       62.2512   10.1675   -1.0 411.452008 -0.007371
sounding_129_092       62.2801   10.6374   -1.0 411.389436 -0.828321
sounding_129_093       62.3075   11.1082   -1.0 411.409845  1.165331
sounding_129_094       62.3336   11.5797   -1.0 411.504480  0.241382
sounding_130_084       62.2270    6.8182   -1.0 410.857761  0.444067
sounding_130_085       62.2659    7.2846   -1.0 410.981172 -0.215050
sounding_130_086       62.3034    7.7519   -1.0 411.115408 -1.358213
sounding_130_087       62.3394    8.2204   -1.0 411.253164 -1.678804
sounding_130_088       62.3741    8.6898   -1.0 411.412179 -0.275720
sounding_130_089       62.4074    9.1602   -1.0 411.509069  0.697782
sounding_130_090       62.4393    9.6314   -1.0 411.487351 -0.313894
sounding_130_091       62.4697   10.1035   -1.0 411.450807  0.288992
sounding_130_092       62.4988   10.5765   -1.0 411.515424  0.643465
sounding_130_093       62.5264   11.0502   -1.0 411.658649 -0.269334
sounding_130_094       62.5526   11.5247   -1.0 411.825740  0.150226
sounding_130_095       62.5774   12.0000   -1.0 411.968396  0.589131
sounding_131_085       62.4831    7.2020   -1.0 410.910063 -0.766091
sounding_131_086       62.5207    7.6723   -1.0 411.060899 -1.374316
sounding_131_087       62.5570    8.1437   -1.0 411.223696 -0.080998
sounding_131_088       62.5919    8.6161   -1.0 411.370937  0.133144
sounding_131_089       62.6254    9.0894   -1.0 411.449590 -1.778267
sounding_131_090       62.6574    9.5636   -1.0 411.474916 -0.893045
sounding_131_091       62.6880   10.0388   -1.0 411.563532  0.782314
sounding_131_092       62.7172   10.5147   -1.0 411.748938 -1.575158
sounding_131_093       62.7450   10.9915   -1.0 411.963417  0.083046
sounding_131_094       62.7714   11.4691   -1.0 412.136459 -0.184228
sounding_131_095       62.7963   11.9474   -1.0 412.235933  1.523475
sounding_132_086       62.7379    7.5916   -1.0 411.042090  1.242107
sounding_132_087       62.7744    8.0660   -1.0 411.188782  0.182933
sounding_132_088       62.8095    8.5413   -1.0 411.320007  0.100684
sounding_132_089       62.8431    9.0177   -1.0 411.454349 -0.670515
sounding_132_090       62.8753    9.4949   -1.0 411.611539  0.096989
sounding_132_091       62.9061    9.9731   -1.0 411.824632  1.398068
sounding_132_092       62.9355   10.4522   -1.0 412.072255  1.233824
sounding_132_093       62.9634   10.9320   -1.0 412.255531  0.650465
sounding_132_094       62.9899   11.4127   -1.0 412.333992 -1.383020
sounding_132_095       63.0150   11.8941   -1.0 412.346890 -0.855085
sounding_132_096       63.0386   12.3762   -1.0 412.326180 -0.190208
sounding_133_088       63.0268    8.4656   -1.0 411.393657 -1.285676
sounding_133_089       63.0606    8.9450   -1.0 411.626381 -0.743571
sounding_133_090       63.0930    9.4254   -1.0 411.906862  1.202790
sounding_133_091       63.1240    9.9067   -1.0 412.187257 -0.113593
sounding_133_092       63.1536   10.3888   -1.0 412.394158  0.061890
sounding_133_093       63.1816   10.8718   -1.0 412.458985 -1.037622
sounding_133_094       63.2083   11.3556   -1.0 412.415695 -1.839220
sounding_133_095       63.2335   11.8401   -1.0 412.346221  1.912629
sounding_133_096       63.2572   12.3254   -1.0 412.278503  0.659013
sounding_133_097       63.2795   12.8113   -1.0 412.184445  0.883359
sounding_134_090       63.3105    9.3549   -1.0 412.259921  0.189231
sounding_134_091       63.3417    9.8393   -1.0 412.488851 -1.350589
sounding_134_092       63.3714   10.3246   -1.0 412.574590 -0.454103
sounding_134_093       63.3996   10.8107   -1.0 412.513860 -1.394514
sounding_134_094       63.4264   11.2976   -1.0 412.387094  0.420892
sounding_134_095       63.4518   11.7854   -1.0 412.272044 -2.433544
sounding_134_096       63.4757   12.2739   -1.0 412.181939  2.249387
sounding_134_097       63.4981   12.7630   -1.0 412.100796  0.394971
sounding_135_091       63.5591    9.7710   -1.0 412.612187 -0.201166
sounding_135_092       63.5889   10.2595   -1.0 412.583682 -1.191014
sounding_135_094       63.6443   11.2390   -1.0 412.283835  1.214321
sounding_135_095       63.6698   11.7300   -1.0 412.183043 -1.176146
sounding_135_096       63.6938   12.2217   -1.0 412.113153 -0.387487
sounding_135_097       63.7164   12.7141   -1.0 412.061317 -0.467976
sounding_135_098       63.7375   13.2072   -1.0 412.011467 -1.641559
sounding_136_092       63.8063   10.1935   -1.0 412.473956  1.380714
sounding_136_093       63.8349   10.6861   -1.0 412.329310  0.229043
sounding_136_095       63.8876   11.6737   -1.0 412.139068 -1.278337
sounding_136_096       63.9118   12.1688   -1.0 412.113979  0.249048
sounding_136_097       63.9345   12.6645   -1.0 412.086740 -0.014652
sounding_136_098       63.9557   13.1609   -1.0 412.039249  1.086882
sounding_137_092       64.0234   10.1266   -1.0 412.343994 -1.239982
sounding_137_093       64.0522   10.6225   -1.0 412.260587  0.091737
sounding_137_094       64.0794   11.1192   -1.0 412.198143  0.763426
sounding_137_095       64.1052   11.6168   -1.0 412.166999  1.051193
sounding_137_096       64.1295   12.1151   -1.0 412.156947  0.442954
sounding_137_097       64.1523   12.6142   -1.0 412.119615 -0.873058
sounding_137_098       64.1737   13.1140   -1.0 412.031097  0.482904
sounding_137_099       64.1935   13.6144   -1.0 411.902294  1.720800
sounding_138_093       64.2692   10.5580   -1.0 412.233337 -1.993115
sounding_138_094       64.2966   11.0581   -1.0 412.228498  1.082271
sounding_138_096       64.3470   12.0608   -1.0 412.178213  1.697534
sounding_138_097       64.3700   12.5632   -1.0 412.094877  0.414513
sounding_138_098       64.3914   13.0664   -1.0 411.961567 -1.466166
sounding_138_099       64.4114   13.5702   -1.0 411.805867  1.549373
sounding_139_094       64.5136   10.9962   -1.0 412.231965  0.017837
sounding_139_096       64.5643   12.0056   -1.0 412.134799  0.166141
sounding_139_097       64.5874   12.5115   -1.0 412.012013 -1.712890
sounding_139_098       64.6089   13.0182   -1.0 411.863306  1.552080
sounding_139_099       64.6290   13.5255   -1.0 411.722161  0.529104
sounding_139_100       64.6475   14.0334   -1.0 411.624017  1.285695
sounding_140_096       64.7813   11.9498   -1.0 412.037102  1.235905
sounding_140_097       64.8045   12.4591   -1.0 411.907047  0.518543
sounding_140_098       64.8262   12.9693   -1.0 411.776981 -1.126434
sounding_140_099       64.8464   13.4801   -1.0 411.682197 -0.427621
sounding_140_100       64.8650   13.9916   -1.0 411.623300 -0.947807
sounding_141_096       64.9980   11.8931   -1.0 411.903894 -2.097651
sounding_141_097       65.0214   12.4060   -1.0 411.784758 -0.950049
sounding_141_098       65.0432   12.9197   -1.0 411.703395  1.202644
sounding_141_099       65.0635   13.4341   -1.0 411.661316  0.213373
sounding_141_100       65.0823   13.9491   -1.0 411.639208 -0.394558
sounding_141_101       65.0995   14.4647   -1.0 411.618275  0.979075
sounding_142_097       65.2380   12.3521   -1.0 411.667579 -0.684996
sounding_142_099       65.2804   13.3874   -1.0 411.644139 -0.274040
sounding_142_100       65.2993   13.9060   -1.0 411.651920  2.109790
sounding_142_101       65.3166   14.4253   -1.0 411.646828  0.061838
sounding_143_101       65.5335   14.3854   -1.0 411.667951  0.749113
sounding_143_102       65.5494   14.9089   -1.0 411.659816  0.737894
