sounding_006_132       35.0222   25.3728   -1.0 413.247000  0.072541
sounding_007_132       35.2382   25.3922   -1.0 413.165337  0.301846
sounding_007_133       35.2218   25.6567   -1.0 413.166381 -1.383737
sounding_007_135       35.1868   26.1851   -1.0 413.253079  0.545832
sounding_012_141       36.1416   27.9091   -1.0 413.283328 -1.162477
sounding_015_142       36.7668   28.2678   -1.0 413.560521 -0.893747
sounding_016_139       37.0541   27.4833   -1.0 413.303680 -1.106913
sounding_016_140       37.0314   27.7553   -1.0 413.436098  0.880021
sounding_016_142       36.9836   28.2986   -1.0 413.627687 -0.704925
sounding_016_143       36.9585   28.5699   -1.0 413.741229 -0.033409
sounding_017_139       37.2713   27.5114   -1.0 413.361386  0.589065
sounding_017_140       37.2485   27.7844   -1.0 413.507530  1.110917
sounding_017_141       37.2249   28.0571   -1.0 413.616005 -0.569443
sounding_017_142       37.2005   28.3297   -1.0 413.710763  0.159297
sounding_017_143       37.1753   28.6020   -1.0 413.829642  1.038185
sounding_018_138       37.5109   27.2654   -1.0 413.261626 -0.203142
sounding_018_139       37.4888   27.5396   -1.0 413.415115 -0.786881
sounding_018_140       37.4658   27.8137   -1.0 413.553144  0.095756
sounding_018_141       37.4421   28.0874   -1.0 413.665017  0.584975
sounding_018_142       37.4176   28.3610   -1.0 413.770051 -0.710691
sounding_018_143       37.3922   28.6343   -1.0 413.859981  1.070041
sounding_019_136       37.7705   26.7418   -1.0 413.122205 -1.633810
sounding_019_138       37.7285   27.2929   -1.0 413.296809  0.572436
sounding_019_139       37.7063   27.5681   -1.0 413.444144  0.149082
sounding_019_140       37.6833   27.8431   -1.0 413.582390 -1.210488
sounding_019_141       37.6595   28.1180   -1.0 413.704350  0.294992
sounding_019_142       37.6348   28.3925   -1.0 413.813820 -0.072278
sounding_019_143       37.6094   28.6668   -1.0 413.891388  1.412882
sounding_020_138       37.9464   27.3206   -1.0 413.336401  0.643408
sounding_020_139       37.9241   27.5968   -1.0 413.478130  0.515627
sounding_020_140       37.9010   27.8729   -1.0 413.609449  1.147849
sounding_020_141       37.8770   28.1487   -1.0 413.730210  0.634155
sounding_020_142       37.8522   28.4243   -1.0 413.838908  0.155867
sounding_020_143       37.8267   28.6996   -1.0 413.922537 -0.105338
sounding_021_135       38.2267   26.5153   -1.0 413.074891 -0.420696
sounding_021_136       38.2067   26.7932   -1.0 413.123691 -0.177872
sounding_021_137       38.1860   27.0709   -1.0 413.236295  0.308264
sounding_021_138       38.1644   27.3484   -1.0 413.386483 -0.350753
sounding_021_139       38.1420   27.6257   -1.0 413.513810 -0.809336
sounding_021_140       38.1188   27.9028   -1.0 413.619852  0.977981
sounding_021_141       38.0947   28.1797   -1.0 413.726612 -0.404957
sounding_021_142       38.0698   28.4563   -1.0 413.828031  0.524518
sounding_021_143       38.0441   28.7326   -1.0 413.932369 -0.270850
sounding_022_135       38.4452   26.5402   -1.0 413.060441  0.183858
sounding_022_137       38.4043   27.0980   -1.0 413.276729 -0.230245
sounding_022_138       38.3826   27.3765   -1.0 413.419097 -0.641956
sounding_022_139       38.3601   27.6548   -1.0 413.505469  0.811350
sounding_022_140       38.3368   27.9330   -1.0 413.560245  0.314318
sounding_022_141       38.3126   28.2109   -1.0 413.638607  0.263681
sounding_022_142       38.2876   28.4885   -1.0 413.755720 -0.403413
sounding_022_143       38.2618   28.7659   -1.0 413.935174 -0.683200
sounding_023_136       38.6437   26.8454   -1.0 413.170859 -0.643524
sounding_023_137       38.6227   27.1252   -1.0 413.314014 -1.734317
sounding_023_138       38.6010   27.4048   -1.0 413.410618  0.306710
sounding_023_139       38.5783   27.6842   -1.0 413.429434 -0.183228
sounding_023_140       38.5549   27.9634   -1.0 413.431826 -0.380353
sounding_023_141       38.5306   28.2423   -1.0 413.491770  1.598179
sounding_023_142       38.5055   28.5210   -1.0 413.649965  0.419272
sounding_023_143       38.4796   28.7994   -1.0 413.869789 -0.149132
sounding_024_137       38.8413   27.1527   -1.0 413.323505 -0.206996
sounding_024_138       38.8195   27.4333   -1.0 413.378017 -1.275619
sounding_024_139       38.7968   27.7138   -1.0 413.362092  0.270188
sounding_024_140       38.7732   27.9940   -1.0 413.363882 -0.531042
sounding_024_141       38.7488   28.2740   -1.0 413.420765 -0.482790
sounding_024_142       38.7236   28.5537   -1.0 413.527927 -0.726557
sounding_024_143       38.6975   28.8332   -1.0 413.674235 -0.179258
sounding_024_144       38.6706   29.1125   -1.0 413.793465  0.687023
sounding_025_134       39.1210   26.3338   -1.0 413.039028 -0.911017
sounding_025_136       39.0813   26.8984   -1.0 413.187826 -0.129376
sounding_025_137       39.0601   27.1803   -1.0 413.289771 -0.353671
sounding_025_138       39.0382   27.4621   -1.0 413.317846  0.050676
sounding_025_139       39.0153   27.7436   -1.0 413.314825  1.030322
sounding_025_140       38.9916   28.0249   -1.0 413.345587 -0.910942
sounding_025_141       38.9671   28.3059   -1.0 413.380070  0.353986
sounding_025_142       38.9418   28.5867   -1.0 413.368904  0.772131
sounding_025_143       38.9156   28.8673   -1.0 413.342532 -0.677286
sounding_025_144       38.8886   29.1476   -1.0 413.291107 -0.043956
sounding_026_136       39.3003   26.9252   -1.0 413.166214 -1.462626
sounding_026_137       39.2791   27.2082   -1.0 413.228944 -0.033915
sounding_026_138       39.2570   27.4910   -1.0 413.229237 -0.468372
sounding_026_139       39.2340   27.7736   -1.0 413.250371 -1.273376
sounding_026_140       39.2103   28.0560   -1.0 413.298108 -1.283555
sounding_026_141       39.1857   28.3381   -1.0 413.289011 -1.345751
sounding_026_142       39.1602   28.6200   -1.0 413.172044 -0.198956
sounding_026_143       39.1339   28.9016   -1.0 413.011650 -1.184321
sounding_026_144       39.1068   29.1830   -1.0 412.879901 -2.027219
sounding_027_136       39.5195   26.9522   -1.0 413.133811 -0.530833
sounding_027_137       39.4982   27.2363   -1.0 413.143356 -1.062164
sounding_027_138       39.4760   27.5202   -1.0 413.143722 -1.051073
sounding_027_139       39.4529   27.8039   -1.0 413.178518 -0.846653
sounding_027_140       39.4290   28.0873   -1.0 413.222845  1.684538
sounding_027_141       39.4043   28.3705   -1.0 413.185609  0.775103
sounding_027_142       39.3787   28.6535   -1.0 413.042892  0.156767
sounding_027_143       39.3523   28.9362   -1.0 412.882474 -0.381667
sounding_027_144       39.3251   29.2186   -1.0 412.802027  0.912476
sounding_028_135       39.7594   26.6939   -1.0 413.036484 -0.923912
sounding_028_136       39.7388   26.9794   -1.0 413.049500  2.488108
sounding_028_137       39.7174   27.2646   -1.0 413.030953 -0.473315
sounding_028_138       39.6951   27.5496   -1.0 413.050415 -0.877622
sounding_028_139       39.6720   27.8344   -1.0 413.115834 -1.211870
sounding_028_140       39.6480   28.1189   -1.0 413.163178  1.311080
sounding_028_141       39.6231   28.4032   -1.0 413.142953 -0.220615
sounding_028_142       39.5974   28.6873   -1.0 413.044833  0.482203
sounding_028_143       39.5709   28.9710   -1.0 412.948499  0.395636
sounding_028_144       39.5435   29.2545   -1.0 412.935137  0.542277
sounding_029_135       39.9790   26.7203   -1.0 412.934362  0.377026
sounding_029_136       39.9583   27.0068   -1.0 412.910032 -0.749600
sounding_029_137       39.9368   27.2932   -1.0 412.918614  0.218746
sounding_029_138       39.9144   27.5792   -1.0 412.996666 -1.413339
sounding_029_139       39.8911   27.8651   -1.0 413.087883 -0.548681
sounding_029_140       39.8670   28.1508   -1.0 413.148188 -0.163908
sounding_029_141       39.8421   28.4362   -1.0 413.177157  0.727718
sounding_029_142       39.8163   28.7213   -1.0 413.176097 -1.822527
sounding_029_143       39.7896   29.0061   -1.0 413.167354  0.835245
sounding_029_144       39.7621   29.2907   -1.0 413.191242 -0.234883
sounding_030_135       40.1987   26.7468   -1.0 412.885279 -0.624873
sounding_030_136       40.1779   27.0344   -1.0 412.838905  1.062301
sounding_030_137       40.1563   27.3219   -1.0 412.870349 -0.294473
sounding_030_138       40.1338   27.6091   -1.0 412.991429 -0.050424
sounding_030_139       40.1105   27.8961   -1.0 413.096471  0.714928
sounding_030_140       40.0862   28.1829   -1.0 413.157090 -0.805296
sounding_030_141       40.0612   28.4693   -1.0 413.217891  0.137561
sounding_030_142       40.0352   28.7555   -1.0 413.297443 -1.828876
sounding_030_143       40.0085   29.0415   -1.0 413.349385 -2.158079
sounding_030_144       39.9808   29.3272   -1.0 413.384187  0.356061
sounding_031_135       40.4186   26.7735   -1.0 412.910533  1.105496
sounding_031_136       40.3977   27.0623   -1.0 412.855422 -1.402581
sounding_031_137       40.3760   27.3509   -1.0 412.916601  0.515174
sounding_031_141       40.2804   28.5028   -1.0 413.286295 -1.036677
sounding_031_142       40.2544   28.7901   -1.0 413.363332  1.718441
sounding_031_143       40.2274   29.0772   -1.0 413.418551 -0.190958
sounding_031_144       40.1997   29.3640   -1.0 413.454216 -0.078477
sounding_032_135       40.6386   26.8005   -1.0 412.926718  0.887565
sounding_032_136       40.6176   27.0904   -1.0 412.903640 -1.140370
sounding_032_143       40.4466   29.1131   -1.0 413.518418 -1.131181
sounding_032_144       40.4187   29.4010   -1.0 413.546823  0.098260
sounding_032_145       40.3899   29.6886   -1.0 413.520405  0.376661
sounding_033_136       40.8377   27.1187   -1.0 412.925719 -0.834114
sounding_033_144       40.6378   29.4384   -1.0 413.700101 -1.092654
sounding_033_145       40.6089   29.7271   -1.0 413.589967 -0.511347
sounding_034_136       41.0579   27.1472   -1.0 412.916233  0.781446
sounding_034_137       41.0359   27.4392   -1.0 412.961342 -0.167558
sounding_034_144       40.8571   29.4760   -1.0 413.792506 -1.339531
sounding_034_145       40.8281   29.7659   -1.0 413.586065  1.376692
sounding_035_136       41.2782   27.1760   -1.0 412.936025 -0.145364
sounding_035_137       41.2561   27.4692   -1.0 412.931645 -0.327653
sounding_035_138       41.2331   27.7621   -1.0 412.974941  0.033403
sounding_035_139       41.2092   28.0547   -1.0 413.171300  0.993860
sounding_035_140       41.1844   28.3471   -1.0 413.432291  1.505376
sounding_035_141       41.1587   28.6393   -1.0 413.635541  1.437401
sounding_035_142       41.1322   28.9311   -1.0 413.754465 -0.364972
sounding_035_143       41.1048   29.2227   -1.0 413.804998 -0.626319
sounding_035_144       41.0765   29.5140   -1.0 413.758956 -0.108539
sounding_035_145       41.0473   29.8050   -1.0 413.560214 -1.022134
sounding_036_136       41.4987   27.2050   -1.0 412.980948 -0.787767
sounding_036_137       41.4764   27.4993   -1.0 412.951846 -0.367311
sounding_036_138       41.4533   27.7934   -1.0 412.986903  0.545783
sounding_036_139       41.4293   28.0872   -1.0 413.189951 -0.640629
sounding_036_140       41.4044   28.3808   -1.0 413.401641 -1.074723
sounding_037_136       41.7193   27.2342   -1.0 413.030521  0.309636
sounding_037_137       41.6969   27.5297   -1.0 413.029456 -0.802567
sounding_037_138       41.6737   27.8250   -1.0 413.111923  0.901767
sounding_038_137       41.9175   27.5604   -1.0 413.093103  0.622246
sounding_038_138       41.8942   27.8568   -1.0 413.237087 -0.580171
sounding_047_137       43.9082   27.8479   -1.0 412.889608  1.460504
sounding_049_138       44.3272   28.2248   -1.0 412.929896 -0.646850
sounding_049_139       44.3017   28.5347   -1.0 413.029278 -0.854891
sounding_050_138       44.5489   28.2600   -1.0 412.728439  2.687315
sounding_050_139       44.5233   28.5711   -1.0 412.910066  0.711821
sounding_051_138       44.7708   28.2955   -1.0 412.619905  1.753775
sounding_051_139       44.7450   28.6079   -1.0 412.809568  0.347192
sounding_052_138       44.9928   28.3313   -1.0 412.634508 -0.122622
sounding_052_139       44.9669   28.6450   -1.0 412.734917 -0.102807
sounding_052_141       44.9123   29.2715   -1.0 412.945575 -1.345402
sounding_053_138       45.2148   28.3673   -1.0 412.633384 -1.709804
sounding_053_139       45.1888   28.6824   -1.0 412.611522  0.604182
sounding_053_140       45.1618   28.9972   -1.0 412.667382  0.566861
sounding_053_141       45.1339   29.3116   -1.0 412.692390 -0.292856
sounding_054_138       45.4369   28.4037   -1.0 412.504096 -1.460258
sounding_054_139       45.4108   28.7202   -1.0 412.419608  0.685175
sounding_054_140       45.3837   29.0362   -1.0 412.384210  1.159360
sounding_054_141       45.3556   29.3520   -1.0 412.339095 -1.646203
sounding_054_142       45.3266   29.6674   -1.0 412.209765 -1.046451
sounding_055_138       45.6591   28.4405   -1.0 412.163199 -0.772760
sounding_055_139       45.6328   28.7582   -1.0 412.161951 -1.137110
sounding_055_140       45.6056   29.0757   -1.0 412.089758 -1.926582
sounding_055_141       45.5774   29.3928   -1.0 411.971826 -0.171383
sounding_056_138       45.8813   28.4775   -1.0 411.717231  0.812433
sounding_056_139       45.8549   28.7966   -1.0 411.812909 -0.930232
sounding_056_140       45.8276   29.1154   -1.0 411.798066 -0.332507
sounding_056_141       45.7993   29.4339   -1.0 411.678536 -1.383849
sounding_056_142       45.7700   29.7520   -1.0 411.632292 -0.747373
sounding_057_139       46.0771   28.8354   -1.0 411.479974 -0.468353
sounding_057_140       46.0497   29.1556   -1.0 411.545490  1.225262
sounding_057_141       46.0212   29.4754   -1.0 411.544509  0.514920
sounding_057_142       45.9918   29.7948   -1.0 411.617744 -1.170890
sounding_057_143       45.9614   30.1139   -1.0 411.771904 -0.530728
sounding_058_139       46.2994   28.8744   -1.0 411.236787  0.666584
sounding_058_140       46.2718   29.1960   -1.0 411.388990 -0.633731
sounding_058_141       46.2432   29.5172   -1.0 411.504437 -0.246798
sounding_058_142       46.2137   29.8381   -1.0 411.619284  1.301416
sounding_058_143       46.1831   30.1585   -1.0 411.764570  0.205781
sounding_059_139       46.5217   28.9139   -1.0 410.996012  0.490303
sounding_059_140       46.4940   29.2368   -1.0 411.183436  0.869964
sounding_059_141       46.4653   29.5594   -1.0 411.356851  1.168528
sounding_059_142       46.4356   29.8817   -1.0 411.505527 -1.921026
sounding_059_143       46.4049   30.2035   -1.0 411.642916  0.068072
sounding_059_144       46.3733   30.5250   -1.0 411.776507 -0.834991
sounding_060_139       46.7441   28.9536   -1.0 410.727966  0.929317
sounding_060_140       46.7162   29.2780   -1.0 410.889938  0.751583
sounding_060_141       46.6874   29.6020   -1.0 411.094682 -1.368390
sounding_060_142       46.6575   29.9257   -1.0 411.299892  0.398812
sounding_060_143       46.6267   30.2489   -1.0 411.476519  0.282846
sounding_060_144       46.5949   30.5718   -1.0 411.619548  0.239235
sounding_061_139       46.9665   28.9937   -1.0 410.571385  1.009648
sounding_061_140       46.9385   29.3195   -1.0 410.670350 -1.343628
sounding_061_141       46.9096   29.6450   -1.0 410.857720  0.613933
sounding_061_142       46.8796   29.9700   -1.0 411.092134  0.060416
sounding_061_143       46.8486   30.2947   -1.0 411.329379  0.636878
sounding_061_144       46.8167   30.6189   -1.0 411.532548 -0.169217
sounding_061_145       46.7837   30.9428   -1.0 411.661511  0.296517
sounding_061_146       46.7498   31.2661   -1.0 411.752474 -0.444300
sounding_061_147       46.7150   31.5891   -1.0 411.836144 -0.513033
sounding_061_148       46.6791   31.9116   -1.0 411.931652 -0.383962
sounding_062_139       47.1890   29.0342   -1.0 410.568531 -1.313944
sounding_062_140       47.1609   29.3615   -1.0 410.637556 -0.870034
sounding_062_141       47.1318   29.6883   -1.0 410.760441 -1.944840
sounding_062_142       47.1016   30.0148   -1.0 410.951748 -0.843768
sounding_062_143       47.0705   30.3409   -1.0 411.202258  2.011747
sounding_062_144       47.0384   30.6665   -1.0 411.449931 -0.485260
sounding_062_145       47.0053   30.9918   -1.0 411.635960  0.733955
sounding_062_146       46.9713   31.3166   -1.0 411.737706 -0.528511
sounding_062_147       46.9362   31.6409   -1.0 411.811837 -1.895528
sounding_062_148       46.9002   31.9648   -1.0 411.902774 -1.853789
sounding_063_139       47.4115   29.0751   -1.0 410.687102  3.084960
sounding_063_140       47.3833   29.4038   -1.0 410.747706 -2.308845
sounding_063_141       47.3540   29.7321   -1.0 410.819687  0.169919
sounding_063_142       47.3237   30.0600   -1.0 410.931987 -0.564487
sounding_063_143       47.2925   30.3875   -1.0 411.132837  0.385602
sounding_063_144       47.2602   30.7146   -1.0 411.362035  2.665534
sounding_063_145       47.2270   31.0412   -1.0 411.559073 -1.614890
sounding_063_146       47.1928   31.3674   -1.0 411.682272  0.877181
sounding_063_147       47.1576   31.6932   -1.0 411.749719 -0.653525
sounding_063_148       47.1214   32.0185   -1.0 411.830774  0.512853
sounding_064_139       47.6341   29.1163   -1.0 410.800697 -0.370431
sounding_064_140       47.6057   29.4464   -1.0 410.882260 -0.782864
sounding_064_141       47.5763   29.7762   -1.0 410.972204  0.548487
sounding_064_142       47.5459   30.1056   -1.0 411.025806 -0.012539
sounding_064_143       47.5145   30.4345   -1.0 411.147200 -0.097213
sounding_064_144       47.4821   30.7630   -1.0 411.296129  0.431064
sounding_064_145       47.4487   31.0911   -1.0 411.435252  0.953595
sounding_064_146       47.4143   31.4188   -1.0 411.540687  0.598182
sounding_064_147       47.3789   31.7459   -1.0 411.613806  0.687414
sounding_064_148       47.3426   32.0726   -1.0 411.694016 -0.539058
sounding_065_140       47.8282   29.4895   -1.0 410.935517 -0.102391
sounding_065_141       47.7987   29.8207   -1.0 411.051886 -2.954712
sounding_065_142       47.7681   30.1516   -1.0 411.147633 -0.212194
sounding_065_143       47.7366   30.4820   -1.0 411.241224  1.997190
sounding_065_144       47.7040   30.8119   -1.0 411.320785  0.112893
sounding_065_145       47.6704   31.1415   -1.0 411.395996  1.457366
sounding_065_146       47.6359   31.4705   -1.0 411.447735 -0.012240
sounding_065_147       47.6003   31.7992   -1.0 411.505603  1.120841
sounding_065_148       47.5638   32.1273   -1.0 411.570626 -1.055337
sounding_065_149       47.5262   32.4549   -1.0 411.629743  0.930315
sounding_066_140       48.0507   29.5330   -1.0 410.942256  1.133004
sounding_066_141       48.0211   29.8657   -1.0 411.025904  0.225793
sounding_066_142       47.9903   30.1980   -1.0 411.151867 -0.440264
sounding_066_143       47.9586   30.5298   -1.0 411.288105  1.570927
sounding_066_144       47.9259   30.8613   -1.0 411.399115  0.058583
sounding_066_145       47.8922   31.1923   -1.0 411.455621  2.101379
sounding_066_146       47.8575   31.5228   -1.0 411.483555 -0.075881
sounding_066_147       47.8218   31.8528   -1.0 411.503704  0.735827
sounding_066_148       47.7850   32.1824   -1.0 411.528728 -0.702215
sounding_066_149       47.7473   32.5115   -1.0 411.545563  0.980176
sounding_067_140       48.2733   29.5768   -1.0 410.991777  0.956309
sounding_067_141       48.2435   29.9110   -1.0 410.998668  0.542755
sounding_067_142       48.2126   30.2448   -1.0 411.084664 -0.877686
sounding_067_143       48.1808   30.5782   -1.0 411.224924 -0.125765
sounding_067_144       48.1479   30.9111   -1.0 411.361166  1.443989
sounding_067_145       48.1140   31.2435   -1.0 411.456362  0.477656
sounding_067_146       48.0791   31.5755   -1.0 411.511422 -0.167501
sounding_067_147       48.0432   31.9070   -1.0 411.523488  1.405172
sounding_067_148       48.0063   32.2381   -1.0 411.530377  0.373343
sounding_067_149       47.9684   32.5686   -1.0 411.527242  1.302343
sounding_068_140       48.4959   29.6211   -1.0 411.090681 -0.734206
sounding_068_141       48.4659   29.9568   -1.0 411.042426  1.614362
sounding_068_142       48.4349   30.2921   -1.0 411.061536  0.624294
sounding_068_143       48.4029   30.6270   -1.0 411.139516 -0.801261
sounding_068_144       48.3699   30.9613   -1.0 411.234681 -0.768210
sounding_068_145       48.3358   31.2953   -1.0 411.350101  1.021372
sounding_068_146       48.3008   31.6288   -1.0 411.443660  0.698961
sounding_068_147       48.2647   31.9617   -1.0 411.488575  0.348712
sounding_068_148       48.2276   32.2942   -1.0 411.499457  1.689288
sounding_068_149       48.1896   32.6262   -1.0 411.501537 -0.799871
sounding_069_140       48.7185   29.6658   -1.0 411.196877  1.819484
sounding_069_141       48.6884   30.0030   -1.0 411.141987 -1.401368
sounding_069_142       48.6572   30.3398   -1.0 411.129654  0.353491
sounding_069_143       48.6251   30.6761   -1.0 411.142118  0.905988
sounding_069_144       48.5919   31.0120   -1.0 411.171744 -1.225022
sounding_069_145       48.5577   31.3475   -1.0 411.231571 -0.174033
sounding_069_146       48.5224   31.6824   -1.0 411.317353  0.340337
sounding_069_147       48.4862   32.0169   -1.0 411.374747 -1.103155
sounding_069_148       48.4490   32.3509   -1.0 411.403421  0.962185
sounding_069_149       48.4107   32.6843   -1.0 411.428128  0.501546
sounding_070_140       48.9411   29.7109   -1.0 411.285869  0.184259
sounding_070_141       48.9109   30.0496   -1.0 411.251602  0.920625
sounding_070_142       48.8796   30.3879   -1.0 411.236200  0.060268
sounding_070_143       48.8473   30.7258   -1.0 411.220768  0.828957
sounding_070_144       48.8139   31.0632   -1.0 411.209763 -0.623860
sounding_070_145       48.7795   31.4002   -1.0 411.207387  0.592807
sounding_070_146       48.7441   31.7366   -1.0 411.226461  0.798058
sounding_070_147       48.7077   32.0726   -1.0 411.247797  0.978879
sounding_070_148       48.6703   32.4080   -1.0 411.268636  2.214754
sounding_070_149       48.6319   32.7430   -1.0 411.297783 -0.006837
sounding_071_140       49.1638   29.7564   -1.0 411.329318  2.081998
sounding_071_141       49.1334   30.0967   -1.0 411.324856  1.816666
sounding_071_142       49.1019   30.4365   -1.0 411.326297  1.658675
sounding_071_143       49.0695   30.7759   -1.0 411.318137  0.269394
sounding_071_144       49.0359   31.1149   -1.0 411.287724  0.587423
sounding_071_145       49.0014   31.4534   -1.0 411.260130  1.275417
sounding_071_146       48.9659   31.7913   -1.0 411.238990  1.392806
sounding_071_147       48.9293   32.1288   -1.0 411.205409  0.968506
sounding_071_148       48.8917   32.4657   -1.0 411.179341  0.273046
sounding_071_149       48.8530   32.8021   -1.0 411.181187 -1.065925
sounding_072_140       49.3865   29.8023   -1.0 411.357624 -0.963399
sounding_072_141       49.3559   30.1441   -1.0 411.362647  0.959955
sounding_072_142       49.3243   30.4856   -1.0 411.373903 -0.442334
sounding_072_143       49.2917   30.8265   -1.0 411.380063 -1.720467
sounding_072_144       49.2580   31.1670   -1.0 411.355886 -0.611739
sounding_072_145       49.2233   31.5070   -1.0 411.331576 -0.962475
sounding_072_146       49.1876   31.8465   -1.0 411.302204 -0.186280
sounding_072_147       49.1508   32.1855   -1.0 411.253724  0.362534
sounding_072_148       49.1130   32.5240   -1.0 411.205281 -0.376575
sounding_072_149       49.0742   32.8619   -1.0 411.167223  0.832734
sounding_073_140       49.6092   29.8486   -1.0 411.395473 -0.293331
sounding_073_141       49.5784   30.1921   -1.0 411.401371  0.247627
sounding_073_142       49.5467   30.5351   -1.0 411.417727 -0.381310
sounding_073_143       49.5139   30.8776   -1.0 411.417839 -0.099152
sounding_073_144       49.4801   31.2196   -1.0 411.399735  0.882713
sounding_073_145       49.4452   31.5612   -1.0 411.383327 -0.077601
sounding_073_146       49.4093   31.9022   -1.0 411.374144 -0.777314
sounding_074_141       49.8010   30.2405   -1.0 411.478287 -0.662312
sounding_074_142       49.7691   30.5850   -1.0 411.470707 -1.253158
sounding_074_143       49.7362   30.9291   -1.0 411.439881  1.057999
sounding_074_144       49.7022   31.2728   -1.0 411.412030  0.151277
sounding_074_145       49.6671   31.6159   -1.0 411.408186  0.050166
sounding_074_146       49.6310   31.9585   -1.0 411.426788  0.572419
sounding_074_147       49.5939   32.3005   -1.0 411.438197  1.064129
sounding_074_148       49.5558   32.6421   -1.0 411.407859 -0.133437
sounding_074_149       49.5166   32.9831   -1.0 411.347107  2.969135
sounding_074_150       49.4764   33.3235   -1.0 411.277724  0.140575
sounding_075_141       50.0236   30.2893   -1.0 411.547353 -1.038203
sounding_075_142       49.9915   30.6355   -1.0 411.519768 -0.054578
sounding_075_143       49.9584   30.9812   -1.0 411.463617  0.455216
sounding_075_144       49.9242   31.3264   -1.0 411.421673 -0.358236
sounding_075_145       49.8890   31.6711   -1.0 411.419958  0.410357
sounding_075_146       49.8528   32.0153   -1.0 411.456750  0.147018
sounding_075_147       49.8155   32.3589   -1.0 411.483874 -0.286940
sounding_075_148       49.7771   32.7020   -1.0 411.477706 -0.163014
sounding_075_149       49.7378   33.0445   -1.0 411.420378  0.295583
sounding_075_150       49.6974   33.3864   -1.0 411.337642 -1.027456
sounding_076_141       50.2461   30.3386   -1.0 411.582463  0.290485
sounding_076_142       50.2139   30.6864   -1.0 411.575894 -0.514061
sounding_076_143       50.1806   31.0337   -1.0 411.521865  0.179767
sounding_076_144       50.1463   31.3805   -1.0 411.462223  1.720812
sounding_076_145       50.1109   31.7268   -1.0 411.450030 -0.458714
sounding_076_146       50.0745   32.0725   -1.0 411.486671  1.720540
sounding_076_147       50.0370   32.4178   -1.0 411.512183  1.515553
sounding_076_148       49.9985   32.7624   -1.0 411.511500 -2.383954
sounding_076_149       49.9590   33.1065   -1.0 411.467603  1.076904
sounding_076_150       49.9184   33.4500   -1.0 411.394624  0.717992
sounding_077_141       50.4687   30.3884   -1.0 411.573289 -1.664503
sounding_077_142       50.4363   30.7378   -1.0 411.600029 -1.497534
sounding_077_143       50.4029   31.0867   -1.0 411.582915  0.220551
sounding_077_144       50.3684   31.4352   -1.0 411.534577 -4.218503
sounding_077_145       50.3328   31.7830   -1.0 411.508343  0.490340
sounding_077_146       50.2962   32.1304   -1.0 411.525464  1.646845
sounding_077_147       50.2586   32.4772   -1.0 411.542376 -1.832996
sounding_077_148       50.2199   32.8234   -1.0 411.535064 -1.207340
sounding_077_149       50.1801   33.1691   -1.0 411.511584 -1.009516
sounding_077_150       50.1393   33.5142   -1.0 411.457673 -0.351220
sounding_078_141       50.6912   30.4387   -1.0 411.537134  0.056034
sounding_078_142       50.6587   30.7897   -1.0 411.544136  0.190891
sounding_078_143       50.6251   31.1403   -1.0 411.563869 -1.225694
sounding_078_144       50.5905   31.4903   -1.0 411.561668  0.574481
sounding_078_145       50.5547   31.8398   -1.0 411.559768  1.027796
sounding_078_146       50.5179   32.1888   -1.0 411.569173  1.543399
sounding_078_147       50.4801   32.5372   -1.0 411.575701 -0.557761
sounding_078_148       50.4412   32.8850   -1.0 411.568746  0.595132
sounding_078_149       50.4013   33.2323   -1.0 411.553342 -0.260465
sounding_078_150       50.3603   33.5789   -1.0 411.515901 -0.255805
sounding_079_141       50.9138   30.4894   -1.0 411.532601  0.763747
sounding_079_142       50.8811   30.8421   -1.0 411.473431 -1.475079
sounding_079_143       50.8473   31.1943   -1.0 411.486160  0.335033
sounding_079_144       50.8125   31.5460   -1.0 411.521423 -2.023776
sounding_079_145       50.7766   31.8972   -1.0 411.552996 -1.292264
sounding_079_146       50.7396   32.2477   -1.0 411.578704 -0.060319
sounding_079_147       50.7016   32.5978   -1.0 411.599158 -1.182216
sounding_079_148       50.6625   32.9472   -1.0 411.599426  0.141726
sounding_079_149       50.6224   33.2961   -1.0 411.578470 -0.552102
sounding_079_150       50.5812   33.6443   -1.0 411.553214  1.366258
sounding_080_141       51.1363   30.5406   -1.0 411.589282  0.536152
sounding_080_142       51.1035   30.8951   -1.0 411.459296 -1.535698
sounding_080_143       51.0695   31.2489   -1.0 411.426526 -1.388523
sounding_080_144       51.0345   31.6023   -1.0 411.456263 -2.335579
sounding_080_145       50.9985   31.9550   -1.0 411.495790  0.947532
sounding_080_146       50.9613   32.3073   -1.0 411.533072  0.228527
sounding_080_147       50.9231   32.6589   -1.0 411.573783  2.141020
sounding_080_148       50.8839   33.0100   -1.0 411.595649 -0.727789
sounding_080_149       50.8435   33.3605   -1.0 411.584475  0.191386
sounding_080_150       50.8021   33.7103   -1.0 411.570961 -0.476759
sounding_081_141       51.3588   30.5924   -1.0 411.717096  0.893835
sounding_081_142       51.3258   30.9485   -1.0 411.539803  0.319372
sounding_081_143       51.2917   31.3040   -1.0 411.442210 -0.225023
sounding_081_144       51.2566   31.6590   -1.0 411.427231 -0.676400
sounding_081_145       51.2203   32.0135   -1.0 411.441633 -0.745538
sounding_081_146       51.1830   32.3674   -1.0 411.466145 -0.171195
sounding_081_147       51.1446   32.7207   -1.0 411.513907  2.392933
sounding_081_148       51.1051   33.0734   -1.0 411.552256 -0.360942
sounding_081_149       51.0646   33.4255   -1.0 411.571908 -2.597301
sounding_081_150       51.0230   33.7769   -1.0 411.582790  0.161584
sounding_082_141       51.5813   30.6446   -1.0 411.819819  0.786066
sounding_082_142       51.5482   31.0024   -1.0 411.667507  0.844055
sounding_082_143       51.5139   31.3596   -1.0 411.527246 -0.366093
sounding_082_144       51.4786   31.7164   -1.0 411.445857 -1.288685
sounding_082_145       51.4421   32.0725   -1.0 411.419706  0.313676
sounding_082_146       51.4046   32.4281   -1.0 411.435416 -1.175000
sounding_082_147       51.3661   32.7831   -1.0 411.486889 -1.501369
sounding_082_148       51.3264   33.1374   -1.0 411.535334 -0.219417
sounding_082_149       51.2857   33.4911   -1.0 411.557623 -0.125973
sounding_082_150       51.2439   33.8442   -1.0 411.580322 -1.053559
sounding_083_142       51.7705   31.0569   -1.0 411.786430 -0.345260
sounding_083_143       51.7360   31.4159   -1.0 411.665321  1.252438
sounding_083_144       51.7005   31.7743   -1.0 411.533386  1.002388
sounding_083_145       51.6639   32.1321   -1.0 411.458394  1.959979
sounding_083_146       51.6262   32.4894   -1.0 411.457915  0.469335
sounding_083_147       51.5875   32.8460   -1.0 411.493923  0.065520
sounding_083_148       51.5476   33.2020   -1.0 411.526911 -1.649519
sounding_083_149       51.5067   33.5574   -1.0 411.540556  1.352188
sounding_083_150       51.4647   33.9122   -1.0 411.571866  0.500707
sounding_084_142       51.9927   31.1119   -1.0 411.806763 -0.955645
sounding_084_143       51.9582   31.4726   -1.0 411.803578  0.396610
sounding_084_144       51.9225   31.8327   -1.0 411.688668 -0.638219
sounding_084_145       51.8857   32.1923   -1.0 411.574708 -0.384562
sounding_084_146       51.8478   32.5512   -1.0 411.525684  0.194570
sounding_084_147       51.8089   32.9096   -1.0 411.531379 -0.621124
sounding_084_148       51.7688   33.2673   -1.0 411.550873 -0.258615
sounding_084_149       51.7277   33.6244   -1.0 411.561146  2.247315
sounding_084_150       51.6855   33.9808   -1.0 411.601949  0.584080
sounding_084_151       51.6422   34.3366   -1.0 411.673928 -0.634515
sounding_085_142       52.2150   31.1675   -1.0 411.658650 -0.343332
sounding_085_143       52.1802   31.5299   -1.0 411.818030  0.400800
sounding_085_144       52.1444   31.8918   -1.0 411.835014 -1.212383
sounding_085_145       52.1074   32.2531   -1.0 411.751085 -0.301938
sounding_085_146       52.0694   32.6137   -1.0 411.665391  0.688107
sounding_085_147       52.0302   32.9738   -1.0 411.620366  1.456823
sounding_085_148       51.9900   33.3332   -1.0 411.620088 -0.236080
sounding_085_149       51.9487   33.6920   -1.0 411.637953 -0.642443
sounding_085_150       51.9062   34.0500   -1.0 411.671579 -1.053870
sounding_085_151       51.8627   34.4075   -1.0 411.707598  0.962272
sounding_086_142       52.4372   31.2236   -1.0 411.390867  0.216371
sounding_086_143       52.4023   31.5878   -1.0 411.659555 -1.010514
sounding_086_144       52.3662   31.9514   -1.0 411.847465 -0.799534
sounding_086_145       52.3291   32.3144   -1.0 411.900804 -0.137143
sounding_086_146       52.2909   32.6768   -1.0 411.836270 -0.134271
sounding_086_147       52.2515   33.0386   -1.0 411.753149  0.375996
sounding_086_148       52.2111   33.3997   -1.0 411.713400  0.941700
sounding_086_149       52.1696   33.7602   -1.0 411.733503 -1.406796
sounding_086_150       52.1269   34.1200   -1.0 411.751708  1.254993
sounding_086_151       52.0832   34.4791   -1.0 411.742883  0.714156
sounding_087_142       52.6594   31.2803   -1.0 411.104337  1.126221
sounding_087_143       52.6243   31.6462   -1.0 411.368951 -1.091681
sounding_087_144       52.5881   32.0116   -1.0 411.663829 -1.434161
sounding_087_145       52.5507   32.3764   -1.0 411.877941 -2.189276
sounding_087_146       52.5123   32.7406   -1.0 411.934542  0.146212
sounding_087_147       52.4728   33.1041   -1.0 411.880420 -0.568245
sounding_087_148       52.4321   33.4669   -1.0 411.835397 -0.469809
sounding_087_149       52.3904   33.8292   -1.0 411.845061 -2.003584
sounding_087_150       52.3476   34.1907   -1.0 411.856007 -0.131914
sounding_087_151       52.3037   34.5515   -1.0 411.824782 -0.333714
sounding_088_142       52.8815   31.3375   -1.0 410.929419 -0.506088
sounding_088_143       52.8462   31.7053   -1.0 411.076052 -1.193517
sounding_088_144       52.8098   32.0725   -1.0 411.359005 -0.803835
sounding_088_145       52.7723   32.4390   -1.0 411.655857 -0.235534
sounding_088_146       52.7337   32.8049   -1.0 411.849195  0.306835
sounding_088_147       52.6940   33.1702   -1.0 411.914240 -1.441992
sounding_088_148       52.6531   33.5348   -1.0 411.928885 -1.705137
sounding_088_149       52.6112   33.8988   -1.0 411.952717 -0.861899
sounding_088_150       52.5682   34.2620   -1.0 411.970825 -0.695230
sounding_088_151       52.5241   34.6245   -1.0 411.950320 -0.181770
sounding_089_142       53.1036   31.3954   -1.0 410.955981 -0.145082
sounding_089_143       53.0682   31.7649   -1.0 410.908057  0.173385
sounding_089_144       53.0316   32.1339   -1.0 411.050836  0.223359
sounding_089_145       52.9939   32.5023   -1.0 411.317812 -3.017237
sounding_089_146       52.9551   32.8700   -1.0 411.601523 -0.187934
sounding_089_147       52.9151   33.2370   -1.0 411.794983 -1.352257
sounding_089_148       52.8741   33.6034   -1.0 411.916847 -0.516972
sounding_089_149       52.8320   33.9691   -1.0 412.005721 -0.480519
sounding_089_150       52.7887   34.3341   -1.0 412.058238  1.029322
sounding_089_151       52.7444   34.6983   -1.0 412.063040 -0.646879
sounding_090_143       53.2900   31.8252   -1.0 410.914387  0.670788
sounding_090_144       53.2533   32.1960   -1.0 410.865115 -0.283776
sounding_090_145       53.2154   32.5661   -1.0 410.991850  0.302728
sounding_090_146       53.1764   32.9356   -1.0 411.240821  0.472588
sounding_090_147       53.1362   33.3045   -1.0 411.510958  0.205606
sounding_090_148       53.0950   33.6727   -1.0 411.753981 -0.992122
sounding_090_149       53.0527   34.0401   -1.0 411.947594  0.247431
sounding_090_150       53.0092   34.4069   -1.0 412.067461 -0.308810
sounding_090_151       52.9646   34.7729   -1.0 412.106158  0.365616
sounding_091_144       53.4749   32.2587   -1.0 410.834640  0.847814
sounding_091_145       53.4368   32.6307   -1.0 410.758850 -0.662562
sounding_091_146       53.3976   33.0020   -1.0 410.882495 -0.824692
sounding_091_147       53.3573   33.3727   -1.0 411.145494 -3.411356
sounding_091_148       53.3158   33.7426   -1.0 411.447074  0.603436
sounding_091_149       53.2733   34.1118   -1.0 411.717606  1.525564
sounding_091_150       53.2296   34.4804   -1.0 411.924226  0.742423
sounding_091_151       53.1848   34.8481   -1.0 412.071569  1.325942
sounding_092_144       53.6964   32.3220   -1.0 410.943653 -2.025604
sounding_092_145       53.6582   32.6959   -1.0 410.700065 -0.677855
sounding_092_146       53.6188   33.0690   -1.0 410.659886 -0.421625
sounding_092_147       53.5783   33.4415   -1.0 410.819305  0.289401
sounding_092_148       53.5366   33.8133   -1.0 411.086244  0.833260
sounding_092_149       53.4939   34.1843   -1.0 411.360470  0.461359
sounding_092_150       53.4500   34.5546   -1.0 411.640800 -0.570040
sounding_092_151       53.4050   34.9242   -1.0 411.920584 -0.267628
sounding_093_144       53.9179   32.3860   -1.0 411.119620 -1.237399
sounding_093_145       53.8795   32.7617   -1.0 410.832115  0.123221
sounding_093_146       53.8399   33.1367   -1.0 410.636086 -0.113650
sounding_093_147       53.7992   33.5110   -1.0 410.634194 -0.224188
sounding_093_148       53.7573   33.8846   -1.0 410.772756  0.872159
sounding_093_149       53.7143   34.2575   -1.0 410.985711 -0.527456
sounding_093_150       53.6702   34.6296   -1.0 411.276089  2.530422
sounding_093_151       53.6250   35.0010   -1.0 411.632520 -0.986892
sounding_093_152       53.5787   35.3716   -1.0 411.975424 -0.197455
sounding_094_143       54.1769   32.0724   -1.0 411.327347  0.194570
sounding_094_144       54.1394   32.4507   -1.0 411.227981  0.421593
sounding_094_145       54.1007   32.8282   -1.0 411.009681  0.200851
sounding_094_146       54.0609   33.2051   -1.0 410.758857  0.149557
sounding_094_147       54.0200   33.5813   -1.0 410.604564  1.682218
sounding_094_148       53.9779   33.9568   -1.0 410.585692  2.182746
sounding_094_149       53.9348   34.3315   -1.0 410.683790 -0.299657
sounding_094_150       53.8904   34.7054   -1.0 410.902228  0.310759
sounding_094_151       53.8450   35.0786   -1.0 411.249474  2.854364
sounding_094_152       53.7984   35.4510   -1.0 411.648039  0.884619
sounding_095_143       54.3984   32.1358   -1.0 411.204269  1.468313
sounding_095_144       54.3607   32.5160   -1.0 411.189279 -1.728800
sounding_095_145       54.3219   32.8955   -1.0 411.090370  0.627510
sounding_095_146       54.2819   33.2742   -1.0 410.902045 -2.242466
sounding_095_147       54.2408   33.6523   -1.0 410.696214 -0.636261
sounding_095_148       54.1985   34.0296   -1.0 410.553033  0.025223
sounding_095_149       54.1551   34.4062   -1.0 410.516552  0.956921
sounding_095_150       54.1105   34.7820   -1.0 410.606928 -0.424230
sounding_095_151       54.0649   35.1570   -1.0 410.853851  1.137022
sounding_095_152       54.0181   35.5312   -1.0 411.212275  1.169122
sounding_096_143       54.6199   32.1999   -1.0 411.027097  1.118816
sounding_096_144       54.5820   32.5820   -1.0 411.057658  0.342397
sounding_096_145       54.5430   32.9634   -1.0 411.053195 -0.989991
sounding_096_146       54.5028   33.3441   -1.0 410.989374  0.309556
sounding_096_147       54.4614   33.7240   -1.0 410.849978 -1.873138
sounding_096_148       54.4190   34.1032   -1.0 410.670934 -0.437829
sounding_096_149       54.3753   34.4817   -1.0 410.516815 -0.711317
sounding_096_150       54.3306   34.8593   -1.0 410.451630  0.124257
sounding_096_151       54.2847   35.2362   -1.0 410.541082  2.090709
sounding_096_152       54.2376   35.6122   -1.0 410.779314  0.762865
sounding_097_143       54.8413   32.2647   -1.0 410.856635  0.353531
sounding_097_144       54.8032   32.6487   -1.0 410.917524  0.285708
sounding_097_145       54.7640   33.0320   -1.0 410.967689 -0.707171
sounding_097_146       54.7236   33.4146   -1.0 410.992013  0.034507
sounding_097_147       54.6820   33.7965   -1.0 410.952634 -0.982070
sounding_097_148       54.6393   34.1776   -1.0 410.820540  1.212107
sounding_097_149       54.5955   34.5579   -1.0 410.620925  0.651422
sounding_097_150       54.5505   34.9375   -1.0 410.435512  0.212173
sounding_097_151       54.5044   35.3162   -1.0 410.375816  0.388278
sounding_097_152       54.4571   35.6941   -1.0 410.466928 -0.112796
sounding_098_143       55.0626   32.3301   -1.0 410.727498 -1.179287
sounding_098_144       55.0243   32.7161   -1.0 410.785906  1.410968
sounding_098_145       54.9849   33.1014   -1.0 410.860395 -0.997085
sounding_098_146       54.9443   33.4860   -1.0 410.931078 -1.036791
sounding_098_147       54.9025   33.8698   -1.0 410.957262 -0.204570
sounding_098_148       54.8596   34.2528   -1.0 410.884887  0.939690
sounding_098_149       54.8156   34.6350   -1.0 410.721298  0.838167
sounding_098_150       54.7703   35.0165   -1.0 410.516661  1.594232
sounding_098_151       54.7240   35.3971   -1.0 410.369958 -0.656340
sounding_098_152       54.6765   35.7768   -1.0 410.326282 -0.536593
sounding_099_143       55.2838   32.3962   -1.0 410.629847  0.921057
sounding_099_144       55.2453   32.7842   -1.0 410.661567  0.778147
sounding_099_145       55.2057   33.1715   -1.0 410.729200  1.620820
sounding_099_146       55.1649   33.5580   -1.0 410.811781  1.068008
sounding_099_147       55.1229   33.9438   -1.0 410.875028 -0.308317
sounding_099_148       55.0798   34.3287   -1.0 410.863848 -1.050715
sounding_099_149       55.0355   34.7129   -1.0 410.775037 -0.066731
sounding_099_150       54.9901   35.0962   -1.0 410.644042 -0.967921
sounding_099_151       54.9435   35.4788   -1.0 410.486090 -0.189100
sounding_099_152       54.8957   35.8604   -1.0 410.343821  0.750882
sounding_100_143       55.5049   32.4631   -1.0 410.573725  1.318014
sounding_100_144       55.4663   32.8531   -1.0 410.578979  0.529539
sounding_100_145       55.4264   33.2423   -1.0 410.619336  0.781026
sounding_100_146       55.3854   33.6309   -1.0 410.688222 -0.369068
sounding_100_147       55.3432   34.0185   -1.0 410.742190 -1.704042
sounding_100_148       55.2999   34.4055   -1.0 410.765337 -0.944635
sounding_100_149       55.2554   34.7916   -1.0 410.775446 -0.435062
sounding_100_150       55.2097   35.1769   -1.0 410.755012 -1.581895
sounding_100_151       55.1629   35.5613   -1.0 410.645526 -0.246983
sounding_100_152       55.1149   35.9449   -1.0 410.463851  0.722415
sounding_101_143       55.7259   32.5306   -1.0 410.576916 -0.863480
sounding_101_144       55.6871   32.9227   -1.0 410.561029 -1.727582
sounding_101_145       55.6471   33.3139   -1.0 410.566756 -0.462691
sounding_101_146       55.6058   33.7044   -1.0 410.589667  1.599423
sounding_101_147       55.5635   34.0942   -1.0 410.608502 -0.184680
sounding_101_148       55.5199   34.4831   -1.0 410.642338 -0.799010
sounding_101_149       55.4752   34.8712   -1.0 410.717631 -0.559098
sounding_101_150       55.4293   35.2584   -1.0 410.792953 -1.511974
sounding_101_151       55.3822   35.6447   -1.0 410.768771 -1.065190
sounding_101_152       55.3340   36.0302   -1.0 410.616082  0.351769
sounding_102_143       55.9468   32.5989   -1.0 410.643310 -0.425435
sounding_102_144       55.9078   32.9930   -1.0 410.610246 -0.849487
sounding_102_145       55.8676   33.3863   -1.0 410.575182  0.903857
sounding_102_146       55.8262   33.7788   -1.0 410.546584  1.713062
sounding_102_147       55.7836   34.1706   -1.0 410.520502  0.206369
sounding_102_148       55.7398   34.5615   -1.0 410.541126  0.681989
sounding_102_149       55.6948   34.9515   -1.0 410.632372  0.512841
sounding_102_150       55.6487   35.3407   -1.0 410.752367  0.213928
sounding_102_151       55.6014   35.7291   -1.0 410.806943 -0.729948
sounding_102_152       55.5529   36.1165   -1.0 410.732338  0.092244
sounding_103_144       56.1284   33.0641   -1.0 410.693379  0.644305
sounding_103_145       56.0880   33.4595   -1.0 410.625967  1.107209
sounding_103_146       56.0464   33.8540   -1.0 410.559502  0.175011
sounding_103_147       56.0036   34.2478   -1.0 410.497102 -1.144948
sounding_103_148       55.9596   34.6407   -1.0 410.485023 -0.537800
sounding_103_149       55.9144   35.0328   -1.0 410.551150  1.601780
sounding_103_150       55.8680   35.4240   -1.0 410.668124  0.137388
sounding_103_151       55.8205   35.8143   -1.0 410.764205 -0.912205
sounding_103_152       55.7717   36.2037   -1.0 410.774238  1.122286
sounding_103_153       55.7219   36.5921   -1.0 410.677161  0.181146
sounding_104_144       56.3490   33.1360   -1.0 410.767203  0.825995
sounding_104_145       56.3083   33.5334   -1.0 410.706761 -1.804874
sounding_104_146       56.2665   33.9301   -1.0 410.627617 -2.407278
sounding_104_147       56.2234   34.3259   -1.0 410.537057  0.103771
sounding_104_148       56.1792   34.7208   -1.0 410.480951 -0.952031
sounding_104_149       56.1338   35.1149   -1.0 410.500276 -0.449287
sounding_104_150       56.0872   35.5081   -1.0 410.583176 -0.152435
sounding_104_151       56.0394   35.9004   -1.0 410.681074 -1.628365
sounding_104_152       55.9905   36.2918   -1.0 410.741388 -0.453023
sounding_104_153       55.9403   36.6822   -1.0 410.727544 -0.540184
sounding_105_144       56.5694   33.2086   -1.0 410.829626 -0.505832
sounding_105_145       56.5285   33.6082   -1.0 410.787959  1.185807
sounding_105_146       56.4864   34.0069   -1.0 410.714359 -0.463537
sounding_105_147       56.4432   34.4047   -1.0 410.620956 -0.657795
sounding_105_148       56.3987   34.8018   -1.0 410.543556  0.053995
sounding_105_149       56.3531   35.1979   -1.0 410.524582  0.173885
sounding_105_150       56.3063   35.5931   -1.0 410.550658 -0.111401
sounding_105_151       56.2582   35.9875   -1.0 410.605688 -0.987876
sounding_105_152       56.2090   36.3808   -1.0 410.666999  0.818825
sounding_105_153       56.1586   36.7732   -1.0 410.703560 -1.104818
sounding_106_144       56.7896   33.2821   -1.0 410.876030 -0.446632
sounding_106_145       56.7486   33.6838   -1.0 410.846847  1.806528
sounding_106_146       56.7063   34.0846   -1.0 410.798140 -0.535351
sounding_106_147       56.6628   34.4845   -1.0 410.729295  1.388641
sounding_106_148       56.6181   34.8836   -1.0 410.664497 -0.440587
sounding_106_149       56.5723   35.2818   -1.0 410.627304  0.639290
sounding_106_150       56.5252   35.6791   -1.0 410.601802 -1.912644
sounding_106_151       56.4769   36.0754   -1.0 410.588533 -0.754629
sounding_106_152       56.4275   36.4708   -1.0 410.602160  0.779981
sounding_106_153       56.3768   36.8652   -1.0 410.633426  0.785868
sounding_107_144       57.0098   33.3563   -1.0 410.945981 -0.186409
sounding_107_145       56.9685   33.7601   -1.0 410.911152 -1.655666
sounding_107_146       56.9260   34.1631   -1.0 410.876427  0.982665
sounding_107_147       56.8823   34.5652   -1.0 410.832458 -2.456277
sounding_107_148       56.8374   34.9664   -1.0 410.795760 -1.450479
sounding_107_149       56.7913   35.3667   -1.0 410.765525 -0.353288
sounding_107_150       56.7440   35.7660   -1.0 410.719507  1.156149
sounding_107_151       56.6955   36.1644   -1.0 410.652430 -1.820459
sounding_107_152       56.6458   36.5618   -1.0 410.596031 -0.363989
sounding_107_153       56.5949   36.9582   -1.0 410.570865 -0.388219
sounding_108_144       57.2298   33.4314   -1.0 411.035312  0.908702
sounding_108_145       57.1883   33.8374   -1.0 410.991307  1.478825
sounding_108_146       57.1456   34.2425   -1.0 410.949450 -1.032823
sounding_108_147       57.1017   34.6467   -1.0 410.921339 -0.541705
sounding_108_148       57.0566   35.0500   -1.0 410.905022 -1.291558
sounding_108_149       57.0102   35.4524   -1.0 410.888927 -1.339332
sounding_108_150       56.9627   35.8539   -1.0 410.849188  0.214814
sounding_108_151       56.9139   36.2543   -1.0 410.769167  0.764090
sounding_108_152       56.8639   36.6538   -1.0 410.662974 -0.139469
sounding_108_153       56.8128   37.0523   -1.0 410.569434  0.130223
sounding_109_144       57.4497   33.5074   -1.0 411.104174  0.394120
sounding_109_145       57.4080   33.9155   -1.0 411.056695  1.307931
sounding_109_146       57.3651   34.3228   -1.0 411.016083 -1.993109
sounding_109_147       57.3210   34.7292   -1.0 410.991691  0.385960
sounding_109_148       57.2756   35.1346   -1.0 410.986399 -0.488046
sounding_109_149       57.2290   35.5391   -1.0 410.983588 -1.221095
sounding_109_150       57.1812   35.9427   -1.0 410.961173 -0.103575
sounding_109_151       57.1322   36.3453   -1.0 410.896380  0.329382
sounding_109_152       57.0819   36.7468   -1.0 410.783333 -0.168480
sounding_109_153       57.0305   37.1473   -1.0 410.649541 -0.056769
sounding_110_144       57.6695   33.5842   -1.0 411.117248  1.055566
sounding_110_145       57.6276   33.9945   -1.0 411.080292 -0.289362
sounding_110_146       57.5844   34.4040   -1.0 411.062573  0.053520
sounding_110_147       57.5400   34.8125   -1.0 411.053595 -1.052397
sounding_110_148       57.4944   35.2201   -1.0 411.058214  0.484266
sounding_110_149       57.4476   35.6268   -1.0 411.060951  0.651949
sounding_110_150       57.3996   36.0325   -1.0 411.052313 -0.230133
sounding_110_151       57.3503   36.4372   -1.0 411.012803 -0.650479
sounding_110_152       57.2998   36.8408   -1.0 410.922668 -1.594192
sounding_110_153       57.2482   37.2435   -1.0 410.785164  1.276250
sounding_111_144       57.8891   33.6618   -1.0 411.104036 -0.550298
sounding_111_145       57.8470   34.0744   -1.0 411.089265 -0.345961
sounding_111_146       57.8036   34.4861   -1.0 411.083982  0.055440
sounding_111_147       57.7590   34.8969   -1.0 411.091113  0.479233
sounding_111_148       57.7131   35.3066   -1.0 411.104785 -0.297776
sounding_111_149       57.6661   35.7155   -1.0 411.119581  0.478054
sounding_111_150       57.6178   36.1233   -1.0 411.124574 -0.139673
sounding_111_151       57.5683   36.5301   -1.0 411.106519 -0.910113
sounding_111_152       57.5175   36.9359   -1.0 411.047907  2.788756
sounding_111_153       57.4656   37.3406   -1.0 410.931975 -0.013637
sounding_112_144       58.1086   33.7404   -1.0 411.069811 -1.191826
sounding_112_145       58.0662   34.1552   -1.0 411.085954  0.343979
sounding_112_146       58.0226   34.5691   -1.0 411.078164 -0.794992
sounding_112_147       57.9778   34.9821   -1.0 411.085477  1.208503
sounding_112_148       57.9317   35.3941   -1.0 411.111591 -0.011031
sounding_112_149       57.8844   35.8051   -1.0 411.146571  0.368714
sounding_112_150       57.8359   36.2152   -1.0 411.171118  1.199236
sounding_112_151       57.7861   36.6241   -1.0 411.173227 -0.542205
sounding_112_152       57.7351   37.0320   -1.0 411.142688  0.302977
sounding_112_153       57.6829   37.4389   -1.0 411.060412 -1.476062
sounding_113_144       58.3279   33.8198   -1.0 411.008684 -1.135851
sounding_113_145       58.2854   34.2369   -1.0 411.057374 -1.211597
sounding_113_146       58.2415   34.6531   -1.0 411.066163 -1.452364
sounding_113_147       58.1964   35.0683   -1.0 411.076213 -0.917798
sounding_113_148       58.1501   35.4825   -1.0 411.101694 -0.737153
sounding_113_149       58.1026   35.8958   -1.0 411.141624 -2.603754
sounding_113_150       58.0538   36.3080   -1.0 411.182792  0.012672
sounding_113_151       58.0037   36.7191   -1.0 411.205762 -0.140018
sounding_113_152       57.9525   37.1292   -1.0 411.199818 -1.150968
sounding_113_153       57.9000   37.5382   -1.0 411.147940 -1.343052
sounding_113_154       57.8463   37.9461   -1.0 411.041992  0.082389
sounding_114_145       58.5043   34.3195   -1.0 411.000135  1.705783
sounding_114_146       58.4602   34.7380   -1.0 411.047428  0.358149
sounding_114_147       58.4149   35.1555   -1.0 411.072580 -0.413492
sounding_114_148       58.3684   35.5720   -1.0 411.096660 -0.340729
sounding_114_149       58.3206   35.9875   -1.0 411.127311  1.407230
sounding_114_150       58.2715   36.4019   -1.0 411.164991  1.645152
sounding_114_151       58.2212   36.8153   -1.0 411.197135  1.063942
sounding_114_152       58.1697   37.2275   -1.0 411.209584  0.345583
sounding_114_153       58.1170   37.6387   -1.0 411.186299 -0.828627
sounding_114_154       58.0630   38.0487   -1.0 411.118311  2.198694
sounding_115_145       58.7231   34.4032   -1.0 410.896295  0.035930
sounding_115_146       58.6788   34.8239   -1.0 410.998657  0.823517
sounding_115_147       58.6333   35.2437   -1.0 411.059633 -0.950185
sounding_115_148       58.5865   35.6625   -1.0 411.092923  1.137297
sounding_115_149       58.5384   36.0802   -1.0 411.114772  0.459165
sounding_115_150       58.4891   36.4969   -1.0 411.135153 -1.938103
sounding_115_151       58.4385   36.9125   -1.0 411.157537  0.510135
sounding_115_152       58.3868   37.3269   -1.0 411.173494  0.202162
sounding_115_153       58.3337   37.7403   -1.0 411.174189 -0.670177
sounding_116_145       58.9417   34.4877   -1.0 410.746143  1.638044
sounding_116_146       58.8972   34.9108   -1.0 410.903367 -1.145279
sounding_116_147       58.8514   35.3329   -1.0 411.012477 -0.162603
sounding_116_148       58.8044   35.7540   -1.0 411.072918  0.231891
sounding_116_149       58.7561   36.1740   -1.0 411.097174 -0.583741
sounding_116_150       58.7065   36.5930   -1.0 411.100925  0.505231
sounding_116_151       58.6557   37.0108   -1.0 411.098626 -0.215398
sounding_116_152       58.6036   37.4275   -1.0 411.105371 -0.072653
sounding_116_153       58.5504   37.8430   -1.0 411.120666 -0.802880
sounding_117_146       59.1154   34.9988   -1.0 410.756832 -0.774966
sounding_117_147       59.0694   35.4232   -1.0 410.913205  0.327577
sounding_117_148       59.0221   35.8466   -1.0 411.015949 -2.163620
sounding_117_149       58.9736   36.2689   -1.0 411.058376  2.013899
sounding_117_150       58.9237   36.6901   -1.0 411.057150  0.862828
sounding_117_151       58.8727   37.1102   -1.0 411.034437 -0.973197
sounding_117_152       58.8203   37.5292   -1.0 411.027565 -0.076829
sounding_117_153       58.7668   37.9470   -1.0 411.052660  0.619589
sounding_118_147       59.2872   35.5145   -1.0 410.764364 -1.055508
sounding_118_148       59.2397   35.9402   -1.0 410.908969  0.249080
sounding_118_149       59.1909   36.3649   -1.0 410.985645 -1.332050
sounding_118_150       59.1408   36.7884   -1.0 410.994422 -0.804690
sounding_118_151       59.0894   37.2108   -1.0 410.971334  0.869397
sounding_118_152       59.0368   37.6320   -1.0 410.957941  0.371868
sounding_118_153       58.9830   38.0521   -1.0 410.984613  0.862868
sounding_118_154       58.9279   38.4709   -1.0 411.028687  0.417480
sounding_119_148       59.4570   36.0350   -1.0 410.755709  0.372718
sounding_119_149       59.4080   36.4620   -1.0 410.869949 -0.546976
sounding_119_150       59.3576   36.8879   -1.0 410.908781 -0.580226
sounding_119_151       59.3060   37.3126   -1.0 410.901677  0.548561
sounding_119_152       59.2531   37.7361   -1.0 410.896190  0.317739
sounding_119_153       59.1990   38.1584   -1.0 410.923600 -0.813989
sounding_119_154       59.1436   38.5795   -1.0 410.972810 -0.643632
sounding_120_148       59.6742   36.1309   -1.0 410.575732  0.336962
sounding_120_149       59.6249   36.5603   -1.0 410.720388 -0.439448
sounding_120_150       59.5743   36.9885   -1.0 410.801672  1.440427
sounding_120_151       59.5224   37.4155   -1.0 410.828042 -0.913001
sounding_120_152       59.4693   37.8414   -1.0 410.836307 -1.729482
sounding_120_153       59.4148   38.2660   -1.0 410.866103 -0.708463
sounding_120_154       59.3592   38.6893   -1.0 410.919633 -0.042882
sounding_121_149       59.8416   36.6597   -1.0 410.556941  1.102863
sounding_121_150       59.7908   37.0903   -1.0 410.677416  0.986382
sounding_121_151       59.7386   37.5197   -1.0 410.740411 -1.118117
sounding_121_152       59.6852   37.9479   -1.0 410.773444  1.270565
sounding_121_153       59.6305   38.3748   -1.0 410.817781  0.977978
sounding_121_154       59.5745   38.8004   -1.0 410.877616 -0.759135
sounding_122_149       60.0582   36.7602   -1.0 410.394233  0.629874
sounding_122_150       60.0070   37.1933   -1.0 410.540806 -1.279971
sounding_122_151       59.9546   37.6251   -1.0 410.645014 -0.049710
sounding_122_152       59.9009   38.0556   -1.0 410.719380  0.472124
sounding_122_153       59.8459   38.4849   -1.0 410.784336  0.708360
sounding_122_154       59.7896   38.9128   -1.0 410.850207  1.182717
sounding_123_152       60.1163   38.1646   -1.0 410.675743  0.906917
sounding_123_153       60.0611   38.5962   -1.0 410.765822  0.369564
sounding_123_154       60.0045   39.0266   -1.0 410.838654 -0.695915
sounding_124_150       60.4389   37.4030   -1.0 410.274120  2.075681
sounding_124_151       60.3859   37.8396   -1.0 410.469049 -0.232162
sounding_124_152       60.3316   38.2750   -1.0 410.631886 -0.049535
sounding_124_153       60.2760   38.7090   -1.0 410.747754  1.220755
sounding_124_154       60.2192   39.1417   -1.0 410.832039  1.667580
sounding_124_155       60.1611   39.5730   -1.0 410.907169 -2.021976
sounding_125_146       60.8545   35.7407   -1.0 409.952273  0.862518
sounding_125_150       60.6545   37.5097   -1.0 410.158813  0.758484
sounding_125_151       60.6013   37.9488   -1.0 410.385490  0.114004
sounding_125_152       60.5467   38.3866   -1.0 410.581782 -1.285390
sounding_125_153       60.4908   38.8230   -1.0 410.727136  0.336446
sounding_125_154       60.4336   39.2581   -1.0 410.827970  0.250616
sounding_125_155       60.3752   39.6918   -1.0 410.906155 -1.983066
sounding_126_151       60.8164   38.0593   -1.0 410.305142 -0.329921
sounding_126_152       60.7615   38.4996   -1.0 410.530191  1.541136
sounding_126_153       60.7053   38.9385   -1.0 410.708317 -1.095571
sounding_126_154       60.6479   39.3760   -1.0 410.832612  0.451252
sounding_126_155       60.5891   39.8120   -1.0 410.912530  0.914345
sounding_127_151       61.0312   38.1712   -1.0 410.222084 -0.157649
sounding_127_152       60.9761   38.6140   -1.0 410.474746  2.057989
sounding_127_153       60.9196   39.0553   -1.0 410.687725 -1.298704
sounding_127_154       60.8618   39.4952   -1.0 410.837459 -1.030254
sounding_127_155       60.8028   39.9337   -1.0 410.923793 -0.479627
sounding_128_152       61.1904   38.7297   -1.0 410.411988 -0.540219
sounding_128_153       61.1337   39.1735   -1.0 410.658146  0.100623
sounding_128_154       61.0756   39.6159   -1.0 410.833878  0.123675
sounding_128_155       61.0162   40.0568   -1.0 410.932369  0.858295
sounding_129_146       61.7191   36.1394   -1.0 410.082608 -0.677669
sounding_129_152       61.4045   38.8468   -1.0 410.345241 -0.323151
sounding_129_153       61.3475   39.2932   -1.0 410.618457 -1.082244
sounding_129_154       61.2891   39.7381   -1.0 410.822724  0.326542
sounding_129_155       61.2294   40.1815   -1.0 410.940396  0.456431
sounding_130_146       61.9347   36.2422   -1.0 410.127550 -1.255305
sounding_130_151       61.6745   38.5151   -1.0 409.986226 -1.370407
sounding_130_152       61.6184   38.9654   -1.0 410.279904  0.027516
sounding_130_153       61.5610   39.4143   -1.0 410.575560 -2.189195
sounding_130_154       61.5023   39.8618   -1.0 410.810740  0.102897
sounding_130_155       61.4423   40.3077   -1.0 410.950729  0.756654
sounding_131_151       61.8884   38.6325   -1.0 409.936200  0.748478
sounding_131_152       61.8320   39.0855   -1.0 410.219382 -0.782936
sounding_131_153       61.7743   39.5370   -1.0 410.531495  2.276055
sounding_131_154       61.7153   39.9869   -1.0 410.794066  0.977239
sounding_131_155       61.6549   40.4353   -1.0 410.961281  0.144521
sounding_132_150       62.1574   38.2944   -1.0 409.751324 -1.351132
sounding_132_151       62.1020   38.7515   -1.0 409.901719 -0.721888
sounding_132_152       62.0453   39.2071   -1.0 410.162399  0.122496
sounding_132_153       61.9873   39.6611   -1.0 410.476626  1.946709
sounding_132_154       61.9280   40.1136   -1.0 410.761022 -0.194377
sounding_132_155       61.8673   40.5646   -1.0 410.967305 -1.322349
sounding_133_151       62.3154   38.8719   -1.0 409.879208  1.082596
sounding_133_152       62.2584   39.3301   -1.0 410.105754  2.689886
sounding_133_153       62.2001   39.7869   -1.0 410.407811  0.214918
sounding_133_154       62.1405   40.2420   -1.0 410.712949  0.566474
sounding_133_155       62.0795   40.6955   -1.0 410.965041 -0.595914
sounding_134_151       62.5285   38.9939   -1.0 409.859624 -1.756485
sounding_134_152       62.4712   39.4548   -1.0 410.049424  0.047474
sounding_134_153       62.4126   39.9141   -1.0 410.330163 -0.047068
sounding_134_154       62.3526   40.3719   -1.0 410.653249  0.235093
sounding_134_155       62.2913   40.8280   -1.0 410.945552 -0.625001
sounding_134_156       62.2286   41.2824   -1.0 411.150393  1.228359
sounding_135_152       62.6838   39.5810   -1.0 409.994518  0.552346
sounding_135_153       62.6248   40.0430   -1.0 410.253648  1.163670
sounding_135_154       62.5645   40.5034   -1.0 410.583175  0.907396
sounding_135_155       62.5029   40.9622   -1.0 410.902950  0.431917
sounding_135_156       62.4398   41.4192   -1.0 411.146256  1.309892
sounding_136_152       62.8960   39.7088   -1.0 409.948180  0.471250
sounding_136_153       62.8368   40.1736   -1.0 410.188317  0.906198
sounding_136_154       62.7761   40.6366   -1.0 410.513424 -1.396420
sounding_136_155       62.7141   41.0980   -1.0 410.849170  2.153985
sounding_136_156       62.6508   41.5577   -1.0 411.123993  0.650402
sounding_137_152       63.1080   39.8383   -1.0 409.922143  0.251216
sounding_137_154       62.9874   40.7715   -1.0 410.453601  2.134151
sounding_137_155       62.9251   41.2356   -1.0 410.793882  1.018298
sounding_137_156       62.8614   41.6979   -1.0 411.088341 -0.271136
sounding_138_154       63.1984   40.9082   -1.0 410.406671  2.101103
sounding_138_155       63.1357   41.3749   -1.0 410.741167 -0.706440
sounding_138_156       63.0717   41.8399   -1.0 411.044196 -0.334186
sounding_139_155       63.3461   41.5160   -1.0 410.695784  1.109883
sounding_139_156       63.2817   41.9837   -1.0 410.994288 -0.849791
sounding_140_155       63.5561   41.6590   -1.0 410.664956  0.704969
sounding_140_156       63.4914   42.1294   -1.0 410.949686  0.958516
sounding_141_156       63.7008   42.2769   -1.0 410.918799 -1.229998
sounding_145_157       64.4669   43.3690   -1.0 410.896265  1.124507
sounding_167_159       68.7736   48.5580   -1.0 410.240947 -0.309682
sounding_168_158       69.0512   48.2346   -1.0 410.078329 -0.411710
sounding_168_159       68.9703   48.7837   -1.0 410.188607  0.692923
sounding_169_158       69.2479   48.4602   -1.0 410.027592 -0.139617
