sounding_008_159       34.7390   32.5053   -1.0 411.788750  0.258432
sounding_008_160       34.7018   32.7644   -1.0 411.959356 -0.758588
sounding_008_161       34.6639   33.0231   -1.0 412.192689  0.002259
sounding_009_159       34.9521   32.5503   -1.0 411.745347  0.012587
sounding_009_160       34.9147   32.8102   -1.0 411.828860 -1.199713
sounding_009_161       34.8767   33.0698   -1.0 412.045674 -1.186444
sounding_009_162       34.8378   33.3290   -1.0 412.494063  0.311732
sounding_010_160       35.1278   32.8563   -1.0 411.721607  0.326233
sounding_010_161       35.0896   33.1168   -1.0 411.875047  1.707033
sounding_010_162       35.0506   33.3770   -1.0 412.389933 -0.133677
sounding_010_163       35.0108   33.6368   -1.0 413.034008  1.639987
sounding_011_161       35.3027   33.1642   -1.0 411.849118  0.475966
sounding_011_162       35.2635   33.4253   -1.0 412.275015 -1.172620
sounding_011_163       35.2236   33.6860   -1.0 412.915797 -0.563004
sounding_012_164       35.3956   33.9968   -1.0 413.236960 -0.889670
sounding_015_158       36.2719   32.5610   -1.0 411.970868  0.245252
sounding_015_159       36.2343   32.8267   -1.0 411.860665 -1.294245
sounding_015_160       36.1959   33.0921   -1.0 411.808504  1.133425
sounding_015_161       36.1568   33.3572   -1.0 411.843485 -0.124353
sounding_016_158       36.4864   32.6073   -1.0 411.556502 -0.262875
sounding_016_159       36.4486   32.8740   -1.0 411.528120  0.307727
sounding_016_160       36.4101   33.1403   -1.0 411.597027  1.245105
sounding_016_161       36.3708   33.4063   -1.0 411.706989  0.010262
sounding_016_162       36.3307   33.6719   -1.0 411.929404 -0.728884
sounding_017_159       36.6631   32.9216   -1.0 411.068656 -1.142999
sounding_017_160       36.6243   33.1888   -1.0 411.148984 -1.274784
sounding_017_161       36.5849   33.4558   -1.0 411.326882 -0.476336
sounding_017_162       36.5446   33.7223   -1.0 411.608429 -0.304395
sounding_017_163       36.5036   33.9885   -1.0 412.035895  0.834463
sounding_018_159       36.8777   32.9695   -1.0 410.871797  2.913815
sounding_018_160       36.8388   33.2377   -1.0 410.826435  0.063804
sounding_018_161       36.7991   33.5056   -1.0 410.965562  0.360118
sounding_018_162       36.7587   33.7731   -1.0 411.142063 -1.284405
sounding_018_163       36.7175   34.0403   -1.0 411.452084  0.706715
sounding_018_164       36.6755   34.3070   -1.0 412.068959  1.398229
sounding_019_158       37.1307   32.7483   -1.0 410.890744 -2.949250
sounding_019_159       37.0925   33.0178   -1.0 410.824475  0.529924
sounding_019_160       37.0534   33.2870   -1.0 410.785956  0.536912
sounding_019_161       37.0136   33.5558   -1.0 410.867245 -1.874271
sounding_019_163       36.9315   34.0924   -1.0 410.982168  2.054766
sounding_019_164       36.8894   34.3601   -1.0 411.441726 -0.362820
sounding_019_165       36.8464   34.6273   -1.0 412.264012 -1.196050
sounding_020_158       37.3459   32.7960   -1.0 410.818611 -1.656023
sounding_020_159       37.3074   33.0665   -1.0 410.750548 -1.256372
sounding_020_160       37.2682   33.3366   -1.0 410.750249  0.390788
sounding_020_161       37.2281   33.6064   -1.0 410.887601 -0.215369
sounding_020_162       37.1874   33.8758   -1.0 410.982434 -0.984260
sounding_020_165       37.0602   34.6817   -1.0 411.837272  0.362200
sounding_021_158       37.5611   32.8440   -1.0 410.764451 -1.174188
sounding_021_159       37.5225   33.1155   -1.0 410.674055  1.242973
sounding_021_160       37.4831   33.3866   -1.0 410.666969 -2.085098
sounding_021_161       37.4429   33.6574   -1.0 410.812892 -0.035907
sounding_021_162       37.4019   33.9277   -1.0 411.009354 -0.213063
sounding_021_165       37.2742   34.7365   -1.0 411.802779 -1.703567
sounding_022_158       37.7766   32.8924   -1.0 410.893190  1.448623
sounding_022_159       37.7378   33.1649   -1.0 410.642871  0.116154
sounding_022_160       37.6982   33.4370   -1.0 410.537733 -0.079613
sounding_022_161       37.6578   33.7087   -1.0 410.609854 -0.339134
sounding_022_162       37.6166   33.9800   -1.0 410.820075 -0.982622
sounding_022_163       37.5746   34.2510   -1.0 411.045871 -0.216579
sounding_022_164       37.5319   34.5215   -1.0 411.355657 -0.369901
sounding_022_165       37.4883   34.7917   -1.0 411.969741  1.123479
sounding_023_158       37.9921   32.9412   -1.0 411.208377  0.371145
sounding_023_159       37.9532   33.2146   -1.0 410.657589 -0.142212
sounding_023_160       37.9134   33.4877   -1.0 410.382293 -0.177755
sounding_023_161       37.8728   33.7604   -1.0 410.411500  0.014801
sounding_023_162       37.8314   34.0327   -1.0 410.620034 -0.478359
sounding_023_163       37.7893   34.3046   -1.0 410.919070  0.270378
sounding_023_164       37.7463   34.5761   -1.0 411.342580 -0.298403
sounding_024_158       38.2079   32.9903   -1.0 411.573606  1.055469
sounding_024_159       38.1687   33.2647   -1.0 410.739723  0.508178
sounding_024_160       38.1288   33.5388   -1.0 410.257918  1.317472
sounding_024_161       38.0880   33.8125   -1.0 410.233843 -1.752481
sounding_024_162       38.0464   34.0857   -1.0 410.521362  0.230919
sounding_024_163       38.0041   34.3586   -1.0 410.903543 -0.001063
sounding_025_158       38.4237   33.0398   -1.0 411.845592  2.089068
sounding_025_159       38.3844   33.3152   -1.0 410.848077  1.020816
sounding_025_160       38.3443   33.5903   -1.0 410.196244  0.200407
sounding_025_161       38.3033   33.8650   -1.0 410.085328  0.439886
sounding_025_162       38.2616   34.1392   -1.0 410.391958  0.447989
sounding_025_165       38.1315   34.9596   -1.0 412.271697 -0.806076
sounding_026_158       38.6397   33.0897   -1.0 412.136035  1.861184
sounding_026_159       38.6002   33.3661   -1.0 411.080864  0.040926
sounding_026_160       38.5599   33.6422   -1.0 410.265046 -0.588218
sounding_026_161       38.5188   33.9179   -1.0 409.996892  1.074257
sounding_026_162       38.4768   34.1931   -1.0 410.231434  0.961799
sounding_026_163       38.4341   34.4680   -1.0 410.749369 -0.069667
sounding_026_164       38.3906   34.7424   -1.0 411.478287  0.228579
sounding_026_165       38.3462   35.0164   -1.0 412.335118 -0.776291
sounding_027_158       38.8559   33.1399   -1.0 412.508006 -1.696400
sounding_027_160       38.7757   33.6945   -1.0 410.423595 -0.681365
sounding_027_161       38.7344   33.9711   -1.0 409.919332 -1.464386
sounding_027_162       38.6923   34.2474   -1.0 410.041655  0.733612
sounding_027_163       38.6493   34.5232   -1.0 410.635365 -0.617201
sounding_027_164       38.6056   34.7987   -1.0 411.486528  1.935912
sounding_027_165       38.5610   35.0737   -1.0 412.366874  1.551414
sounding_028_158       39.0722   33.1906   -1.0 412.825376 -0.977686
sounding_028_159       39.0323   33.4691   -1.0 411.749480 -0.227419
sounding_028_160       38.9916   33.7471   -1.0 410.539567  0.808825
sounding_028_161       38.9501   34.0248   -1.0 409.798677  1.407549
sounding_028_162       38.9078   34.3021   -1.0 409.865520  0.719968
sounding_028_163       38.8647   34.5790   -1.0 410.597367  0.996286
sounding_028_164       38.8207   34.8554   -1.0 411.608805 -1.100095
sounding_028_165       38.7760   35.1314   -1.0 412.463863  0.010458
sounding_029_158       39.2886   33.2416   -1.0 412.927227 -0.007366
sounding_029_159       39.2485   33.5211   -1.0 411.903145 -1.397570
sounding_029_160       39.2077   33.8002   -1.0 410.589529  0.068801
sounding_029_161       39.1660   34.0789   -1.0 409.625242  0.938439
sounding_029_162       39.1235   34.3572   -1.0 409.711114 -1.598514
sounding_029_163       39.0801   34.6351   -1.0 410.629915 -0.148812
sounding_029_164       39.0360   34.9125   -1.0 411.826908  0.475344
sounding_029_165       38.9911   35.1895   -1.0 412.674496 -0.825828
sounding_030_158       39.5052   33.2930   -1.0 412.770597  1.530227
sounding_030_159       39.4649   33.5735   -1.0 411.766072 -0.951751
sounding_030_160       39.4239   33.8537   -1.0 410.420601 -1.184186
sounding_030_161       39.3820   34.1334   -1.0 409.442592  0.853164
sounding_030_162       39.3392   34.4128   -1.0 409.604828  0.320204
sounding_030_164       39.2514   34.9701   -1.0 412.118155  0.769485
sounding_030_165       39.2062   35.2481   -1.0 412.871611 -0.540531
sounding_031_160       39.6401   33.9076   -1.0 410.207412  0.885470
sounding_031_161       39.5981   34.1883   -1.0 409.529285 -1.088355
sounding_031_162       39.5552   34.4687   -1.0 409.911916 -0.260132
sounding_031_163       39.5115   34.7486   -1.0 411.195354 -0.250173
sounding_031_164       39.4669   35.0281   -1.0 412.439784 -0.198311
sounding_031_165       39.4216   35.3071   -1.0 412.964014 -0.418444
sounding_032_161       39.8143   34.2437   -1.0 410.022920  0.380910
sounding_032_162       39.7712   34.5251   -1.0 410.715058  0.229098
sounding_032_163       39.7273   34.8060   -1.0 411.842562 -0.360825
sounding_032_164       39.6826   35.0866   -1.0 412.733595 -0.655987
sounding_032_165       39.6370   35.3666   -1.0 412.973980  1.057468
sounding_033_160       40.0731   34.0166   -1.0 410.366258  0.436993
sounding_033_161       40.0307   34.2995   -1.0 410.746301 -0.245095
sounding_033_162       39.9874   34.5819   -1.0 411.547155 -0.051521
sounding_033_163       39.9433   34.8639   -1.0 412.385928  0.792141
sounding_033_164       39.8983   35.1454   -1.0 412.920092  1.696914
sounding_033_165       39.8526   35.4265   -1.0 412.981984  1.525880
sounding_034_161       40.2471   34.3557   -1.0 411.379250  0.051991
sounding_034_162       40.2037   34.6392   -1.0 412.134037  0.333059
sounding_034_165       40.0682   35.4869   -1.0 413.102472  0.730119
sounding_035_162       40.4201   34.6969   -1.0 412.426160 -1.388450
sounding_035_165       40.2840   35.5478   -1.0 413.374840 -0.274503
sounding_036_164       40.5463   35.3249   -1.0 413.487162 -0.417907
sounding_036_165       40.4999   35.6091   -1.0 413.644069 -1.827691
sounding_037_165       40.7159   35.6709   -1.0 413.775057  0.593400
sounding_038_164       40.9788   35.4469   -1.0 413.515629  1.453613
sounding_038_165       40.9319   35.7332   -1.0 413.783572  0.323811
sounding_039_163       41.2414   35.2207   -1.0 413.138939 -0.042956
sounding_041_164       41.6283   35.6335   -1.0 413.403594 -0.382960
sounding_041_165       41.5808   35.9230   -1.0 413.702914  0.003926
sounding_057_161       45.2516   35.7807   -1.0 414.222002  0.884953
sounding_057_162       45.2032   36.0906   -1.0 414.214668 -1.415090
sounding_058_162       45.4214   36.1601   -1.0 414.131336  2.005374
sounding_058_163       45.3719   36.4706   -1.0 414.082857  0.434017
sounding_058_165       45.2702   37.0899   -1.0 413.991339 -0.221745
sounding_063_159       46.6589   35.5624   -1.0 415.024522  2.242427
sounding_064_159       46.8779   35.6317   -1.0 415.304133  0.226145
sounding_064_160       46.8299   35.9518   -1.0 415.375510 -0.601093
sounding_064_161       46.7809   36.2713   -1.0 415.411180  0.114204
sounding_065_160       47.0487   36.0230   -1.0 415.508454 -0.974143
sounding_065_161       46.9995   36.3439   -1.0 415.518931  0.981652
sounding_065_162       46.9493   36.6640   -1.0 415.505028 -0.411151
sounding_065_163       46.8982   36.9836   -1.0 415.463224 -0.678768
sounding_066_160       47.2675   36.0949   -1.0 415.566218  0.453682
sounding_066_161       47.2181   36.4171   -1.0 415.551730 -0.630502
sounding_066_162       47.1677   36.7386   -1.0 415.517196  0.666186
sounding_066_163       47.1163   37.0594   -1.0 415.465185  1.088913
sounding_066_164       47.0640   37.3796   -1.0 415.398789  0.509889
sounding_067_160       47.4864   36.1674   -1.0 415.582119  0.514127
sounding_067_161       47.4367   36.4909   -1.0 415.564552  0.284465
sounding_067_162       47.3860   36.8137   -1.0 415.532099 -0.614144
sounding_067_163       47.3344   37.1359   -1.0 415.493151  1.592799
sounding_067_164       47.2819   37.4575   -1.0 415.446181  1.605263
sounding_067_165       47.2284   37.7783   -1.0 415.385420 -0.900076
sounding_068_159       47.7542   35.9149   -1.0 415.590726  0.126093
sounding_068_160       47.7052   36.2405   -1.0 415.608351 -1.022101
sounding_068_161       47.6553   36.5654   -1.0 415.603988 -1.574202
sounding_068_162       47.6044   36.8896   -1.0 415.590100 -1.705056
sounding_068_163       47.5526   37.2131   -1.0 415.574525  1.805391
sounding_068_164       47.4998   37.5360   -1.0 415.548836  0.871425
sounding_068_165       47.4460   37.8582   -1.0 415.508533 -2.279857
sounding_069_160       47.9241   36.3143   -1.0 415.671914  2.140011
sounding_069_161       47.8739   36.6405   -1.0 415.681207  0.261494
sounding_069_162       47.8228   36.9661   -1.0 415.677876 -0.877271
sounding_069_163       47.7707   37.2910   -1.0 415.668201 -0.483657
sounding_069_164       47.7176   37.6152   -1.0 415.649943 -1.139934
sounding_069_165       47.6636   37.9387   -1.0 415.621278  0.718503
sounding_070_160       48.1429   36.3887   -1.0 415.760541 -0.372838
sounding_070_161       48.0925   36.7164   -1.0 415.770617 -0.466940
sounding_070_162       48.0412   37.0433   -1.0 415.762942  0.303257
sounding_070_163       47.9888   37.3696   -1.0 415.742278 -0.306299
sounding_070_164       47.9355   37.6951   -1.0 415.710367  0.459353
sounding_070_165       47.8813   38.0200   -1.0 415.670074  1.215450
sounding_071_160       48.3618   36.4638   -1.0 415.844856 -2.643825
sounding_071_161       48.3111   36.7929   -1.0 415.849490  0.379469
sounding_071_162       48.2595   37.1212   -1.0 415.835164  0.887245
sounding_071_163       48.2070   37.4489   -1.0 415.800442  0.720806
sounding_071_164       48.1534   37.7758   -1.0 415.748709 -0.077218
sounding_071_165       48.0989   38.1020   -1.0 415.693589  0.264749
sounding_072_160       48.5806   36.5396   -1.0 415.918803 -1.851224
sounding_072_161       48.5297   36.8701   -1.0 415.924361 -0.197352
sounding_072_162       48.4779   37.1998   -1.0 415.907241 -2.456854
sounding_072_163       48.4251   37.5288   -1.0 415.864247 -0.204689
sounding_072_164       48.3713   37.8571   -1.0 415.806520 -1.139485
sounding_072_165       48.3165   38.1847   -1.0 415.753583 -1.665022
sounding_073_160       48.7995   36.6161   -1.0 415.991522 -0.420559
sounding_073_161       48.7483   36.9480   -1.0 416.000074  0.613977
sounding_073_162       48.6962   37.2791   -1.0 415.981464  0.339249
sounding_073_163       48.6432   37.6096   -1.0 415.939262  1.245949
sounding_073_164       48.5891   37.9392   -1.0 415.890392 -0.213644
sounding_073_165       48.5341   38.2682   -1.0 415.847889 -1.374040
sounding_074_160       49.0183   36.6933   -1.0 416.063349  0.187713
sounding_074_161       48.9669   37.0266   -1.0 416.070912 -0.190649
sounding_074_162       48.9146   37.3592   -1.0 416.052654  1.981356
sounding_074_163       48.8613   37.6910   -1.0 416.016374 -0.005179
sounding_074_164       48.8069   38.0221   -1.0 415.973748  1.096735
sounding_074_165       48.7516   38.3524   -1.0 415.927929  1.793590
sounding_075_160       49.2371   36.7712   -1.0 416.123876  0.414032
sounding_075_161       49.1855   37.1059   -1.0 416.130891  0.797759
sounding_075_162       49.1329   37.4399   -1.0 416.118419 -0.582672
sounding_075_163       49.0793   37.7732   -1.0 416.085129  0.944937
sounding_075_164       49.0247   38.1057   -1.0 416.033357  0.325301
sounding_075_165       48.9692   38.4374   -1.0 415.968600 -0.882186
sounding_076_160       49.4558   36.8498   -1.0 416.167311  1.097346
sounding_076_161       49.4040   37.1860   -1.0 416.179505 -0.352989
sounding_076_162       49.3512   37.5214   -1.0 416.174407  0.357992
sounding_076_163       49.2973   37.8561   -1.0 416.142122  0.039156
sounding_076_164       49.2425   38.1901   -1.0 416.082639  0.120275
sounding_076_165       49.1867   38.5232   -1.0 416.006560 -0.224344
sounding_077_160       49.6746   36.9291   -1.0 416.204442 -0.167537
sounding_077_161       49.6225   37.2668   -1.0 416.224138 -0.982694
sounding_077_162       49.5694   37.6037   -1.0 416.223710  1.910361
sounding_077_163       49.5153   37.9398   -1.0 416.192677  0.380618
sounding_077_164       49.4603   38.2752   -1.0 416.134872 -1.764170
sounding_077_165       49.4042   38.6098   -1.0 416.062750  0.017483
sounding_078_160       49.8933   37.0092   -1.0 416.248133  0.010499
sounding_078_161       49.8410   37.3483   -1.0 416.269689  1.172730
sounding_078_162       49.7877   37.6867   -1.0 416.271570 -1.061672
sounding_078_163       49.7333   38.0243   -1.0 416.245669  0.935573
sounding_078_164       49.6780   38.3611   -1.0 416.194670 -0.767577
sounding_078_165       49.6216   38.6971   -1.0 416.128572 -0.272529
sounding_079_160       50.1120   37.0900   -1.0 416.300159  1.262037
sounding_079_161       50.0594   37.4306   -1.0 416.318878  1.673464
sounding_079_162       50.0059   37.7705   -1.0 416.321809  0.782511
sounding_079_163       49.9513   38.1095   -1.0 416.301326 -0.906552
sounding_079_164       49.8956   38.4478   -1.0 416.255462 -0.588853
sounding_079_165       49.8390   38.7853   -1.0 416.189179 -0.487131
sounding_080_160       50.3307   37.1716   -1.0 416.353040  0.418278
sounding_080_161       50.2779   37.5137   -1.0 416.367372 -0.376252
sounding_080_162       50.2240   37.8550   -1.0 416.370184 -2.189270
sounding_080_163       50.1691   38.1956   -1.0 416.353113 -0.436221
sounding_080_164       50.1133   38.5353   -1.0 416.308173  0.050809
sounding_080_165       50.0564   38.8742   -1.0 416.238140 -0.582385
sounding_081_160       50.5493   37.2539   -1.0 416.394146 -0.106173
sounding_081_161       50.4962   37.5976   -1.0 416.404814 -1.212965
sounding_081_162       50.4421   37.9404   -1.0 416.406254 -1.279067
sounding_081_163       50.3870   38.2824   -1.0 416.391171 -0.807260
sounding_081_164       50.3308   38.6237   -1.0 416.348990 -1.942518
sounding_081_165       50.2737   38.9641   -1.0 416.277970 -0.758354
sounding_082_160       50.7679   37.3370   -1.0 416.406548 -0.804447
sounding_082_161       50.7145   37.6822   -1.0 416.419669  0.853248
sounding_082_162       50.6602   38.0266   -1.0 416.421978 -1.051365
sounding_082_163       50.6048   38.3701   -1.0 416.409093  0.186329
sounding_082_164       50.5484   38.7128   -1.0 416.372311  0.880402
sounding_082_165       50.4909   39.0547   -1.0 416.302518  0.874125
sounding_083_160       50.9864   37.4210   -1.0 416.375017  0.481611
sounding_083_161       50.9328   37.7676   -1.0 416.396397  0.468551
sounding_083_162       50.8782   38.1135   -1.0 416.407664 -0.258957
sounding_083_163       50.8225   38.4586   -1.0 416.401047  1.070617
sounding_083_164       50.7659   38.8028   -1.0 416.367061  1.239639
sounding_083_165       50.7082   39.1462   -1.0 416.299158  0.451191
sounding_084_160       51.2049   37.5057   -1.0 416.296668  0.072869
sounding_084_161       51.1510   37.8539   -1.0 416.322019 -0.531572
sounding_084_162       51.0961   38.2013   -1.0 416.341493 -0.549205
sounding_084_163       51.0402   38.5479   -1.0 416.343079  0.816352
sounding_084_164       50.9833   38.8937   -1.0 416.312456  1.252607
sounding_084_165       50.9253   39.2385   -1.0 416.240980  0.381062
sounding_085_160       51.4233   37.5912   -1.0 416.185097  0.913713
sounding_085_161       51.3692   37.9410   -1.0 416.197565 -0.626467
sounding_085_162       51.3140   38.2900   -1.0 416.206033  1.628611
sounding_085_163       51.2578   38.6381   -1.0 416.196921  1.628355
sounding_085_164       51.2006   38.9853   -1.0 416.153931  0.676018
sounding_085_165       51.1424   39.3318   -1.0 416.062375  0.313889
sounding_086_160       51.6416   37.6775   -1.0 416.054754 -0.121578
sounding_086_161       51.5873   38.0289   -1.0 416.040142 -0.040117
sounding_086_162       51.5319   38.3795   -1.0 416.018634  0.074025
sounding_086_163       51.4754   38.7292   -1.0 415.977900  0.541393
sounding_086_164       51.4179   39.0779   -1.0 415.903758  0.848078
sounding_086_165       51.3594   39.4259   -1.0 415.780310  0.548670
sounding_087_160       51.8599   37.7647   -1.0 415.903340  0.948324
sounding_087_161       51.8053   38.1177   -1.0 415.860930 -1.104179
sounding_087_162       51.7496   38.4698   -1.0 415.808904  0.265154
sounding_087_163       51.6929   38.8211   -1.0 415.740215  0.449835
sounding_087_164       51.6351   39.1714   -1.0 415.641691 -1.135144
sounding_087_165       51.5763   39.5209   -1.0 415.500662 -0.443842
sounding_088_160       52.0782   37.8528   -1.0 415.721319  0.157297
sounding_088_161       52.0233   38.2073   -1.0 415.670204  0.178873
sounding_088_162       51.9673   38.5610   -1.0 415.609520 -1.224111
sounding_088_163       51.9103   38.9139   -1.0 415.541092 -0.439702
sounding_088_164       51.8523   39.2658   -1.0 415.449641  0.524830
sounding_088_165       51.7932   39.6168   -1.0 415.320189  0.608017
sounding_089_160       52.2963   37.9417   -1.0 415.546904  0.591156
sounding_089_161       52.2411   38.2978   -1.0 415.509924  2.020125
sounding_089_162       52.1849   38.6532   -1.0 415.462250  0.582937
sounding_089_163       52.1277   39.0076   -1.0 415.409713 -0.082034
sounding_089_164       52.0693   39.3611   -1.0 415.341759  1.645207
sounding_089_165       52.0100   39.7137   -1.0 415.230888  1.703807
sounding_090_160       52.5144   38.0314   -1.0 415.426704  0.932481
sounding_090_161       52.4590   38.3892   -1.0 415.408060  0.437063
sounding_090_162       52.4025   38.7462   -1.0 415.380267  1.696163
sounding_090_163       52.3449   39.1022   -1.0 415.336558 -0.312919
sounding_090_164       52.2863   39.4573   -1.0 415.259491 -1.724510
sounding_090_165       52.2266   39.8115   -1.0 415.127936  0.445288
sounding_091_160       52.7324   38.1220   -1.0 415.326995  1.050144
sounding_091_161       52.6767   38.4815   -1.0 415.319581  0.354355
sounding_091_162       52.6199   38.8401   -1.0 415.303356  1.101785
sounding_091_163       52.5621   39.1977   -1.0 415.260032 -0.577550
sounding_091_164       52.5032   39.5544   -1.0 415.155706  0.421653
sounding_091_165       52.4432   39.9102   -1.0 414.976275 -0.213447
sounding_092_160       52.9503   38.2136   -1.0 415.185088  1.285043
sounding_092_161       52.8943   38.5747   -1.0 415.170098 -0.998453
sounding_092_162       52.8373   38.9349   -1.0 415.158271  1.371303
sounding_092_163       52.7792   39.2942   -1.0 415.122230 -0.651211
sounding_092_164       52.7200   39.6525   -1.0 415.015639  1.090726
sounding_092_165       52.6598   40.0099   -1.0 414.817055  0.701569
sounding_093_160       53.1681   38.3060   -1.0 415.000382  1.179191
sounding_093_161       53.1119   38.6688   -1.0 414.962077 -0.293237
sounding_093_162       53.0545   39.0307   -1.0 414.941779 -0.803230
sounding_093_163       52.9962   39.3916   -1.0 414.917686 -0.606941
sounding_093_164       52.9367   39.7516   -1.0 414.843299 -0.061622
sounding_093_165       52.8762   40.1106   -1.0 414.676128 -1.692820
sounding_094_160       53.3858   38.3994   -1.0 414.853365 -0.711466
sounding_094_161       53.3293   38.7639   -1.0 414.791092 -0.070088
sounding_094_162       53.2717   39.1274   -1.0 414.744977  0.069907
sounding_094_163       53.2130   39.4900   -1.0 414.709966  0.907505
sounding_094_164       53.1533   39.8516   -1.0 414.659248 -0.092620
sounding_094_165       53.0925   40.2122   -1.0 414.542556 -0.224156
sounding_095_160       53.6035   38.4937   -1.0 414.797560 -0.706002
sounding_095_161       53.5467   38.8599   -1.0 414.743932  0.438843
sounding_095_162       53.4888   39.2252   -1.0 414.662512 -0.666498
sounding_095_163       53.4298   39.5894   -1.0 414.575376  0.298187
sounding_095_164       53.3698   39.9527   -1.0 414.494176 -1.159741
sounding_095_165       53.3087   40.3149   -1.0 414.399132  0.144227
sounding_096_160       53.8210   38.5890   -1.0 414.797911 -0.640059
sounding_096_161       53.7639   38.9569   -1.0 414.801254  1.553329
sounding_096_162       53.7057   39.3238   -1.0 414.710225  0.726482
sounding_096_163       53.6465   39.6898   -1.0 414.557723 -1.163582
sounding_096_164       53.5862   40.0547   -1.0 414.400203  0.239649
sounding_096_165       53.5247   40.4186   -1.0 414.270766 -1.216697
sounding_097_160       54.0384   38.6852   -1.0 414.794080 -0.028838
sounding_097_161       53.9810   39.0548   -1.0 414.865005 -0.505582
sounding_097_162       53.9226   39.4235   -1.0 414.827850  1.300092
sounding_097_163       53.8631   39.7911   -1.0 414.667918 -0.302141
sounding_097_164       53.8024   40.1578   -1.0 414.439596 -0.215888
sounding_097_165       53.7407   40.5234   -1.0 414.228964 -1.048533
sounding_098_160       54.2557   38.7824   -1.0 414.777608  0.718729
sounding_098_161       54.1981   39.1538   -1.0 414.894497 -1.739176
sounding_098_162       54.1393   39.5242   -1.0 414.941714 -1.278181
sounding_098_163       54.0795   39.8935   -1.0 414.845423 -1.437541
sounding_098_164       54.0186   40.2619   -1.0 414.598754 -1.422194
sounding_098_165       53.9566   40.6292   -1.0 414.306701 -0.091861
sounding_099_160       54.4729   38.8806   -1.0 414.805541  0.254639
sounding_099_161       54.4150   39.2538   -1.0 414.920142  0.992592
sounding_099_162       54.3559   39.6259   -1.0 415.009248  0.732311
sounding_099_163       54.2958   39.9970   -1.0 414.978053 -0.958191
sounding_099_164       54.2346   40.3670   -1.0 414.768520 -0.636131
sounding_099_165       54.1723   40.7360   -1.0 414.445371 -0.118637
sounding_100_160       54.6900   38.9798   -1.0 414.932739  0.374701
sounding_100_161       54.6317   39.3547   -1.0 415.000833 -0.827185
sounding_100_162       54.5724   39.7286   -1.0 415.073106  2.217119
sounding_100_163       54.5120   40.1015   -1.0 415.054559 -1.827474
sounding_100_164       54.4505   40.4732   -1.0 414.879031  0.031705
sounding_100_165       54.3879   40.8439   -1.0 414.555496 -0.155314
sounding_101_160       54.9069   39.0800   -1.0 415.137703  1.091003
sounding_101_161       54.8484   39.4568   -1.0 415.146694 -0.856333
sounding_101_162       54.7888   39.8325   -1.0 415.165514 -1.805975
sounding_101_163       54.7281   40.2070   -1.0 415.105164 -2.464386
sounding_101_164       54.6663   40.5805   -1.0 414.912635 -0.575059
sounding_101_165       54.6033   40.9529   -1.0 414.596766 -1.339725
sounding_102_160       55.1237   39.1813   -1.0 415.367994 -0.564028
sounding_102_161       55.0649   39.5598   -1.0 415.346912 -0.685291
sounding_102_162       55.0050   39.9373   -1.0 415.298813 -1.358793
sounding_102_163       54.9440   40.3137   -1.0 415.179468 -0.036559
sounding_102_164       54.8819   40.6890   -1.0 414.933572  0.520065
sounding_102_165       54.8187   41.0631   -1.0 414.585863 -0.282433
sounding_103_160       55.3404   39.2837   -1.0 415.645182  0.490194
sounding_103_161       55.2813   39.6640   -1.0 415.632607 -0.811004
sounding_103_162       55.2211   40.0433   -1.0 415.559068  1.376336
sounding_103_163       55.1598   40.4215   -1.0 415.382056  1.260285
sounding_103_164       55.0974   40.7985   -1.0 415.053146  0.332171
sounding_103_165       55.0338   41.1744   -1.0 414.624109  0.387353
sounding_104_160       55.5569   39.3871   -1.0 415.981812  1.103716
sounding_104_161       55.4976   39.7693   -1.0 415.985167  1.268696
sounding_104_162       55.4371   40.1503   -1.0 415.931727 -1.639775
sounding_104_163       55.3755   40.5303   -1.0 415.741137  0.792669
sounding_104_164       55.3127   40.9091   -1.0 415.362031  2.101996
sounding_104_165       55.2489   41.2868   -1.0 414.833727 -1.063361
sounding_105_160       55.7733   39.4915   -1.0 416.335396 -0.868399
sounding_105_161       55.7137   39.8756   -1.0 416.352115 -0.526794
sounding_105_162       55.6529   40.2585   -1.0 416.314242 -0.827227
sounding_105_163       55.5910   40.6403   -1.0 416.163998 -1.487672
sounding_105_164       55.5279   41.0209   -1.0 415.826178  0.407135
sounding_105_165       55.4637   41.4004   -1.0 415.282477  0.527782
sounding_106_160       55.9896   39.5971   -1.0 416.654446 -1.862930
sounding_106_161       55.9296   39.9831   -1.0 416.647471  0.734064
sounding_106_162       55.8685   40.3678   -1.0 416.607764 -0.762027
sounding_106_163       55.8063   40.7515   -1.0 416.510315  0.849661
sounding_106_164       55.7430   41.1339   -1.0 416.287502  1.167535
sounding_106_165       55.6785   41.5152   -1.0 415.845344 -0.966694
sounding_107_160       56.2057   39.7039   -1.0 416.870316 -0.477665
sounding_107_161       56.1454   40.0917   -1.0 416.824993 -0.257352
sounding_107_162       56.0840   40.4783   -1.0 416.762341 -0.649737
sounding_107_163       56.0215   40.8638   -1.0 416.692453  1.762024
sounding_107_164       55.9578   41.2481   -1.0 416.580770 -0.784374
sounding_107_165       55.8930   41.6312   -1.0 416.318740 -0.372824
sounding_108_160       56.4216   39.8117   -1.0 416.956888 -0.109828
sounding_108_161       56.3611   40.2014   -1.0 416.889559 -1.645440
sounding_108_162       56.2994   40.5900   -1.0 416.815058  0.946036
sounding_108_163       56.2365   40.9773   -1.0 416.747343 -1.327679
sounding_108_164       56.1725   41.3635   -1.0 416.685600  0.828246
sounding_108_165       56.1074   41.7484   -1.0 416.571840  1.326217
sounding_109_160       56.6374   39.9207   -1.0 416.967859 -0.148712
sounding_109_161       56.5766   40.3124   -1.0 416.897063  1.676787
sounding_109_162       56.5145   40.7028   -1.0 416.823052  0.225079
sounding_109_163       56.4514   41.0920   -1.0 416.761044  0.543206
sounding_109_164       56.3871   41.4800   -1.0 416.713423 -0.308011
sounding_109_165       56.3216   41.8668   -1.0 416.658835  0.273075
sounding_110_160       56.8530   40.0309   -1.0 416.962336 -1.228847
sounding_110_161       56.7919   40.4245   -1.0 416.900571  0.553231
sounding_110_162       56.7296   40.8168   -1.0 416.835946  0.172341
sounding_110_163       56.6661   41.2080   -1.0 416.774113 -1.358629
sounding_110_164       56.6014   41.5979   -1.0 416.721092 -0.121252
sounding_110_165       56.5356   41.9865   -1.0 416.675999  0.339535
sounding_111_160       57.0685   40.1423   -1.0 416.993522  1.164964
sounding_111_161       57.0070   40.5378   -1.0 416.943292 -0.027049
sounding_111_162       56.9444   40.9321   -1.0 416.881685 -0.749314
sounding_111_163       56.8806   41.3252   -1.0 416.807958 -0.347974
sounding_111_164       56.8156   41.7170   -1.0 416.730081  1.574968
sounding_111_165       56.7495   42.1075   -1.0 416.668553  0.321861
sounding_112_160       57.2837   40.2549   -1.0 417.068168 -1.062337
sounding_112_161       57.2220   40.6524   -1.0 417.033524 -0.133386
sounding_112_162       57.1590   41.0487   -1.0 416.975303  0.308516
sounding_112_163       57.0949   41.4436   -1.0 416.882381 -0.206637
sounding_112_164       57.0296   41.8373   -1.0 416.769859 -1.570825
sounding_112_165       56.9632   42.2297   -1.0 416.671709  0.362860
sounding_113_160       57.4988   40.3687   -1.0 417.132309 -0.816548
sounding_113_161       57.4367   40.7682   -1.0 417.111785 -1.526386
sounding_113_162       57.3735   41.1664   -1.0 417.069793  0.559823
sounding_113_163       57.3090   41.5634   -1.0 416.989959 -0.358242
sounding_113_164       57.2434   41.9590   -1.0 416.865573 -0.424754
sounding_113_165       57.1766   42.3533   -1.0 416.726714  0.147574
sounding_114_160       57.7137   40.4838   -1.0 417.144926  0.542446
sounding_114_161       57.6513   40.8853   -1.0 417.132096 -0.518582
sounding_114_162       57.5877   41.2855   -1.0 417.112575  0.824907
sounding_114_163       57.5230   41.6844   -1.0 417.072150 -1.210697
sounding_114_164       57.4570   42.0820   -1.0 416.980766  0.413844
sounding_114_165       57.3899   42.4783   -1.0 416.822846 -0.443224
sounding_115_160       57.9284   40.6002   -1.0 417.127063  1.905751
sounding_115_161       57.8657   41.0037   -1.0 417.115638  1.431307
sounding_115_162       57.8018   41.4059   -1.0 417.107876 -0.862098
sounding_115_163       57.7367   41.8068   -1.0 417.094681  1.787577
sounding_115_164       57.6704   42.2064   -1.0 417.047358  0.010889
sounding_115_165       57.6030   42.6046   -1.0 416.911209  1.264987
sounding_116_160       58.1429   40.7178   -1.0 417.104316 -0.720695
sounding_116_161       58.0799   41.1234   -1.0 417.092087  0.449441
sounding_116_162       58.0157   41.5277   -1.0 417.084663  0.418834
sounding_116_163       57.9502   41.9305   -1.0 417.080456 -0.173825
sounding_116_164       57.8837   42.3321   -1.0 417.054723  0.115499
sounding_116_165       57.8159   42.7322   -1.0 416.943880  2.833382
sounding_117_164       58.0966   42.4592   -1.0 417.016233 -1.120316
sounding_118_165       58.2409   42.9918   -1.0 416.829390  0.139297
sounding_119_165       58.4532   43.1237   -1.0 416.723519  0.573408
sounding_122_161       59.3606   41.8704   -1.0 416.819623 -1.904604
sounding_122_162       59.2944   42.2871   -1.0 416.717434  0.416782
sounding_122_163       59.2269   42.7024   -1.0 416.620454 -0.474085
sounding_122_164       59.1583   43.1162   -1.0 416.550174 -0.793052
sounding_122_165       59.0884   43.5285   -1.0 416.436418 -0.918596
sounding_123_161       59.5733   41.9999   -1.0 416.741800 -1.472440
sounding_123_162       59.5067   42.4188   -1.0 416.658347  1.389882
sounding_123_163       59.4389   42.8362   -1.0 416.567048  0.579411
sounding_123_164       59.3699   43.2521   -1.0 416.463266 -0.840399
sounding_123_165       59.2997   43.6664   -1.0 416.329382 -1.275612
sounding_124_160       59.8514   41.7082   -1.0 416.754227  0.246832
sounding_124_161       59.7857   42.1309   -1.0 416.676828  0.616019
sounding_124_162       59.7188   42.5520   -1.0 416.619132 -0.018720
sounding_124_163       59.6506   42.9715   -1.0 416.516174  0.095289
sounding_124_164       59.5813   43.3895   -1.0 416.375214  0.373364
sounding_124_165       59.5107   43.8060   -1.0 416.221820 -1.656645
sounding_125_160       60.0639   41.8385   -1.0 416.700305  0.379283
sounding_125_161       59.9979   42.2634   -1.0 416.646555 -0.484740
sounding_125_162       59.9306   42.6867   -1.0 416.552777  1.013910
sounding_125_163       59.8621   43.1084   -1.0 416.407305 -0.223946
sounding_125_164       59.7924   43.5286   -1.0 416.260248  2.259552
sounding_125_165       59.7214   43.9471   -1.0 416.127201 -0.749852
sounding_126_160       60.2762   41.9703   -1.0 416.666298  1.721586
sounding_126_161       60.2098   42.3974   -1.0 416.604403  0.513713
sounding_126_162       60.1422   42.8229   -1.0 416.461008 -0.756883
sounding_126_163       60.0733   43.2469   -1.0 416.277762 -0.335561
sounding_126_164       60.0033   43.6692   -1.0 416.127674 -0.615451
sounding_126_165       59.9319   44.0899   -1.0 416.037908 -1.681399
sounding_127_160       60.4882   42.1037   -1.0 416.627236 -0.376097
sounding_127_161       60.4215   42.5331   -1.0 416.519484 -0.299520
sounding_127_162       60.3535   42.9608   -1.0 416.341845  0.414118
sounding_127_163       60.2843   43.3870   -1.0 416.158332  0.572640
sounding_127_164       60.2139   43.8115   -1.0 416.017692 -0.797662
sounding_127_165       60.1422   44.2343   -1.0 415.968494  0.533146
sounding_128_160       60.7000   42.2387   -1.0 416.556098 -1.523084
sounding_128_161       60.6329   42.6703   -1.0 416.409561  0.372573
sounding_128_162       60.5646   43.1003   -1.0 416.207603  0.401650
sounding_128_163       60.4950   43.5287   -1.0 416.003444 -1.091508
sounding_128_164       60.4242   43.9554   -1.0 415.900792  0.389757
sounding_128_165       60.3521   44.3804   -1.0 415.918282  0.639883
sounding_129_160       60.9115   42.3752   -1.0 416.449893  0.008746
sounding_129_161       60.8441   42.8092   -1.0 416.297344 -1.224989
sounding_129_162       60.7754   43.2415   -1.0 416.071949 -0.219680
sounding_129_163       60.7054   43.6721   -1.0 415.875799 -1.433692
sounding_129_164       60.6342   44.1009   -1.0 415.821450 -1.458577
sounding_129_165       60.5618   44.5282   -1.0 415.883148  1.366889
sounding_130_160       61.1227   42.5134   -1.0 416.321722  0.849112
sounding_130_161       61.0549   42.9497   -1.0 416.144984 -2.086828
sounding_130_162       60.9859   43.3843   -1.0 415.959195 -2.209463
sounding_130_163       60.9156   43.8171   -1.0 415.826582 -0.985849
sounding_130_164       60.8440   44.2483   -1.0 415.785927 -2.922085
sounding_130_165       60.7712   44.6777   -1.0 415.861773 -0.420957
sounding_131_160       61.3336   42.6533   -1.0 416.223158 -0.747893
sounding_131_161       61.2655   43.0919   -1.0 416.035714 -0.538423
sounding_131_162       61.1961   43.5288   -1.0 415.892823 -0.079037
sounding_131_163       61.1254   43.9639   -1.0 415.808221 -0.399981
sounding_131_164       61.0535   44.3973   -1.0 415.783403 -0.440652
sounding_131_165       60.9803   44.8290   -1.0 415.876542 -1.393549
sounding_132_160       61.5443   42.7948   -1.0 416.160397  0.416560
sounding_132_161       61.4758   43.2358   -1.0 415.984142 -0.356124
sounding_132_162       61.4060   43.6750   -1.0 415.857570  1.302387
sounding_132_163       61.3350   44.1125   -1.0 415.794683  0.953783
sounding_132_164       61.2627   44.5482   -1.0 415.813207  0.069771
sounding_132_165       61.1891   44.9821   -1.0 415.922003  1.891822
sounding_133_161       61.6858   43.3815   -1.0 415.929765  0.401358
sounding_133_162       61.6157   43.8231   -1.0 415.835451 -0.447045
sounding_133_163       61.5443   44.2629   -1.0 415.802445  0.118628
sounding_133_164       61.4716   44.7008   -1.0 415.840012  1.553289
sounding_133_165       61.3976   45.1370   -1.0 415.960158  0.174322
sounding_134_160       61.9648   43.0831   -1.0 415.984907  1.276339
sounding_134_161       61.8956   43.5289   -1.0 415.869204 -0.968284
sounding_134_162       61.8250   43.9729   -1.0 415.815593 -2.375953
sounding_134_163       61.7532   44.4150   -1.0 415.821844 -2.082327
sounding_134_164       61.6801   44.8553   -1.0 415.863735 -0.277504
sounding_134_165       61.6058   45.2937   -1.0 415.957258 -1.492792
sounding_135_160       62.1746   43.2299   -1.0 415.939598  1.050332
sounding_135_161       62.1050   43.6781   -1.0 415.826782 -0.113123
sounding_135_162       62.0341   44.1245   -1.0 415.799914  0.394956
sounding_135_163       61.9619   44.5690   -1.0 415.833306  1.517846
sounding_135_164       61.8884   45.0116   -1.0 415.863699 -0.151984
sounding_135_165       61.8137   45.4524   -1.0 415.907199  1.875524
sounding_136_160       62.3841   43.3785   -1.0 415.895212  0.486800
sounding_136_161       62.3141   43.8292   -1.0 415.806465 -0.085045
sounding_136_162       62.2428   44.2780   -1.0 415.808412  0.115398
sounding_136_163       62.1702   44.7249   -1.0 415.845761 -0.413218
sounding_136_164       62.0964   45.1699   -1.0 415.860317  0.171149
sounding_136_165       62.0212   45.6129   -1.0 415.860837 -0.573471
sounding_137_160       62.5932   43.5290   -1.0 415.842462  0.546696
sounding_137_161       62.5229   43.9821   -1.0 415.806017 -1.130318
sounding_137_162       62.4512   44.4334   -1.0 415.833764 -0.052227
sounding_137_163       62.3783   44.8827   -1.0 415.871693  1.187167
sounding_137_164       62.3040   45.3300   -1.0 415.873150  0.917645
sounding_137_165       62.2285   45.7754   -1.0 415.850847 -0.663396
sounding_138_160       62.8021   43.6814   -1.0 415.803325 -2.491610
sounding_138_161       62.7314   44.1370   -1.0 415.813320  1.048130
sounding_138_162       62.6593   44.5907   -1.0 415.857115 -0.193630
sounding_138_163       62.5860   45.0425   -1.0 415.886123  0.779064
sounding_138_164       62.5113   45.4922   -1.0 415.872634  0.317321
sounding_138_165       62.4354   45.9399   -1.0 415.833352  0.179570
sounding_139_160       63.0106   43.8356   -1.0 415.784489 -3.026452
sounding_139_161       62.9395   44.2938   -1.0 415.812729 -0.164002
sounding_139_162       62.8671   44.7500   -1.0 415.855997 -2.356517
sounding_139_163       62.7933   45.2042   -1.0 415.864653  0.774889
sounding_139_164       62.7183   45.6563   -1.0 415.810374 -0.641479
sounding_139_165       62.6419   46.1065   -1.0 415.708423  0.978711
sounding_140_160       63.2188   43.9918   -1.0 415.776373 -0.767551
sounding_140_161       63.1473   44.4526   -1.0 415.804544  1.693548
sounding_140_162       63.0745   44.9113   -1.0 415.809784  1.636872
sounding_140_163       63.0004   45.3679   -1.0 415.742799 -0.481116
sounding_140_164       62.9249   45.8225   -1.0 415.566468  0.787102
sounding_140_165       62.8481   46.2751   -1.0 415.313770 -0.239870
sounding_141_160       63.4267   44.1500   -1.0 415.754311 -0.575984
sounding_141_161       63.3548   44.6133   -1.0 415.719288 -0.015761
sounding_141_162       63.2816   45.0746   -1.0 415.589676  0.584892
sounding_141_163       63.2071   45.5337   -1.0 415.334800 -0.460123
sounding_141_164       63.1312   45.9908   -1.0 414.984931 -1.898061
sounding_141_165       63.0540   46.4458   -1.0 414.581620 -0.938881
sounding_142_160       63.6342   44.3102   -1.0 415.586603  0.522102
sounding_142_161       63.5620   44.7761   -1.0 415.364663  1.261978
sounding_142_162       63.4883   45.2399   -1.0 415.011699 -0.646549
sounding_142_163       63.4134   45.7016   -1.0 414.569443  0.530766
sounding_142_164       63.3371   46.1612   -1.0 414.128339  0.550403
sounding_142_165       63.2595   46.6186   -1.0 413.703294  0.678065
sounding_143_160       63.8414   44.4725   -1.0 415.164757  0.568902
sounding_143_161       63.7687   44.9410   -1.0 414.740666 -0.506402
sounding_143_162       63.6947   45.4074   -1.0 414.212576 -0.259027
sounding_143_163       63.6193   45.8716   -1.0 413.688682 -1.099502
sounding_143_164       63.5427   46.3337   -1.0 413.291359 -1.011833
sounding_143_165       63.4647   46.7936   -1.0 412.994221  0.044628
sounding_144_160       64.0482   44.6369   -1.0 414.645087 -0.531172
sounding_144_161       63.9752   45.1080   -1.0 414.125172 -0.228786
sounding_144_162       63.9007   45.5770   -1.0 413.553280 -0.319913
sounding_144_163       63.8250   46.0438   -1.0 413.073600  0.438048
sounding_144_164       63.7479   46.5084   -1.0 412.800837  0.183024
sounding_144_165       63.6694   46.9708   -1.0 412.663576 -1.886401
sounding_145_160       64.2547   44.8034   -1.0 414.290756  1.714387
sounding_145_161       64.1812   45.2772   -1.0 413.837677 -0.374950
sounding_145_162       64.1064   45.7488   -1.0 413.357641  0.562856
sounding_145_163       64.0302   46.2182   -1.0 412.978081 -0.493154
sounding_145_164       63.9527   46.6854   -1.0 412.779160 -0.133786
sounding_145_165       63.8738   47.1502   -1.0 412.667407 -0.479242
sounding_146_160       64.4608   44.9721   -1.0 414.260467  0.212369
sounding_146_161       64.3869   45.4486   -1.0 413.999277  0.773172
sounding_146_162       64.3117   45.9229   -1.0 413.658052  0.513177
sounding_146_163       64.2351   46.3949   -1.0 413.308094 -2.416536
sounding_146_164       64.1571   46.8646   -1.0 413.041071  1.585577
sounding_146_165       64.0778   47.3320   -1.0 412.786139 -0.178220
sounding_147_161       64.5922   45.6223   -1.0 414.431158 -0.476065
sounding_147_162       64.5166   46.0992   -1.0 414.175160 -2.317431
sounding_147_163       64.4395   46.5738   -1.0 413.746056 -0.163834
sounding_147_164       64.3612   47.0461   -1.0 413.302883  0.397456
sounding_147_165       64.2814   47.5160   -1.0 412.865870  0.358216
sounding_148_160       64.8719   45.3162   -1.0 414.813432  0.388292
sounding_148_161       64.7972   45.7982   -1.0 414.821031  1.985258
sounding_148_162       64.7211   46.2778   -1.0 414.578332 -0.937864
sounding_148_163       64.6436   46.7551   -1.0 414.067251 -0.481223
sounding_148_164       64.5648   47.2300   -1.0 413.465569 -0.068039
sounding_148_165       64.4847   47.7025   -1.0 412.934949 -0.623630
sounding_149_160       65.0768   45.4917   -1.0 415.005491  1.178066
sounding_149_161       65.0017   45.9764   -1.0 414.983833 -1.328340
sounding_149_162       64.9252   46.4588   -1.0 414.747986 -0.138172
sounding_149_163       64.8473   46.9387   -1.0 414.258839 -0.879465
sounding_149_164       64.7681   47.4163   -1.0 413.657733  1.776704
sounding_149_165       64.6875   47.8914   -1.0 413.165287  0.898422
sounding_150_161       65.2058   46.1570   -1.0 414.982688  0.475690
sounding_150_162       65.1289   46.6421   -1.0 414.782052 -0.146609
sounding_150_163       65.0506   47.1248   -1.0 414.412942  0.675917
sounding_150_164       64.9709   47.6050   -1.0 413.969551 -0.710051
sounding_150_165       64.8899   48.0827   -1.0 413.585882 -0.244725
sounding_151_161       65.4096   46.3401   -1.0 414.862084  0.070193
sounding_151_162       65.3322   46.8279   -1.0 414.714366 -0.315785
sounding_151_163       65.2535   47.3133   -1.0 414.484259 -0.244009
sounding_152_161       65.6129   46.5255   -1.0 414.681842  0.640315
sounding_160_163       67.0595   49.1292   -1.0 415.121369 -1.325081
sounding_161_162       67.3412   48.8312   -1.0 414.906703  1.349439
sounding_161_163       67.2579   49.3452   -1.0 414.609063  0.937087
sounding_162_162       67.5396   49.0473   -1.0 414.383172 -0.060467
sounding_162_163       67.4557   49.5642   -1.0 414.209286  0.347024
sounding_163_162       67.7374   49.2664   -1.0 414.063043  1.243693
sounding_163_163       67.6530   49.7863   -1.0 413.988518  0.335833
sounding_164_162       67.9347   49.4887   -1.0 413.977089 -1.531654
sounding_164_163       67.8499   50.0117   -1.0 413.922883  0.979656
sounding_164_164       67.7636   50.5314   -1.0 413.936697  0.753683
sounding_164_165       67.6759   51.0478   -1.0 413.969029  1.832991
sounding_165_163       68.0462   50.2402   -1.0 413.967355 -2.016203
sounding_165_164       67.9594   50.7629   -1.0 413.965140  0.556022
sounding_165_165       67.8712   51.2823   -1.0 414.014122  0.326918
sounding_166_163       68.2420   50.4720   -1.0 414.054371 -0.484968
sounding_166_164       68.1547   50.9978   -1.0 414.023595 -1.712796
sounding_166_165       68.0659   51.5201   -1.0 414.061830  0.160407
sounding_167_164       68.3494   51.2360   -1.0 414.077615 -1.259439
sounding_167_165       68.2601   51.7613   -1.0 414.147833 -1.822415
sounding_168_160       68.8880   49.3294   -1.0 414.479763  1.625121
sounding_168_165       68.4538   52.0060   -1.0 414.346056  0.844871
sounding_169_160       69.0837   49.5619   -1.0 414.565431  1.225867
