sounding_158_012       61.2052  -29.5349   -1.0 409.915412  0.978437
sounding_158_018       62.0214  -27.3344   -1.0 409.944521 -0.624227
sounding_158_019       62.1541  -26.9575   -1.0 409.991347  0.262763
sounding_158_020       62.2858  -26.5777   -1.0 410.030508  0.208615
sounding_159_014       61.6544  -29.1012   -1.0 409.812460 -0.003776
sounding_159_015       61.7915  -28.7352   -1.0 409.831558 -1.827256
sounding_159_019       62.3305  -27.2420   -1.0 409.998681  0.132055
sounding_159_020       62.4628  -26.8613   -1.0 410.037596 -0.943123
sounding_160_011       61.4085  -30.4750   -1.0 409.941729  0.618674
sounding_160_014       61.8272  -29.3924   -1.0 409.835286 -0.365072
sounding_160_016       62.1017  -28.6561   -1.0 409.901114  1.979993
sounding_160_021       62.7711  -26.7634   -1.0 410.073076 -0.755144
sounding_160_022       62.9020  -26.3758   -1.0 410.072415  1.515634
sounding_161_011       61.5788  -30.7709   -1.0 409.904846  0.520623
sounding_161_013       61.8600  -30.0509   -1.0 409.837721 -0.190533
sounding_161_019       62.6814  -27.8199   -1.0 409.995793  0.724947
sounding_161_020       62.8149  -27.4376   -1.0 410.058063  0.488891
sounding_161_021       62.9474  -27.0521   -1.0 410.087948  0.796418
sounding_162_016       62.4476  -29.2447   -1.0 409.887932  0.317406
sounding_162_017       62.5847  -28.8707   -1.0 409.890552 -0.284714
sounding_162_018       62.7207  -28.4936   -1.0 409.936086  0.394458
sounding_162_019       62.8558  -28.1135   -1.0 410.015572 -0.412096
sounding_162_020       62.9900  -27.7303   -1.0 410.082977  0.232365
sounding_162_021       63.1231  -27.3439   -1.0 410.102691  0.547111
sounding_162_022       63.2552  -26.9545   -1.0 410.089216 -0.097978
sounding_162_023       63.3863  -26.5619   -1.0 410.076074  0.314015
sounding_163_013       62.2010  -30.6493   -1.0 409.879923  0.557492
sounding_163_015       62.4810  -29.9152   -1.0 409.878840  0.209547
sounding_163_016       62.6196  -29.5435   -1.0 409.857040 -2.860441
sounding_163_017       62.7572  -29.1688   -1.0 409.878457  0.703407
sounding_163_018       62.8939  -28.7910   -1.0 409.952356  0.080692
sounding_163_019       63.0296  -28.4101   -1.0 410.043743  1.459439
sounding_163_020       63.1644  -28.0260   -1.0 410.097762  1.609924
sounding_163_021       63.2981  -27.6389   -1.0 410.099833  1.079000
sounding_163_022       63.4308  -27.2486   -1.0 410.083312 -0.230328
sounding_164_015       62.6517  -30.2177   -1.0 409.835312 -0.869119
sounding_164_016       62.7909  -29.8454   -1.0 409.834991  0.307458
sounding_164_017       62.9291  -29.4700   -1.0 409.894868  0.102111
sounding_164_018       63.0664  -29.0915   -1.0 409.987134 -1.476115
sounding_164_019       63.2028  -28.7098   -1.0 410.061581 -0.418649
sounding_164_020       63.3381  -28.3250   -1.0 410.087138  0.423754
sounding_164_021       63.4724  -27.9369   -1.0 410.080330 -0.090656
sounding_164_023       63.7381  -27.1514   -1.0 410.097064 -0.239636
sounding_165_013       62.5392  -31.2598   -1.0 409.847308  0.294679
sounding_165_014       62.6809  -30.8931   -1.0 409.814929 -0.850606
sounding_165_015       62.8216  -30.5233   -1.0 409.792622 -0.177917
sounding_165_016       62.9615  -30.1504   -1.0 409.838926 -0.451497
sounding_165_017       63.1003  -29.7743   -1.0 409.937095  0.224984
sounding_165_018       63.2383  -29.3951   -1.0 410.021285 -1.141037
sounding_165_019       63.3752  -29.0127   -1.0 410.055246 -1.037890
sounding_165_020       63.5111  -28.6271   -1.0 410.056828 -0.437693
sounding_165_021       63.6461  -28.2383   -1.0 410.059466  2.351932
sounding_166_014       62.8495  -31.2024   -1.0 409.756224  0.782920
sounding_166_015       62.9909  -30.8320   -1.0 409.766884  0.568501
sounding_166_016       63.1313  -30.4585   -1.0 409.861676  1.150562
sounding_166_017       63.2708  -30.0818   -1.0 409.983516 -0.608920
sounding_166_018       63.4094  -29.7019   -1.0 410.041098 -0.433776
sounding_166_019       63.5469  -29.3188   -1.0 410.034788  0.081648
sounding_166_020       63.6835  -28.9324   -1.0 410.024040 -0.091199
sounding_166_021       63.8191  -28.5428   -1.0 410.042224 -1.605622
sounding_167_016       63.3005  -30.7698   -1.0 409.880493 -0.233287
sounding_167_017       63.4406  -30.3925   -1.0 410.016997 -1.617728
sounding_167_018       63.5798  -30.0119   -1.0 410.057488 -0.036375
sounding_167_019       63.7180  -29.6281   -1.0 410.023552 -1.110868
sounding_167_020       63.8552  -29.2410   -1.0 409.999580  0.378278
sounding_167_021       63.9914  -28.8506   -1.0 410.025723  1.435097
sounding_167_033       65.5440  -23.9017   -1.0 410.081000 -1.202982
sounding_167_034       65.6663  -23.4668   -1.0 410.001819 -1.146187
sounding_168_017       63.6097  -30.7064   -1.0 410.034095 -0.323461
sounding_168_018       63.7495  -30.3252   -1.0 410.079535 -0.445852
sounding_168_019       63.8883  -29.9407   -1.0 410.034970  0.651022
sounding_168_020       64.0261  -29.5529   -1.0 409.989298  1.992938
sounding_168_033       65.7230  -24.2001   -1.0 410.093924 -1.301127
sounding_169_019       64.0579  -30.2566   -1.0 410.064748 -2.061005
sounding_169_020       64.1963  -29.8681   -1.0 410.002010  0.592659
sounding_169_021       64.3338  -29.4762   -1.0 409.990248 -0.645503
sounding_169_031       65.6510  -25.3666   -1.0 410.166604  0.682610
sounding_169_032       65.7767  -24.9361   -1.0 410.143315 -0.843351
sounding_170_020       64.3658  -30.1867   -1.0 410.035258  0.841342
sounding_170_021       64.5039  -29.7940   -1.0 409.985750  0.693606
sounding_170_022       64.6410  -29.3980   -1.0 409.992146 -0.912355
sounding_170_030       65.6998  -26.1027   -1.0 410.172132  0.144475
sounding_170_031       65.8273  -25.6747   -1.0 410.166028  0.143448
sounding_170_032       65.9537  -25.2430   -1.0 410.135020 -0.874869
sounding_171_022       64.8109  -29.7186   -1.0 409.966093  1.721844
sounding_171_023       64.9476  -29.3182   -1.0 409.976400  0.463208
sounding_171_024       65.0833  -28.9144   -1.0 410.016245 -1.041957
sounding_171_025       65.2179  -28.5070   -1.0 410.057897 -0.300433
sounding_171_028       65.6153  -27.2631   -1.0 410.134739 -0.428083
sounding_171_029       65.7457  -26.8412   -1.0 410.146112  1.561088
sounding_171_030       65.8749  -26.4157   -1.0 410.148913  0.854071
sounding_171_031       66.0030  -25.9865   -1.0 410.133902  1.799674
