sounding_005_052       33.5956    4.4779   -1.0 414.525639 -0.388860
sounding_005_053       33.6405    4.7304   -1.0 414.405371  0.714229
sounding_005_054       33.6848    4.9833   -1.0 414.326079  1.198607
sounding_005_055       33.7283    5.2365   -1.0 414.259559  1.137512
sounding_005_056       33.7711    5.4901   -1.0 414.219921  0.040613
sounding_005_057       33.8131    5.7440   -1.0 414.202800 -1.138056
sounding_005_058       33.8545    5.9984   -1.0 414.236514 -0.491378
sounding_005_059       33.8951    6.2530   -1.0 414.328025  0.522665
sounding_005_060       33.9350    6.5080   -1.0 414.433419  1.380325
sounding_005_061       33.9741    6.7633   -1.0 414.504597  0.838114
sounding_005_062       34.0125    7.0189   -1.0 414.533651 -2.057097
sounding_005_063       34.0502    7.2749   -1.0 414.540853  0.514220
sounding_006_053       33.8510    4.6767   -1.0 414.290541 -1.030151
sounding_006_054       33.8954    4.9304   -1.0 414.176007 -0.238500
sounding_006_055       33.9391    5.1845   -1.0 414.061226 -0.052836
sounding_006_056       33.9821    5.4389   -1.0 413.944374 -0.284057
sounding_006_057       34.0244    5.6937   -1.0 413.848738 -0.818810
sounding_006_058       34.0659    5.9489   -1.0 413.824087  0.186374
sounding_006_059       34.1067    6.2043   -1.0 413.895772 -1.210009
sounding_006_060       34.1467    6.4602   -1.0 414.050055 -0.855298
sounding_006_061       34.1861    6.7163   -1.0 414.210966 -1.410669
sounding_006_062       34.2247    6.9728   -1.0 414.313719  0.156718
sounding_006_063       34.2625    7.2297   -1.0 414.376600  0.239306
sounding_007_053       34.0617    4.6226   -1.0 414.192190 -0.382043
sounding_007_054       34.1063    4.8771   -1.0 414.014668  0.232540
sounding_007_055       34.1502    5.1320   -1.0 413.851913 -1.566283
sounding_007_056       34.1933    5.3873   -1.0 413.705136 -1.350971
sounding_007_057       34.2358    5.6430   -1.0 413.590870  0.257269
sounding_007_058       34.2775    5.8990   -1.0 413.501604 -1.324093
sounding_007_059       34.3185    6.1553   -1.0 413.478693 -1.119693
sounding_007_060       34.3587    6.4120   -1.0 413.581450  1.502140
sounding_007_061       34.3982    6.6691   -1.0 413.776857  0.487726
sounding_007_062       34.4370    6.9264   -1.0 413.997748  1.675046
sounding_007_063       34.4750    7.1842   -1.0 414.190652  0.564927
sounding_008_054       34.3173    4.8235   -1.0 413.891866 -0.956013
sounding_008_055       34.3614    5.0793   -1.0 413.711146 -0.010380
sounding_008_056       34.4047    5.3354   -1.0 413.584426 -1.062162
sounding_008_057       34.4474    5.5919   -1.0 413.491921  1.048507
sounding_008_058       34.4893    5.8488   -1.0 413.401916 -1.897125
sounding_008_059       34.5304    6.1060   -1.0 413.308382 -1.679447
sounding_008_060       34.5708    6.3636   -1.0 413.271848  1.844788
sounding_008_061       34.6105    6.6215   -1.0 413.382076 -0.987735
sounding_008_062       34.6495    6.8797   -1.0 413.645092  1.011733
sounding_008_063       34.6877    7.1383   -1.0 413.959652 -0.767827
sounding_008_064       34.7251    7.3972   -1.0 414.211506 -0.750339
sounding_009_054       34.5285    4.7695   -1.0 413.854172  0.405405
sounding_009_055       34.5727    5.0261   -1.0 413.703047 -1.310119
sounding_009_056       34.6163    5.2831   -1.0 413.612690  1.219261
sounding_009_057       34.6591    5.5405   -1.0 413.557763  1.582842
sounding_009_058       34.7012    5.7982   -1.0 413.523457 -0.483602
sounding_009_059       34.7426    6.0563   -1.0 413.455181  0.559476
sounding_009_060       34.7832    6.3148   -1.0 413.334353 -0.521733
sounding_009_061       34.8230    6.5736   -1.0 413.277078 -0.884219
sounding_009_062       34.8621    6.8327   -1.0 413.436591 -0.078007
sounding_009_063       34.9005    7.0922   -1.0 413.768304  0.014057
sounding_009_064       34.9381    7.3520   -1.0 414.049142  0.934959
sounding_010_055       34.7843    4.9726   -1.0 413.788175 -0.974977
sounding_010_056       34.8281    5.2304   -1.0 413.742719 -1.488354
sounding_010_057       34.8711    5.4887   -1.0 413.741222 -1.631971
sounding_010_058       34.9134    5.7473   -1.0 413.781591  1.181955
sounding_010_059       34.9549    6.0063   -1.0 413.848852 -0.469631
sounding_010_060       34.9957    6.2656   -1.0 413.788173  0.441150
sounding_010_061       35.0357    6.5253   -1.0 413.593887  0.132498
sounding_010_062       35.0750    6.7853   -1.0 413.558015 -0.615398
sounding_010_063       35.1135    7.0457   -1.0 413.747951 -0.262873
sounding_010_064       35.1513    7.3064   -1.0 413.936721  0.047269
sounding_010_065       35.1884    7.5674   -1.0 413.975192  0.528996
sounding_011_055       34.9960    4.9186   -1.0 413.868477  0.258450
sounding_011_056       35.0400    5.1774   -1.0 413.854250  1.620128
sounding_011_057       35.0832    5.4365   -1.0 413.916410  0.609110
sounding_011_058       35.1257    5.6960   -1.0 414.044915  0.569651
sounding_011_059       35.1674    5.9559   -1.0 414.193463  0.689190
sounding_011_060       35.2084    6.2161   -1.0 414.182587 -0.947737
sounding_011_061       35.2486    6.4767   -1.0 413.967405  2.112134
sounding_011_062       35.2880    6.7376   -1.0 413.793181  0.676093
sounding_011_063       35.3267    6.9989   -1.0 413.790579 -0.738411
sounding_011_064       35.3647    7.2605   -1.0 413.815950 -0.940672
sounding_011_065       35.4019    7.5224   -1.0 413.791786 -0.823767
sounding_012_055       35.2079    4.8643   -1.0 413.873494  0.805938
sounding_012_056       35.2521    5.1240   -1.0 413.894190  1.659508
sounding_012_057       35.2955    5.3840   -1.0 413.993215  0.174056
sounding_012_058       35.3381    5.6444   -1.0 414.134455  0.299753
sounding_012_059       35.3800    5.9051   -1.0 414.223005  0.348963
sounding_012_060       35.4212    6.1662   -1.0 414.174974  0.699859
sounding_012_061       35.4616    6.4277   -1.0 413.991719 -1.326037
sounding_012_062       35.5012    6.6895   -1.0 413.805055 -0.383576
sounding_012_063       35.5401    6.9517   -1.0 413.712070  1.738910
sounding_012_064       35.5783    7.2142   -1.0 413.673440 -0.118958
sounding_012_065       35.6156    7.4771   -1.0 413.634146 -0.249647
sounding_012_066       35.6522    7.7402   -1.0 413.558192  0.159298
sounding_013_056       35.4643    5.0702   -1.0 413.932050 -1.253072
sounding_013_057       35.5079    5.3311   -1.0 414.019848  0.388866
sounding_013_058       35.5508    5.5923   -1.0 414.091557 -0.416731
sounding_013_059       35.5929    5.8540   -1.0 414.068539  1.554319
sounding_013_060       35.6342    6.1160   -1.0 413.943232  0.628345
sounding_013_061       35.6748    6.3784   -1.0 413.798631  0.629906
sounding_013_062       35.7146    6.6411   -1.0 413.675936  0.178899
sounding_013_063       35.7537    6.9042   -1.0 413.597257 -1.567422
sounding_013_064       35.7920    7.1676   -1.0 413.565703 -0.268951
sounding_013_065       35.8295    7.4314   -1.0 413.538335  1.407516
sounding_013_066       35.8663    7.6955   -1.0 413.481793  0.448286
sounding_014_056       35.6768    5.0160   -1.0 414.089169 -3.281088
sounding_014_057       35.7206    5.2778   -1.0 414.098017  0.128489
sounding_014_058       35.7636    5.5400   -1.0 414.050171 -2.751035
sounding_014_059       35.8059    5.8025   -1.0 413.935499  0.015321
sounding_014_060       35.8474    6.0654   -1.0 413.788686 -0.352124
sounding_014_061       35.8882    6.3287   -1.0 413.682610  1.185442
sounding_014_062       35.9282    6.5924   -1.0 413.606611  0.820415
sounding_014_063       35.9674    6.8564   -1.0 413.547920  0.709010
sounding_014_064       36.0059    7.1207   -1.0 413.514201  1.675286
sounding_014_065       36.0436    7.3854   -1.0 413.503209  0.451795
sounding_014_066       36.0805    7.6505   -1.0 413.484681  0.898146
sounding_014_067       36.1167    7.9158   -1.0 413.429856 -1.170411
sounding_015_057       35.9333    5.2241   -1.0 414.182529 -1.279085
sounding_015_058       35.9766    5.4872   -1.0 414.037062 -1.637952
sounding_015_059       36.0190    5.7506   -1.0 413.892655  1.293737
sounding_015_060       36.0608    6.0145   -1.0 413.769601 -0.410874
sounding_015_061       36.1017    6.2787   -1.0 413.667400 -0.494420
sounding_015_062       36.1419    6.5433   -1.0 413.589170  1.547173
sounding_015_063       36.1813    6.8082   -1.0 413.530324  1.793868
sounding_015_064       36.2200    7.0735   -1.0 413.476789  0.079648
sounding_015_065       36.2578    7.3391   -1.0 413.421720 -1.240370
sounding_015_066       36.2949    7.6050   -1.0 413.376835 -0.889848
sounding_015_067       36.3313    7.8713   -1.0 413.341749  0.281634
sounding_016_057       36.1463    5.1700   -1.0 414.117503 -0.056453
sounding_016_058       36.1897    5.4340   -1.0 413.992335  0.219525
sounding_016_059       36.2324    5.6984   -1.0 413.854997 -0.899251
sounding_016_060       36.2743    5.9632   -1.0 413.717294 -0.233700
sounding_016_061       36.3154    6.2283   -1.0 413.594175  1.436130
sounding_016_062       36.3558    6.4938   -1.0 413.493140 -0.668651
sounding_016_063       36.3954    6.7596   -1.0 413.414457  0.113656
sounding_016_064       36.4342    7.0259   -1.0 413.317980  0.279516
sounding_016_065       36.4723    7.2924   -1.0 413.199739 -0.653955
sounding_016_066       36.5095    7.5593   -1.0 413.100439  1.431632
sounding_016_067       36.5460    7.8266   -1.0 413.054839  1.298797
sounding_017_058       36.4030    5.3805   -1.0 413.760912 -0.875714
sounding_017_059       36.4459    5.6458   -1.0 413.626731 -0.642769
sounding_017_060       36.4879    5.9115   -1.0 413.479216  0.930596
sounding_017_061       36.5293    6.1775   -1.0 413.349482  0.414294
sounding_017_062       36.5698    6.4440   -1.0 413.245292  0.323660
sounding_017_063       36.6096    6.7107   -1.0 413.144387 -0.415411
sounding_017_064       36.6486    6.9779   -1.0 413.022967 -0.545029
sounding_017_065       36.6868    7.2454   -1.0 412.904498  0.073824
sounding_017_066       36.7243    7.5133   -1.0 412.832200 -0.155038
sounding_017_067       36.7609    7.7815   -1.0 412.793913  0.882784
sounding_017_068       36.7968    8.0500   -1.0 412.785244 -1.091519
sounding_018_058       36.6164    5.3266   -1.0 413.332471  2.100365
sounding_018_059       36.6595    5.5928   -1.0 413.207056 -0.475041
sounding_018_060       36.7018    5.8594   -1.0 413.090713 -0.339758
sounding_018_061       36.7433    6.1264   -1.0 413.002009 -0.438834
sounding_018_062       36.7840    6.3938   -1.0 412.929473  0.518806
sounding_018_063       36.8240    6.6615   -1.0 412.841382 -1.302483
sounding_018_064       36.8632    6.9296   -1.0 412.757304  0.033841
sounding_018_065       36.9016    7.1981   -1.0 412.704289 -0.800002
sounding_018_066       36.9392    7.4669   -1.0 412.690373  0.927380
sounding_019_062       36.9984    6.3432   -1.0 412.686051 -0.729625
sounding_027_072       39.0981    8.7073   -1.0 412.968338 -0.730571
sounding_028_072       39.3155    8.6635   -1.0 412.948303 -1.166970
sounding_028_073       39.3491    8.9448   -1.0 412.954433 -0.580570
sounding_029_072       39.5331    8.6195   -1.0 412.960176 -0.072003
sounding_029_073       39.5668    8.9018   -1.0 413.006884  0.697148
sounding_030_072       39.7507    8.5750   -1.0 412.996444  0.062954
sounding_030_073       39.7846    8.8584   -1.0 413.046808  0.808556
sounding_030_074       39.8177    9.1421   -1.0 413.062881  0.779489
sounding_031_072       39.9685    8.5302   -1.0 413.031099  2.205183
sounding_031_073       40.0026    8.8147   -1.0 413.043809  0.382918
sounding_031_074       40.0358    9.0995   -1.0 413.044900 -0.680178
sounding_032_072       40.1865    8.4850   -1.0 413.057328 -2.016180
sounding_032_073       40.2207    8.7706   -1.0 413.027916  0.697334
sounding_032_074       40.2540    9.0565   -1.0 412.961171  0.009786
sounding_033_072       40.4045    8.4396   -1.0 413.054150  1.087722
sounding_033_073       40.4389    8.7262   -1.0 412.999494 -0.509325
sounding_033_074       40.4724    9.0132   -1.0 412.877379 -0.311133
sounding_033_075       40.5050    9.3005   -1.0 412.689631  0.649281
sounding_034_072       40.6227    8.3937   -1.0 413.031193 -0.637406
sounding_034_073       40.6572    8.6814   -1.0 412.923717  1.018902
sounding_034_074       40.6909    8.9695   -1.0 412.757999 -0.671972
sounding_034_075       40.7237    9.2579   -1.0 412.528482  0.128375
sounding_035_072       40.8410    8.3475   -1.0 413.009877  0.650699
sounding_035_073       40.8757    8.6363   -1.0 412.811242 -0.172002
sounding_035_074       40.9095    8.9255   -1.0 412.576260  1.037443
sounding_035_075       40.9425    9.2151   -1.0 412.303746 -1.031905
sounding_035_076       40.9746    9.5049   -1.0 412.034257 -1.201063
sounding_036_075       41.1614    9.1718   -1.0 412.055697 -0.811810
sounding_038_075       41.5995    9.0844   -1.0 411.657398  1.052164
sounding_039_075       41.8188    9.0401   -1.0 411.538056  0.199686
sounding_039_076       41.8515    9.3345   -1.0 411.579572  0.338284
sounding_040_074       42.0044    8.7002   -1.0 411.562868  0.623496
sounding_040_075       42.0382    8.9954   -1.0 411.543811  0.482531
sounding_040_076       42.0710    9.2911   -1.0 411.613164 -0.426382
sounding_041_074       42.2238    8.6540   -1.0 411.661920 -0.635718
sounding_041_075       42.2576    8.9505   -1.0 411.696938 -0.739572
sounding_041_076       42.2906    9.2472   -1.0 411.721894  0.751811
sounding_042_075       42.4772    8.9051   -1.0 411.874920  1.479177
sounding_042_076       42.5104    9.2031   -1.0 411.842474  0.183584
sounding_042_077       42.5426    9.5014   -1.0 411.838196 -0.185895
sounding_048_081       43.9875   10.4622   -1.0 411.552250  0.223083
sounding_049_072       43.9088    7.6599   -1.0 411.270524  3.450276
sounding_049_073       43.9458    7.9652   -1.0 411.305485 -0.128312
sounding_049_079       44.1484    9.8054   -1.0 411.627569 -1.342923
sounding_049_080       44.1790   10.1134   -1.0 411.690490  0.276941
sounding_049_081       44.2086   10.4217   -1.0 411.695368 -0.417983
sounding_049_082       44.2373   10.7305   -1.0 411.609366  2.688863
sounding_050_072       44.1286    7.6077   -1.0 411.448878 -1.256571
sounding_050_073       44.1658    7.9142   -1.0 411.437166  0.809442
sounding_050_074       44.2020    8.2212   -1.0 411.331690  0.911294
sounding_050_078       44.3378    9.4530   -1.0 411.504995 -0.012290
sounding_050_079       44.3694    9.7620   -1.0 411.651281  0.559911
sounding_050_080       44.4001   10.0713   -1.0 411.799374 -0.679001
sounding_050_081       44.4298   10.3809   -1.0 411.856862  0.965334
sounding_050_082       44.4586   10.6910   -1.0 411.782585  0.757939
sounding_051_073       44.3858    7.8628   -1.0 411.466400  0.587047
sounding_051_074       44.4222    8.1710   -1.0 411.419715  1.109974
sounding_051_075       44.4577    8.4796   -1.0 411.349038 -0.940396
sounding_051_076       44.4923    8.7887   -1.0 411.331883 -0.252375
sounding_051_077       44.5259    9.0981   -1.0 411.402928 -0.570464
sounding_051_078       44.5586    9.4080   -1.0 411.547088  1.425572
sounding_051_079       44.5904    9.7182   -1.0 411.733475  0.774528
sounding_051_080       44.6212   10.0288   -1.0 411.903571  0.932481
sounding_051_081       44.6511   10.3398   -1.0 411.977148 -0.412844
sounding_051_082       44.6801   10.6511   -1.0 411.923869  2.290145
sounding_052_073       44.6060    7.8110   -1.0 411.456462 -0.398281
sounding_052_074       44.6425    8.1204   -1.0 411.472392  0.760079
sounding_052_075       44.6782    8.4304   -1.0 411.400629 -1.495211
sounding_052_076       44.7129    8.7407   -1.0 411.358023  0.418716
sounding_052_077       44.7467    9.0514   -1.0 411.414337  0.604361
sounding_052_078       44.7796    9.3626   -1.0 411.562578 -0.257518
sounding_052_079       44.8115    9.6741   -1.0 411.757009 -0.211792
sounding_052_080       44.8424    9.9860   -1.0 411.953825 -0.200771
sounding_052_081       44.8725   10.2982   -1.0 412.080792  0.100549
sounding_052_082       44.9016   10.6108   -1.0 412.098379  0.587408
sounding_052_083       44.9297   10.9238   -1.0 412.003855 -0.047539
sounding_053_073       44.8262    7.7587   -1.0 411.504121 -0.729536
sounding_053_074       44.8629    8.0695   -1.0 411.506362 -0.394535
sounding_053_075       44.8988    8.3807   -1.0 411.439985 -0.516461
sounding_053_076       44.9336    8.6923   -1.0 411.377112  1.468327
sounding_053_077       44.9676    9.0043   -1.0 411.402660  0.110193
sounding_053_078       45.0006    9.3167   -1.0 411.540461  0.498940
sounding_053_079       45.0326    9.6296   -1.0 411.730398  0.425895
sounding_053_080       45.0638    9.9428   -1.0 411.938049  0.721168
sounding_053_081       45.0939   10.2563   -1.0 412.127961 -2.454437
sounding_053_082       45.1232   10.5703   -1.0 412.188728  0.558008
sounding_053_083       45.1514   10.8846   -1.0 412.096972  1.407459
sounding_054_074       45.0834    8.0181   -1.0 411.564993  0.236438
sounding_054_075       45.1194    8.3305   -1.0 411.509893  0.364829
sounding_054_076       45.1544    8.6435   -1.0 411.437040 -1.064819
sounding_054_077       45.1885    8.9568   -1.0 411.428025 -0.078528
sounding_054_078       45.2217    9.2705   -1.0 411.511487 -0.709567
sounding_054_079       45.2539    9.5847   -1.0 411.670785  0.611412
sounding_054_080       45.2852    9.8992   -1.0 411.877917 -0.508663
sounding_054_081       45.3155   10.2141   -1.0 412.037912 -0.409840
sounding_054_082       45.3448   10.5294   -1.0 412.079154  0.337857
sounding_054_083       45.3732   10.8450   -1.0 411.981117  2.595009
sounding_054_084       45.4007   11.1609   -1.0 411.774164 -0.633377
sounding_055_074       45.3039    7.9662   -1.0 411.625594 -0.041879
sounding_055_075       45.3400    8.2800   -1.0 411.594142  0.511373
sounding_055_076       45.3753    8.5942   -1.0 411.545335 -0.887764
sounding_055_077       45.4095    8.9088   -1.0 411.501759 -0.254901
sounding_055_078       45.4429    9.2239   -1.0 411.522635  0.088808
sounding_055_079       45.4752    9.5394   -1.0 411.619188 -0.056948
sounding_055_080       45.5066    9.8553   -1.0 411.725789 -1.671742
sounding_055_081       45.5371   10.1715   -1.0 411.805091  0.693076
sounding_055_082       45.5666   10.4881   -1.0 411.788483 -0.883132
sounding_055_083       45.5951   10.8050   -1.0 411.676566 -1.964628
sounding_055_084       45.6227   11.1224   -1.0 411.496088  1.071224
sounding_056_075       45.5608    8.2290   -1.0 411.687039  0.370465
sounding_056_076       45.5962    8.5445   -1.0 411.641432 -1.099981
sounding_056_077       45.6306    8.8605   -1.0 411.596959 -0.690938
sounding_056_078       45.6641    9.1769   -1.0 411.602696 -0.132212
sounding_056_079       45.6966    9.4937   -1.0 411.629728  0.870039
sounding_056_080       45.7282    9.8109   -1.0 411.603925 -1.418929
sounding_056_082       45.7884   10.4465   -1.0 411.478742  0.764327
sounding_056_083       45.8171   10.7648   -1.0 411.353012 -0.071910
sounding_056_084       45.8448   11.0835   -1.0 411.214119  1.248064
sounding_057_075       45.7816    8.1776   -1.0 411.859315 -0.719053
sounding_057_076       45.8171    8.4945   -1.0 411.736546  0.456200
sounding_057_077       45.8518    8.8117   -1.0 411.701287  0.005212
sounding_057_078       45.8854    9.1295   -1.0 411.725772  0.379739
sounding_057_079       45.9181    9.4476   -1.0 411.726984 -1.162873
sounding_057_080       45.9498    9.7662   -1.0 411.642615 -0.099396
sounding_057_081       45.9805   10.0851   -1.0 411.522909 -0.070524
sounding_057_082       46.0103   10.4045   -1.0 411.400192  0.164060
sounding_057_083       46.0391   10.7241   -1.0 411.249771 -0.852072
sounding_057_084       46.0669   11.0442   -1.0 411.145894 -1.301469
sounding_057_085       46.0938   11.3646   -1.0 411.090992 -0.678518
sounding_058_076       46.0382    8.4439   -1.0 411.948364 -0.266897
sounding_058_077       46.0729    8.7626   -1.0 411.888552 -0.348248
sounding_058_078       46.1067    9.0817   -1.0 411.921574  0.606456
sounding_058_079       46.1395    9.4011   -1.0 411.958439 -0.214365
sounding_058_080       46.1714    9.7211   -1.0 411.927824 -0.076648
sounding_058_081       46.2023   10.0414   -1.0 411.822886  1.773515
sounding_058_082       46.2322   10.3621   -1.0 411.666599  0.358054
sounding_058_083       46.2612   10.6832   -1.0 411.451818 -0.299400
sounding_058_084       46.2891   11.0046   -1.0 411.250096 -0.424440
sounding_058_085       46.3161   11.3264   -1.0 411.176988  0.556649
sounding_059_076       46.2593    8.3929   -1.0 412.208816  1.737633
sounding_059_077       46.2942    8.7129   -1.0 412.162121 -0.617072
sounding_059_078       46.3281    9.0334   -1.0 412.170140  0.827144
sounding_059_079       46.3611    9.3543   -1.0 412.195593  0.436040
sounding_059_080       46.3931    9.6756   -1.0 412.184850  1.244782
sounding_059_081       46.4242    9.9973   -1.0 412.104207  0.144114
sounding_059_082       46.4542   10.3194   -1.0 411.962202 -0.318488
sounding_059_083       46.4833   10.6418   -1.0 411.732323 -0.080933
sounding_059_084       46.5114   10.9647   -1.0 411.442418 -1.249537
sounding_059_085       46.5385   11.2879   -1.0 411.300422  0.688853
sounding_059_086       46.5647   11.6114   -1.0 411.357569  0.120189
sounding_060_077       46.5155    8.6629   -1.0 412.368875  0.758301
sounding_060_083       46.7055   10.6001   -1.0 411.846801 -0.924464
sounding_060_084       46.7337   10.9244   -1.0 411.634185 -0.509965
sounding_060_085       46.7610   11.2490   -1.0 411.458427  0.906411
sounding_060_086       46.7873   11.5739   -1.0 411.446423  1.870348
sounding_073_082       49.5666    9.6789   -1.0 412.907278 -0.257372
sounding_074_082       49.7891    9.6299   -1.0 412.903636  0.663565
sounding_074_083       49.8204    9.9748   -1.0 412.961900  0.558920
sounding_075_083       50.0430    9.9269   -1.0 412.946426 -0.803924
sounding_075_084       50.0734   10.2739   -1.0 412.923152 -1.026768
sounding_075_085       50.1027   10.6212   -1.0 412.660154 -1.050903
sounding_075_086       50.1309   10.9690   -1.0 412.291102 -0.699941
sounding_076_083       50.2657    9.8786   -1.0 412.777014 -0.126861
sounding_076_084       50.2962   10.2272   -1.0 412.872315  1.057109
sounding_076_085       50.3256   10.5762   -1.0 412.790013 -0.740482
sounding_076_086       50.3540   10.9256   -1.0 412.507344  0.422508
sounding_076_087       50.3813   11.2754   -1.0 412.174388 -0.721499
sounding_077_083       50.4883    9.8299   -1.0 412.623067  0.539198
sounding_077_084       50.5190   10.1800   -1.0 412.720710 -1.919920
sounding_077_085       50.5485   10.5307   -1.0 412.734816  0.281290
sounding_077_086       50.5771   10.8818   -1.0 412.597075 -0.704717
sounding_077_087       50.6045   11.2333   -1.0 412.345095 -1.545168
sounding_077_088       50.6309   11.5852   -1.0 412.110081 -2.157836
sounding_078_084       50.7418   10.1325   -1.0 412.619719  0.798821
sounding_078_085       50.7715   10.4848   -1.0 412.641104 -2.068902
sounding_078_086       50.8001   10.8375   -1.0 412.600160 -0.685087
sounding_078_087       50.8277   11.1907   -1.0 412.481198  1.903431
sounding_078_088       50.8542   11.5443   -1.0 412.300211  0.889170
sounding_078_089       50.8796   11.8983   -1.0 412.128453 -0.360499
sounding_079_084       50.9646   10.0844   -1.0 412.571054 -0.905725
sounding_079_085       50.9944   10.4384   -1.0 412.611719  1.086498
sounding_079_086       51.0232   10.7928   -1.0 412.597013 -0.094170
sounding_079_087       51.0509   11.1477   -1.0 412.556756 -0.737181
sounding_079_088       51.0775   11.5030   -1.0 412.463371 -0.544668
sounding_079_089       51.1031   11.8587   -1.0 412.326923 -2.338162
sounding_079_090       51.1275   12.2147   -1.0 412.189544  0.001866
sounding_080_085       51.2174   10.3916   -1.0 412.598696  0.172589
sounding_080_086       51.2463   10.7477   -1.0 412.587796 -0.305396
sounding_080_087       51.2741   11.1043   -1.0 412.568507 -0.862259
sounding_080_088       51.3009   11.4613   -1.0 412.538156  0.152203
sounding_080_089       51.3265   11.8187   -1.0 412.463219  0.874280
sounding_080_090       51.3511   12.1765   -1.0 412.355463 -0.240388
sounding_080_091       51.3746   12.5346   -1.0 412.245070 -1.085014
sounding_080_092       51.3969   12.8932   -1.0 412.142820  2.201994
sounding_081_085       51.4403   10.3443   -1.0 412.564254 -0.920022
sounding_081_086       51.4693   10.7021   -1.0 412.564565 -2.260876
sounding_081_087       51.4973   11.0605   -1.0 412.538804  0.269461
sounding_081_088       51.5242   11.4192   -1.0 412.527810 -1.594339
sounding_081_089       51.5500   11.7783   -1.0 412.521025  0.640997
sounding_081_090       51.5747   12.1378   -1.0 412.489766  0.600502
sounding_081_091       51.5983   12.4977   -1.0 412.416744 -0.228594
sounding_081_092       51.6207   12.8580   -1.0 412.323725 -0.192049
sounding_081_093       51.6421   13.2186   -1.0 412.241064 -0.505970
sounding_082_085       51.6632   10.2966   -1.0 412.506819  0.420079
sounding_082_086       51.6924   10.6562   -1.0 412.531765 -0.314364
sounding_082_087       51.7205   11.0162   -1.0 412.507061  1.462812
sounding_082_088       51.7475   11.3766   -1.0 412.503440 -0.584468
sounding_082_089       51.7734   11.7375   -1.0 412.538724 -1.296384
sounding_082_090       51.7982   12.0988   -1.0 412.568618  2.159761
sounding_082_091       51.8219   12.4605   -1.0 412.534954 -0.450944
sounding_082_092       51.8445   12.8225   -1.0 412.457930  0.754852
sounding_082_093       51.8660   13.1849   -1.0 412.390995  2.262884
sounding_082_094       51.8864   13.5476   -1.0 412.358215  0.447961
sounding_083_086       51.9154   10.6097   -1.0 412.458957 -1.012286
sounding_083_087       51.9436   10.9715   -1.0 412.471187 -0.812066
sounding_083_088       51.9708   11.3337   -1.0 412.502137 -1.240097
sounding_083_089       51.9968   11.6963   -1.0 412.556902 -0.130902
sounding_083_090       52.0218   12.0594   -1.0 412.608052  1.310803
sounding_083_091       52.0456   12.4229   -1.0 412.609752 -1.761175
sounding_083_092       52.0683   12.7866   -1.0 412.597326  1.086172
sounding_083_093       52.0899   13.1509   -1.0 412.542837 -0.037713
sounding_083_094       52.1104   13.5154   -1.0 412.480206 -0.646959
sounding_083_095       52.1297   13.8802   -1.0 412.431505 -0.198363
sounding_084_086       52.1384   10.5628   -1.0 412.347591 -1.284308
sounding_084_087       52.1668   10.9263   -1.0 412.402876 -0.072377
sounding_084_088       52.1941   11.2903   -1.0 412.482058 -1.724684
sounding_084_089       52.2202   11.6547   -1.0 412.557134  0.733074
sounding_084_090       52.2453   12.0196   -1.0 412.617592  0.442389
sounding_084_091       52.2692   12.3848   -1.0 412.659096  0.527907
sounding_084_092       52.2921   12.7505   -1.0 412.680402 -0.239677
sounding_084_093       52.3137   13.1165   -1.0 412.621946  2.377745
sounding_084_094       52.3343   13.4828   -1.0 412.546076  0.183747
sounding_084_095       52.3538   13.8495   -1.0 412.468101 -0.586776
sounding_084_096       52.3721   14.2164   -1.0 412.397449  0.222104
sounding_085_087       52.3899   10.8807   -1.0 412.287757  0.976618
sounding_085_088       52.4173   11.2465   -1.0 412.404473  0.052825
sounding_085_089       52.4436   11.6127   -1.0 412.502519  0.478308
sounding_085_090       52.4688   11.9794   -1.0 412.588316  0.559052
sounding_085_091       52.4928   12.3464   -1.0 412.647686 -1.375309
sounding_085_092       52.5158   12.7139   -1.0 412.673823 -0.895901
sounding_085_093       52.5376   13.0817   -1.0 412.610208 -1.965357
sounding_085_094       52.5583   13.4499   -1.0 412.517994  0.453676
sounding_085_095       52.5778   13.8184   -1.0 412.425852  0.414519
sounding_085_096       52.5962   14.1872   -1.0 412.371934  1.068869
sounding_086_087       52.6130   10.8346   -1.0 412.114790 -0.226502
sounding_086_088       52.6405   11.2022   -1.0 412.234555  0.942735
sounding_086_089       52.6670   11.5703   -1.0 412.366499  0.534862
sounding_086_090       52.6923   11.9388   -1.0 412.481981 -0.187018
sounding_086_091       52.7164   12.3077   -1.0 412.568256  1.382386
sounding_086_092       52.7395   12.6769   -1.0 412.617415  1.380071
sounding_086_093       52.7614   13.0466   -1.0 412.575791 -1.037956
sounding_086_094       52.7822   13.4166   -1.0 412.456063  1.024290
sounding_086_095       52.8018   13.7870   -1.0 412.369210  0.031071
sounding_086_096       52.8203   14.1576   -1.0 412.348780 -0.034517
sounding_086_097       52.8377   14.5286   -1.0 412.356591 -0.154283
sounding_087_087       52.8360   10.7881   -1.0 411.898551  1.478112
sounding_087_088       52.8637   11.1575   -1.0 412.008519  0.404709
sounding_087_089       52.8903   11.5274   -1.0 412.156850  1.225748
sounding_087_090       52.9157   11.8977   -1.0 412.306840 -2.329742
sounding_087_091       52.9400   12.2685   -1.0 412.442582 -0.335362
sounding_087_092       52.9632   12.6396   -1.0 412.528545  0.283815
sounding_087_093       52.9852   13.0111   -1.0 412.506636 -0.271360
sounding_087_094       53.0061   13.3830   -1.0 412.413293  1.263582
sounding_087_095       53.0258   13.7552   -1.0 412.342056  0.241213
sounding_087_096       53.0444   14.1278   -1.0 412.329833  1.045302
sounding_087_097       53.0619   14.5006   -1.0 412.327729  0.290858
sounding_088_088       53.0869   11.1124   -1.0 411.771797 -0.334708
sounding_088_089       53.1136   11.4841   -1.0 411.921337 -0.138819
sounding_088_090       53.1391   11.8563   -1.0 412.099041  0.711829
sounding_088_091       53.1635   12.2289   -1.0 412.277637  1.724378
sounding_088_092       53.1868   12.6019   -1.0 412.388279 -0.315647
sounding_088_093       53.2090   12.9753   -1.0 412.429219  1.552115
sounding_088_094       53.2299   13.3491   -1.0 412.398669  1.447915
sounding_088_095       53.2498   13.7232   -1.0 412.342804 -1.542661
sounding_088_096       53.2685   14.0976   -1.0 412.310862  1.368933
sounding_088_097       53.2860   14.4724   -1.0 412.341315 -0.364850
sounding_088_098       53.3024   14.8474   -1.0 412.401319  0.569418
sounding_089_088       53.3100   11.0667   -1.0 411.568185 -1.075782
sounding_089_089       53.3368   11.4404   -1.0 411.714376 -1.236857
sounding_089_090       53.3625   11.8144   -1.0 411.885811  2.193745
sounding_089_091       53.3870   12.1889   -1.0 412.071269 -0.820868
sounding_089_092       53.4104   12.5638   -1.0 412.221635 -0.108298
sounding_089_093       53.4327   12.9391   -1.0 412.334106  1.965247
sounding_089_094       53.4538   13.3148   -1.0 412.385718  1.433019
sounding_089_097       53.5102   14.4438   -1.0 412.459948  1.871295
sounding_089_098       53.5266   14.8208   -1.0 412.505335 -1.012267
sounding_090_089       53.5600   11.3962   -1.0 411.572940 -0.761998
sounding_090_090       53.5858   11.7721   -1.0 411.700147 -1.400656
sounding_090_091       53.6105   12.1485   -1.0 411.846040  0.056142
sounding_090_092       53.6340   12.5253   -1.0 412.021102 -1.050710
sounding_090_093       53.6564   12.9026   -1.0 412.197044  0.365629
sounding_090_094       53.6776   13.2802   -1.0 412.353195  0.258387
sounding_090_098       53.7508   14.7939   -1.0 412.662564 -0.273038
sounding_091_089       53.7832   11.3515   -1.0 411.470710  1.802974
sounding_091_090       53.8091   11.7294   -1.0 411.568361  1.201242
sounding_091_091       53.8339   12.1077   -1.0 411.647263  1.388801
sounding_091_092       53.8575   12.4864   -1.0 411.791122 -0.317663
sounding_091_093       53.8800   12.8656   -1.0 412.015437 -0.558097
sounding_091_094       53.9013   13.2452   -1.0 412.274314  0.294437
sounding_091_095       53.9215   13.6250   -1.0 412.532470 -0.094048
sounding_092_090       54.0323   11.6862   -1.0 411.475997  0.262853
sounding_092_091       54.0573   12.0665   -1.0 411.500909 -0.087045
sounding_092_092       54.0810   12.4472   -1.0 411.597502  0.268035
sounding_092_093       54.1036   12.8283   -1.0 411.833084 -0.185337
sounding_092_094       54.1250   13.2098   -1.0 412.161297  0.709117
sounding_093_092       54.3044   12.4075   -1.0 411.494226 -0.999122
sounding_093_093       54.3271   12.7906   -1.0 411.722165  1.879470
sounding_093_094       54.3486   13.1740   -1.0 412.030571 -0.931515
sounding_095_091       54.7270   11.9402   -1.0 411.155469  0.130863
sounding_096_091       54.9501   11.8972   -1.0 411.100876 -0.140875
sounding_096_099       55.1106   15.0178   -1.0 411.229354  0.499493
sounding_097_091       55.1732   11.8537   -1.0 411.292461  0.321987
sounding_098_092       55.4207   12.2026   -1.0 411.476166  1.526217
sounding_098_094       55.4660   12.9896   -1.0 411.470732 -0.250627
sounding_098_095       55.4869   13.3837   -1.0 411.465564 -0.221122
sounding_098_096       55.5066   13.7782   -1.0 411.388092 -0.773398
sounding_098_097       55.5250   14.1730   -1.0 411.225784 -0.324281
sounding_099_092       55.6437   12.1603   -1.0 411.731611  0.301710
sounding_099_095       55.7103   13.3477   -1.0 411.418847  1.360056
sounding_099_096       55.7300   13.7443   -1.0 411.328116  0.291972
sounding_099_097       55.7486   14.1413   -1.0 411.188591  0.635606
sounding_100_093       55.8902   12.5150   -1.0 411.784629 -0.118838
sounding_100_094       55.9125   12.9130   -1.0 411.597378  0.210235
sounding_100_095       55.9336   13.3113   -1.0 411.476210  0.276822
sounding_100_096       55.9534   13.7101   -1.0 411.367132 -0.775773
sounding_100_097       55.9721   14.1092   -1.0 411.219356 -1.415328
sounding_101_094       56.1356   12.8740   -1.0 411.808136 -2.616338
sounding_101_095       56.1568   13.2746   -1.0 411.645568  2.747742
sounding_101_096       56.1768   13.6755   -1.0 411.512919  1.637614
sounding_101_097       56.1955   14.0768   -1.0 411.377404 -0.249556
sounding_101_098       56.2131   14.4785   -1.0 411.251157  0.799307
sounding_101_099       56.2293   14.8805   -1.0 411.146246  1.398933
sounding_102_094       56.3586   12.8347   -1.0 412.050183 -0.888073
sounding_102_095       56.3799   13.2374   -1.0 411.863518 -0.253305
sounding_102_096       56.4000   13.6405   -1.0 411.728554 -0.547915
sounding_102_097       56.4189   14.0440   -1.0 411.640114  0.999352
sounding_103_095       56.6030   13.1998   -1.0 412.091019  0.274215
sounding_103_096       56.6232   13.6052   -1.0 411.961850 -0.447137
sounding_104_094       56.8044   12.7546   -1.0 412.409000  0.000302
sounding_109_097       57.9796   13.8041   -1.0 412.431735  0.268860
sounding_111_097       58.4246   13.7319   -1.0 412.445943 -0.927490
sounding_112_097       58.6469   13.6952   -1.0 412.382798 -0.661484
sounding_112_098       58.6654   14.1225   -1.0 412.413328  1.266412
sounding_112_099       58.6827   14.5502   -1.0 412.422149 -0.429405
sounding_112_100       58.6987   14.9784   -1.0 412.414421  0.083065
sounding_112_101       58.7133   15.4068   -1.0 412.413664 -1.645473
sounding_112_105       58.7589   17.1235   -1.0 412.465396 -0.536693
sounding_113_098       58.8877   14.0879   -1.0 412.368055  0.434850
sounding_113_099       58.9051   14.5181   -1.0 412.395988  0.168357
sounding_113_100       58.9211   14.9487   -1.0 412.405294 -1.150947
sounding_113_101       58.9358   15.3797   -1.0 412.415445  0.338386
sounding_113_102       58.9493   15.8110   -1.0 412.441148 -1.372208
sounding_113_103       58.9614   16.2426   -1.0 412.457429 -2.275493
sounding_113_104       58.9722   16.6744   -1.0 412.460167  0.346847
sounding_113_105       58.9816   17.1065   -1.0 412.471230 -2.160282
sounding_113_106       58.9898   17.5388   -1.0 412.505136  0.049056
sounding_113_107       58.9967   17.9713   -1.0 412.540035 -0.198253
sounding_114_099       59.1273   14.4856   -1.0 412.369993 -0.366246
sounding_114_100       59.1434   14.9187   -1.0 412.374711 -0.358747
sounding_114_101       59.1583   15.3522   -1.0 412.384122  3.112369
sounding_114_103       59.1839   16.2203   -1.0 412.457615 -1.212188
sounding_114_104       59.1948   16.6547   -1.0 412.459794 -0.626145
sounding_114_105       59.2043   17.0893   -1.0 412.455050 -0.463313
sounding_114_106       59.2125   17.5241   -1.0 412.478948  1.215754
sounding_114_107       59.2194   17.9592   -1.0 412.517797  0.101350
sounding_114_108       59.2249   18.3943   -1.0 412.556632 -1.228156
sounding_115_098       59.3319   14.0173   -1.0 412.421423  1.168896
sounding_115_099       59.3494   14.4527   -1.0 412.378237 -0.238681
sounding_115_100       59.3656   14.8884   -1.0 412.338602 -0.429069
sounding_115_101       59.3805   15.3245   -1.0 412.329717 -1.763057
sounding_115_102       59.3941   15.7609   -1.0 412.375790 -1.741657
sounding_115_103       59.4063   16.1976   -1.0 412.435418 -0.560196
sounding_115_104       59.4172   16.6346   -1.0 412.453097 -2.223746
sounding_115_105       59.4268   17.0719   -1.0 412.449639  1.180477
sounding_115_107       59.4420   17.9470   -1.0 412.477846 -2.496268
sounding_116_099       59.5714   14.4193   -1.0 412.415647  0.252615
sounding_116_100       59.5877   14.8577   -1.0 412.347769  0.481568
sounding_116_101       59.6026   15.2964   -1.0 412.316680 -0.322229
sounding_116_102       59.6163   15.7354   -1.0 412.335707 -0.709272
sounding_116_103       59.6286   16.1747   -1.0 412.391571 -1.301949
sounding_116_104       59.6396   16.6144   -1.0 412.420747  0.286611
sounding_116_105       59.6492   17.0542   -1.0 412.437542 -0.516893
sounding_116_106       59.6575   17.4943   -1.0 412.449437 -1.316443
sounding_116_107       59.6645   17.9346   -1.0 412.448696  0.976139
sounding_116_108       59.6701   18.3750   -1.0 412.470984  0.195753
sounding_117_099       59.7932   14.3857   -1.0 412.462533 -1.370314
sounding_117_100       59.8096   14.8266   -1.0 412.393666 -0.722647
sounding_117_101       59.8246   15.2679   -1.0 412.348121 -0.119437
sounding_117_102       59.8384   15.7096   -1.0 412.326956 -0.640854
sounding_117_103       59.8507   16.1516   -1.0 412.342440 -0.952159
sounding_117_104       59.8618   16.5939   -1.0 412.368176  0.423262
sounding_117_105       59.8714   17.0364   -1.0 412.402326 -0.751396
sounding_117_106       59.8798   17.4791   -1.0 412.429438 -0.594980
sounding_117_107       59.8868   17.9221   -1.0 412.434805  0.050447
sounding_117_108       59.8924   18.3651   -1.0 412.452241  0.924293
sounding_117_109       59.8967   18.8084   -1.0 412.488286 -0.084147
sounding_118_100       60.0314   14.7951   -1.0 412.455720  0.587326
sounding_118_101       60.0465   15.2391   -1.0 412.405272 -1.895464
sounding_118_102       60.0603   15.6835   -1.0 412.355151  0.016422
sounding_118_103       60.0727   16.1282   -1.0 412.326503 -0.047511
sounding_118_104       60.0838   16.5731   -1.0 412.334013  1.713642
sounding_118_105       60.0936   17.0183   -1.0 412.353718 -1.419336
sounding_118_106       60.1019   17.4638   -1.0 412.387472  1.024768
sounding_118_107       60.1090   17.9094   -1.0 412.409119  0.191687
sounding_118_108       60.1146   18.3552   -1.0 412.426167  0.595040
sounding_119_100       60.2530   14.7633   -1.0 412.505295 -1.407668
sounding_119_101       60.2682   15.2100   -1.0 412.451607 -1.583543
sounding_119_102       60.2821   15.6570   -1.0 412.401476  0.531527
sounding_119_103       60.2946   16.1044   -1.0 412.360498 -1.678853
sounding_119_104       60.3057   16.5521   -1.0 412.342283  0.467483
sounding_119_105       60.3155   17.0001   -1.0 412.336757  0.542698
sounding_119_106       60.3239   17.4482   -1.0 412.349667  1.360026
sounding_119_107       60.3310   17.8966   -1.0 412.362451 -1.617377
sounding_119_108       60.3367   18.3451   -1.0 412.376744 -0.301476
sounding_120_100       60.4745   14.7310   -1.0 412.529166 -0.979655
sounding_120_101       60.4898   15.1805   -1.0 412.450827  0.151441
sounding_120_102       60.5037   15.6303   -1.0 412.412094 -0.323977
sounding_120_103       60.5163   16.0804   -1.0 412.393977  0.713507
sounding_120_104       60.5275   16.5309   -1.0 412.374921 -0.380977
sounding_120_105       60.5373   16.9815   -1.0 412.353355  0.415329
sounding_120_106       60.5458   17.4325   -1.0 412.332941  0.299421
sounding_121_101       60.7112   15.1506   -1.0 412.444104  1.321435
sounding_121_102       60.7252   15.6032   -1.0 412.400142 -0.420458
sounding_121_103       60.7378   16.0561   -1.0 412.389547 -0.952482
sounding_121_104       60.7491   16.5093   -1.0 412.376628  0.215329
sounding_121_105       60.7590   16.9628   -1.0 412.350711 -1.149748
sounding_122_101       60.9324   15.1204   -1.0 412.485271 -1.012749
sounding_122_102       60.9465   15.5758   -1.0 412.402699 -1.944293
sounding_122_103       60.9592   16.0315   -1.0 412.365569 -0.831662
sounding_122_104       60.9705   16.4875   -1.0 412.332559  1.681503
sounding_122_105       60.9805   16.9438   -1.0 412.301902 -2.053926
sounding_123_102       61.1676   15.5480   -1.0 412.437527 -0.343885
sounding_123_103       61.1804   16.0066   -1.0 412.345386  1.048551
sounding_123_104       61.1918   16.4655   -1.0 412.282604 -0.935467
sounding_123_105       61.2018   16.9246   -1.0 412.241938  0.252270
sounding_124_102       61.3886   15.5199   -1.0 412.515852  1.004341
sounding_124_103       61.4015   15.9813   -1.0 412.363924 -0.650311
sounding_124_104       61.4129   16.4431   -1.0 412.262748 -0.247085
sounding_124_105       61.4230   16.9051   -1.0 412.201372 -1.781239
sounding_125_102       61.6094   15.4914   -1.0 412.641974 -0.553176
sounding_125_103       61.6223   15.9558   -1.0 412.435263 -0.895212
sounding_125_104       61.6339   16.4205   -1.0 412.291110  0.182118
sounding_125_105       61.6440   16.8855   -1.0 412.194815  0.955408
sounding_126_103       61.8430   15.9299   -1.0 412.570518  0.297663
sounding_126_104       61.8546   16.3975   -1.0 412.379640 -0.892007
sounding_126_105       61.8648   16.8655   -1.0 412.240184  0.739724
sounding_127_103       62.0636   15.9037   -1.0 412.780738  0.564186
sounding_127_104       62.0752   16.3743   -1.0 412.549443 -0.421471
sounding_127_105       62.0855   16.8453   -1.0 412.352776  0.341776
sounding_127_106       62.0943   17.3165   -1.0 412.208854 -0.576309
sounding_128_103       62.2839   15.8771   -1.0 413.003571  1.918330
sounding_128_104       62.2956   16.3508   -1.0 412.757291  0.769638
sounding_128_105       62.3059   16.8248   -1.0 412.520604  1.084887
sounding_128_106       62.3148   17.2991   -1.0 412.322291 -2.585857
sounding_129_104       62.5158   16.3270   -1.0 412.944563  0.522039
sounding_129_105       62.5262   16.8041   -1.0 412.720131 -0.156188
sounding_129_106       62.5351   17.2815   -1.0 412.503728 -1.138780
sounding_129_107       62.5426   17.7591   -1.0 412.310498 -0.679880
sounding_130_104       62.7359   16.3028   -1.0 413.095360 -0.401413
sounding_130_105       62.7463   16.7831   -1.0 412.901975  0.194786
sounding_130_106       62.7552   17.2636   -1.0 412.703281 -0.543603
sounding_130_107       62.7627   17.7443   -1.0 412.495022 -0.733302
sounding_131_105       62.9661   16.7618   -1.0 413.019558  0.007619
sounding_131_106       62.9752   17.2455   -1.0 412.849425 -0.328669
sounding_131_107       62.9827   17.7294   -1.0 412.669498  0.876089
sounding_131_108       62.9888   18.2135   -1.0 412.475803  0.564822
sounding_131_115       62.9907   21.6044   -1.0 411.874271 -0.069052
sounding_132_105       63.1858   16.7402   -1.0 413.074137  0.038098
sounding_132_106       63.1949   17.2271   -1.0 412.940325 -0.261894
sounding_132_107       63.2025   17.7143   -1.0 412.798177  0.804845
sounding_132_108       63.2086   18.2016   -1.0 412.628371  0.934441
sounding_133_105       63.4053   16.7184   -1.0 413.095737  0.249777
sounding_133_106       63.4144   17.2085   -1.0 412.991331 -0.411843
sounding_133_107       63.4221   17.6989   -1.0 412.881133 -0.333879
sounding_133_108       63.4282   18.1895   -1.0 412.741425  0.107226
sounding_133_109       63.4329   18.6803   -1.0 412.582882 -0.016848
sounding_133_110       63.4362   19.1712   -1.0 412.419191  0.235828
sounding_134_106       63.6337   17.1896   -1.0 413.014063 -0.708798
sounding_134_107       63.6414   17.6834   -1.0 412.922966 -0.139317
sounding_134_108       63.6476   18.1773   -1.0 412.818694 -0.362701
sounding_134_109       63.6524   18.6714   -1.0 412.690184 -0.359462
sounding_134_110       63.6556   19.1656   -1.0 412.531210 -0.424157
sounding_134_111       63.6574   19.6599   -1.0 412.357544  0.552574
sounding_135_106       63.8528   17.1705   -1.0 413.013408  1.230901
sounding_135_107       63.8606   17.6676   -1.0 412.936092 -0.430324
sounding_135_108       63.8668   18.1649   -1.0 412.859832 -1.279004
sounding_135_109       63.8716   18.6623   -1.0 412.753806  0.477512
sounding_135_110       63.8748   19.1599   -1.0 412.614192 -1.396829
sounding_135_111       63.8766   19.6576   -1.0 412.461712 -0.187233
sounding_135_112       63.8769   20.1553   -1.0 412.320754 -0.588797
sounding_135_113       63.8757   20.6530   -1.0 412.202363  2.221740
sounding_136_107       64.0795   17.6516   -1.0 412.944161 -0.385412
sounding_136_108       64.0858   18.1523   -1.0 412.868126 -0.702003
sounding_136_109       64.0906   18.6532   -1.0 412.769052 -0.457801
sounding_136_110       64.0939   19.1542   -1.0 412.650738  0.488571
sounding_136_111       64.0956   19.6552   -1.0 412.532732  0.270777
sounding_136_112       64.0959   20.1563   -1.0 412.428633  0.290065
sounding_136_113       64.0947   20.6574   -1.0 412.297535 -1.356906
sounding_137_107       64.2982   17.6354   -1.0 412.940973  1.587632
sounding_137_108       64.3045   18.1396   -1.0 412.842660 -0.161325
sounding_137_109       64.3093   18.6439   -1.0 412.734686 -0.370497
sounding_137_110       64.3126   19.1484   -1.0 412.629840 -0.327639
sounding_137_111       64.3144   19.6529   -1.0 412.544040 -0.451163
sounding_137_112       64.3147   20.1574   -1.0 412.468642  1.245880
sounding_137_113       64.3135   20.6620   -1.0 412.348795  0.955784
sounding_137_114       64.3108   21.1664   -1.0 412.205437  0.909539
sounding_138_107       64.5167   17.6190   -1.0 412.912072  1.082900
sounding_138_108       64.5230   18.1267   -1.0 412.792873  0.020377
sounding_138_109       64.5279   18.6345   -1.0 412.677680  0.220069
sounding_138_110       64.5312   19.1424   -1.0 412.586162 -0.760298
sounding_138_111       64.5330   19.6504   -1.0 412.512785  0.071243
sounding_138_112       64.5333   20.1585   -1.0 412.436341 -0.052716
sounding_138_113       64.5321   20.6666   -1.0 412.333100 -1.641959
sounding_138_114       64.5293   21.1746   -1.0 412.223477 -0.261630
sounding_139_108       64.7413   18.1136   -1.0 412.734020 -0.020530
sounding_139_109       64.7462   18.6249   -1.0 412.626871  0.999638
sounding_139_110       64.7495   19.1364   -1.0 412.534729  0.986928
sounding_139_111       64.7514   19.6480   -1.0 412.445567 -0.494404
sounding_139_112       64.7516   20.1596   -1.0 412.357167 -0.227645
sounding_139_113       64.7504   20.6712   -1.0 412.274200 -1.062772
sounding_140_108       64.9594   18.1002   -1.0 412.684907  1.329888
sounding_140_109       64.9643   18.6152   -1.0 412.577195  1.682578
sounding_140_110       64.9676   19.1303   -1.0 412.469572 -2.693916
sounding_140_111       64.9695   19.6455   -1.0 412.360881 -0.457247
sounding_140_114       64.9657   21.1911   -1.0 412.134404  1.462951
sounding_141_108       65.1772   18.0868   -1.0 412.639631  0.435306
sounding_141_109       65.1821   18.6054   -1.0 412.537269 -0.493453
sounding_141_110       65.1855   19.1242   -1.0 412.409857 -0.130774
sounding_141_111       65.1873   19.6430   -1.0 412.279288 -0.404932
sounding_141_112       65.1876   20.1619   -1.0 412.180468  0.492745
sounding_141_113       65.1864   20.6808   -1.0 412.103564 -0.418449
sounding_141_114       65.1836   21.1995   -1.0 412.047486 -1.289834
sounding_142_109       65.3997   18.5954   -1.0 412.499889  1.122279
sounding_142_110       65.4031   19.1179   -1.0 412.358587  0.444529
sounding_142_111       65.4050   19.6405   -1.0 412.214063  0.540354
sounding_142_112       65.4052   20.1631   -1.0 412.108525 -0.972092
sounding_142_113       65.4040   20.6856   -1.0 412.022460 -0.054994
sounding_142_114       65.4012   21.2081   -1.0 411.958892  0.164154
sounding_143_109       65.6171   18.5853   -1.0 412.437596 -0.131708
sounding_143_110       65.6205   19.1115   -1.0 412.292589 -0.496122
sounding_143_111       65.6223   19.6379   -1.0 412.152123  0.104447
sounding_143_112       65.6226   20.1642   -1.0 412.052084  1.246226
sounding_143_113       65.6214   20.6906   -1.0 411.970134  0.000743
sounding_143_114       65.6185   21.2168   -1.0 411.904853 -0.218133
sounding_143_115       65.6141   21.7430   -1.0 411.857417 -0.639829
sounding_144_110       65.8376   19.1051   -1.0 412.192349  1.294285
sounding_144_111       65.8395   19.6352   -1.0 412.074529 -0.211103
sounding_144_112       65.8397   20.1654   -1.0 411.995726  1.085739
sounding_144_113       65.8385   20.6956   -1.0 411.934502  0.374327
sounding_144_114       65.8356   21.2257   -1.0 411.876536  0.790920
sounding_144_115       65.8312   21.7556   -1.0 411.815087  0.297023
sounding_144_116       65.8252   22.2854   -1.0 411.759251 -0.813075
sounding_144_117       65.8176   22.8149   -1.0 411.702489 -0.077289
sounding_144_120       65.7855   24.4015   -1.0 411.578457  0.081888
sounding_145_110       66.0544   19.0986   -1.0 412.066665 -2.106744
sounding_145_114       66.0525   21.2346   -1.0 411.847847 -0.399036
sounding_145_115       66.0480   21.7684   -1.0 411.798638  0.804988
sounding_145_116       66.0420   22.3021   -1.0 411.740599 -0.212345
sounding_145_117       66.0344   22.8355   -1.0 411.679154 -0.827895
sounding_145_118       66.0252   23.3685   -1.0 411.626600 -0.124773
sounding_145_119       66.0144   23.9013   -1.0 411.587467 -1.283139
sounding_145_120       66.0020   24.4336   -1.0 411.560761 -1.226660
sounding_146_115       66.2646   21.7814   -1.0 411.794921 -1.131515
sounding_146_116       66.2585   22.3190   -1.0 411.735278 -0.503002
sounding_146_117       66.2508   22.8563   -1.0 411.671167 -1.221729
sounding_146_118       66.2416   23.3933   -1.0 411.617695 -0.759791
sounding_146_119       66.2307   23.9299   -1.0 411.583456  0.277361
sounding_146_120       66.2183   24.4661   -1.0 411.565671  0.460562
sounding_147_115       66.4808   21.7947   -1.0 411.785771 -1.776804
sounding_147_116       66.4747   22.3362   -1.0 411.717222 -0.163375
sounding_147_117       66.4670   22.8774   -1.0 411.654928  0.539866
sounding_147_118       66.4577   23.4184   -1.0 411.612248 -0.432560
sounding_147_119       66.4468   23.9590   -1.0 411.587896 -0.410067
sounding_147_120       66.4343   24.4992   -1.0 411.577806 -1.510083
sounding_147_121       66.4202   25.0388   -1.0 411.578474 -0.309506
sounding_148_115       66.6968   21.8080   -1.0 411.768167 -0.289593
sounding_148_116       66.6907   22.3536   -1.0 411.706452 -1.074284
sounding_148_117       66.6830   22.8989   -1.0 411.646606 -0.865498
sounding_148_118       66.6736   23.4439   -1.0 411.610891  0.057378
sounding_148_119       66.6626   23.9885   -1.0 411.595294 -0.153631
sounding_148_120       66.6500   24.5327   -1.0 411.587852  0.858430
sounding_148_121       66.6359   25.0763   -1.0 411.580477  0.795805
sounding_149_116       66.9064   22.3713   -1.0 411.697977  1.301255
sounding_149_117       66.8986   22.9207   -1.0 411.658780  1.664373
sounding_149_118       66.8892   23.4698   -1.0 411.623015  2.416970
sounding_149_119       66.8781   24.0185   -1.0 411.595521  0.859652
sounding_149_120       66.8655   24.5667   -1.0 411.574653 -0.653328
sounding_149_121       66.8512   25.1144   -1.0 411.556105 -0.115063
sounding_149_122       66.8353   25.6615   -1.0 411.532412 -0.024445
sounding_150_116       67.1218   22.3893   -1.0 411.677389 -0.329044
sounding_150_117       67.1140   22.9428   -1.0 411.654937  0.342854
sounding_150_118       67.1045   23.4960   -1.0 411.618923  0.002273
sounding_150_119       67.0934   24.0489   -1.0 411.580828 -1.249802
sounding_150_120       67.0806   24.6012   -1.0 411.548051  0.781426
sounding_150_121       67.0663   25.1531   -1.0 411.515456  0.000713
sounding_150_122       67.0503   25.7043   -1.0 411.491517 -0.617966
sounding_151_117       67.3290   22.9653   -1.0 411.616008  1.091462
sounding_151_118       67.3195   23.5227   -1.0 411.583581 -0.954268
sounding_151_119       67.3083   24.0797   -1.0 411.544241  0.719903
sounding_151_120       67.2955   24.6363   -1.0 411.509841 -2.389675
sounding_151_121       67.2810   25.1923   -1.0 411.476236 -0.711217
sounding_151_122       67.2649   25.7477   -1.0 411.451412 -1.164628
sounding_152_117       67.5438   22.9881   -1.0 411.552418 -0.277608
sounding_152_118       67.5342   23.5498   -1.0 411.530578 -1.990567
sounding_152_119       67.5229   24.1111   -1.0 411.505267 -1.406772
sounding_152_120       67.5101   24.6719   -1.0 411.480529  0.502812
sounding_152_121       67.4955   25.2321   -1.0 411.456549  0.663526
sounding_152_122       67.4793   25.7918   -1.0 411.435463 -0.553916
sounding_152_123       67.4615   26.3507   -1.0 411.412991  1.175879
sounding_153_117       67.7583   23.0112   -1.0 411.496412 -0.509953
sounding_153_118       67.7486   23.5773   -1.0 411.492675 -0.493979
sounding_153_119       67.7373   24.1429   -1.0 411.490297  0.029608
sounding_153_120       67.7243   24.7080   -1.0 411.473766 -0.398132
sounding_153_121       67.7097   25.2725   -1.0 411.457185 -2.924520
sounding_153_122       67.6934   25.8365   -1.0 411.445607 -0.401168
sounding_153_123       67.6754   26.3997   -1.0 411.420570 -0.092580
sounding_154_118       67.9627   23.6052   -1.0 411.465306 -0.410623
sounding_154_119       67.9513   24.1752   -1.0 411.476591 -0.085021
sounding_154_120       67.9383   24.7447   -1.0 411.470196  1.164469
sounding_154_121       67.9235   25.3137   -1.0 411.455388  0.712873
sounding_155_119       68.1651   24.2080   -1.0 411.459909  0.349396
sounding_155_120       68.1519   24.7820   -1.0 411.460298  1.127019
sounding_155_121       68.1371   25.3554   -1.0 411.444882 -0.047001
sounding_156_120       68.3653   24.8199   -1.0 411.444067  1.844746
sounding_156_121       68.3503   25.3978   -1.0 411.438502 -0.494079
sounding_156_122       68.3337   25.9749   -1.0 411.412555 -1.797001
sounding_157_121       68.5632   25.4408   -1.0 411.438450  0.037405
sounding_158_121       68.7758   25.4846   -1.0 411.432347 -0.567848
sounding_158_125       68.6984   27.8252   -1.0 411.284899 -0.551146
sounding_159_120       69.0033   24.9372   -1.0 411.405621 -0.242689
sounding_159_125       68.9101   27.8884   -1.0 411.265002 -0.268301
sounding_160_125       69.1215   27.9526   -1.0 411.257783  0.043122
sounding_160_126       69.0976   28.5447   -1.0 411.279989 -1.295477
