sounding_012_141       36.1416   27.9091   -1.0 414.953355 -0.473324
sounding_013_147       36.2022   29.5463   -1.0 414.668070  0.694468
sounding_014_146       36.4460   29.3131   -1.0 414.473916 -1.036532
sounding_014_147       36.4179   29.5815   -1.0 414.306879  2.362980
sounding_014_148       36.3891   29.8496   -1.0 414.153664  1.061103
sounding_014_149       36.3595   30.1175   -1.0 414.072333  0.345857
sounding_014_150       36.3290   30.3850   -1.0 413.964163 -1.184865
sounding_015_142       36.7668   28.2678   -1.0 414.120057 -0.870809
sounding_015_144       36.7161   28.8082   -1.0 414.116077 -0.079817
sounding_015_145       36.6895   29.0781   -1.0 414.209665 -0.517988
sounding_015_146       36.6621   29.3477   -1.0 414.089181  0.139177
sounding_015_149       36.5751   30.1549   -1.0 413.537040  1.265139
sounding_015_150       36.5446   30.4234   -1.0 413.659800 -0.419079
sounding_016_142       36.9836   28.2986   -1.0 413.946498 -1.057172
sounding_016_143       36.9585   28.5699   -1.0 413.724920  1.939966
sounding_016_144       36.9325   28.8410   -1.0 413.697041 -1.110263
sounding_016_145       36.9058   29.1119   -1.0 413.671569 -0.831518
sounding_016_146       36.8783   29.3824   -1.0 413.483387  1.815466
sounding_016_148       36.8209   29.9228   -1.0 412.965940  0.032800
sounding_016_149       36.7910   30.1926   -1.0 413.049237 -0.143444
sounding_016_150       36.7603   30.4621   -1.0 413.340651  0.483837
sounding_017_141       37.2249   28.0571   -1.0 414.194762 -0.405673
sounding_017_142       37.2005   28.3297   -1.0 413.892186  0.213566
sounding_017_143       37.1753   28.6020   -1.0 413.557888 -0.627166
sounding_017_144       37.1492   28.8741   -1.0 413.299569 -0.162663
sounding_017_145       37.1224   29.1459   -1.0 413.129959  1.872132
sounding_017_146       37.0947   29.4174   -1.0 412.963211  1.253927
sounding_017_147       37.0663   29.6887   -1.0 412.825982  0.126087
sounding_017_148       37.0370   29.9598   -1.0 412.812969 -1.358391
sounding_017_149       37.0070   30.2306   -1.0 412.904332  1.476069
sounding_017_150       36.9762   30.5010   -1.0 413.128305  0.546919
sounding_017_151       36.9445   30.7712   -1.0 413.443727 -0.926522
sounding_018_142       37.4176   28.3610   -1.0 413.888174 -0.397548
sounding_018_143       37.3922   28.6343   -1.0 413.545549  2.054063
sounding_018_144       37.3661   28.9074   -1.0 413.186820 -0.916860
sounding_018_145       37.3391   29.1802   -1.0 412.937650 -1.029785
sounding_018_146       37.3113   29.4528   -1.0 412.829144 -0.247037
sounding_018_147       37.2828   29.7250   -1.0 412.790403 -0.077596
sounding_018_148       37.2534   29.9971   -1.0 412.821207 -1.366481
sounding_018_149       37.2232   30.2688   -1.0 412.853349  0.728046
sounding_018_150       37.1922   30.5403   -1.0 412.893894 -0.128681
sounding_018_151       37.1604   30.8115   -1.0 413.029222 -0.268768
sounding_019_142       37.6348   28.3925   -1.0 413.850036  0.426964
sounding_019_143       37.6094   28.6668   -1.0 413.552129  0.230146
sounding_019_144       37.5831   28.9409   -1.0 413.210791  0.513926
sounding_019_145       37.5560   29.2147   -1.0 412.945039 -0.750235
sounding_019_146       37.5281   29.4883   -1.0 412.816347 -0.913974
sounding_019_147       37.4994   29.7616   -1.0 412.773849 -0.617755
sounding_019_148       37.4699   30.0346   -1.0 412.748246 -0.616061
sounding_019_149       37.4396   30.3074   -1.0 412.697204  1.294233
sounding_019_150       37.4084   30.5798   -1.0 412.571911 -1.283706
sounding_019_151       37.3765   30.8520   -1.0 412.485179 -0.725559
sounding_020_142       37.8522   28.4243   -1.0 413.716519 -0.801641
sounding_020_143       37.8267   28.6996   -1.0 413.474532 -1.122715
sounding_020_144       37.8003   28.9747   -1.0 413.198199 -0.340232
sounding_020_145       37.7731   29.2495   -1.0 412.943409  0.313429
sounding_020_146       37.7450   29.5241   -1.0 412.774663  0.006178
sounding_020_147       37.7162   29.7984   -1.0 412.710756 -0.974778
sounding_020_148       37.6865   30.0724   -1.0 412.631581  0.585059
sounding_020_149       37.6561   30.3462   -1.0 412.497423  1.159985
sounding_020_150       37.6248   30.6197   -1.0 412.305001 -0.935572
sounding_020_151       37.5928   30.8928   -1.0 412.141546  1.087498
sounding_021_142       38.0698   28.4563   -1.0 413.518862  0.307403
sounding_021_143       38.0441   28.7326   -1.0 413.335565  0.132715
sounding_021_144       38.0176   29.0088   -1.0 413.131325 -0.057523
sounding_021_145       37.9903   29.2846   -1.0 412.908967 -0.295959
sounding_021_146       37.9621   29.5602   -1.0 412.727778 -1.625624
sounding_021_147       37.9331   29.8355   -1.0 412.620826 -1.038389
sounding_021_148       37.9034   30.1106   -1.0 412.492972 -0.257149
sounding_021_149       37.8728   30.3853   -1.0 412.373721 -0.170661
sounding_021_150       37.8414   30.6598   -1.0 412.259535  1.687728
sounding_021_151       37.8092   30.9340   -1.0 412.153022 -0.631239
sounding_022_142       38.2876   28.4885   -1.0 413.367478 -1.643329
sounding_022_143       38.2618   28.7659   -1.0 413.201244 -0.996083
sounding_022_144       38.2351   29.0431   -1.0 413.047599  0.724400
sounding_022_145       38.2077   29.3199   -1.0 412.897075  0.437926
sounding_022_146       38.1794   29.5966   -1.0 412.728507 -1.438858
sounding_022_147       38.1503   29.8729   -1.0 412.555043 -1.882018
sounding_022_148       38.1204   30.1490   -1.0 412.423585  0.008781
sounding_022_149       38.0896   30.4247   -1.0 412.316726 -1.679825
sounding_022_150       38.0581   30.7002   -1.0 412.269276  0.697265
sounding_022_151       38.0257   30.9754   -1.0 412.252746  0.820310
sounding_023_142       38.5055   28.5210   -1.0 413.294774 -1.669705
sounding_023_143       38.4796   28.7994   -1.0 413.113356 -0.655201
sounding_023_144       38.4528   29.0776   -1.0 412.987056 -0.981848
sounding_023_145       38.4252   29.3556   -1.0 412.892783 -0.336939
sounding_023_146       38.3968   29.6332   -1.0 412.751004  1.063011
sounding_023_147       38.3676   29.9106   -1.0 412.586901 -0.274086
sounding_023_148       38.3375   30.1877   -1.0 412.471721  0.638812
sounding_023_149       38.3066   30.4645   -1.0 412.390352 -1.415110
sounding_023_150       38.2749   30.7410   -1.0 412.347050  0.594484
sounding_023_151       38.2424   31.0172   -1.0 412.349881 -0.947766
sounding_024_142       38.7236   28.5537   -1.0 413.291990  2.079466
sounding_024_143       38.6975   28.8332   -1.0 413.121663 -2.112011
sounding_024_144       38.6706   29.1125   -1.0 413.002067 -1.135104
sounding_024_145       38.6429   29.3914   -1.0 412.908488 -1.028445
sounding_024_146       38.6144   29.6701   -1.0 412.801737 -0.028026
sounding_024_147       38.5850   29.9486   -1.0 412.697907  0.064116
sounding_024_148       38.5548   30.2267   -1.0 412.582523  0.547048
sounding_024_149       38.5238   30.5045   -1.0 412.533864 -0.909960
sounding_024_150       38.4920   30.7820   -1.0 412.475586  0.025626
sounding_024_151       38.4593   31.0592   -1.0 412.453981 -1.334204
sounding_025_142       38.9418   28.5867   -1.0 413.371669 -0.292652
sounding_025_143       38.9156   28.8673   -1.0 413.230693 -0.019318
sounding_025_144       38.8886   29.1476   -1.0 413.110206 -0.955125
sounding_025_145       38.8608   29.4276   -1.0 413.009922  0.691931
sounding_025_146       38.8321   29.7073   -1.0 412.915781  0.047692
sounding_025_147       38.8026   29.9868   -1.0 412.835766  0.829758
sounding_025_148       38.7723   30.2660   -1.0 412.774743  0.542914
sounding_025_149       38.7411   30.5448   -1.0 412.694305  0.120776
sounding_025_150       38.7091   30.8234   -1.0 412.641700 -0.089006
sounding_025_151       38.6763   31.1016   -1.0 412.600619 -0.771906
sounding_025_152       38.6427   31.3795   -1.0 412.592505 -0.989769
sounding_026_142       39.1602   28.6200   -1.0 413.468937  0.394246
sounding_026_143       39.1339   28.9016   -1.0 413.381792  0.376189
sounding_026_144       39.1068   29.1830   -1.0 413.276679 -1.090576
sounding_026_145       39.0788   29.4640   -1.0 413.149309 -0.118151
sounding_026_146       39.0500   29.7448   -1.0 413.019692 -0.624180
sounding_026_147       39.0203   30.0253   -1.0 412.922357  0.690231
sounding_026_148       38.9899   30.3055   -1.0 412.863152  0.045798
sounding_026_149       38.9586   30.5855   -1.0 412.812626 -1.446619
sounding_026_150       38.9264   30.8651   -1.0 412.781017  0.102001
sounding_026_151       38.8935   31.1443   -1.0 412.789788 -0.459267
sounding_026_152       38.8597   31.4233   -1.0 412.777658 -0.859218
sounding_027_143       39.3523   28.9362   -1.0 413.442644 -0.603702
sounding_027_144       39.3251   29.2186   -1.0 413.371172  0.660675
sounding_027_145       39.2970   29.5007   -1.0 413.257031  1.444983
sounding_027_146       39.2680   29.7826   -1.0 413.093500  0.672859
sounding_027_147       39.2382   30.0642   -1.0 412.954001  0.042165
sounding_027_148       39.2076   30.3454   -1.0 412.888936  0.784141
sounding_027_149       39.1762   30.6264   -1.0 412.910382 -0.008613
sounding_027_150       39.1439   30.9070   -1.0 412.974996 -1.314589
sounding_027_151       39.1108   31.1874   -1.0 413.037161 -0.493806
sounding_027_152       39.0769   31.4673   -1.0 413.024643 -0.226858
sounding_028_143       39.5709   28.9710   -1.0 413.427217 -0.948217
sounding_028_144       39.5435   29.2545   -1.0 413.379083  0.506371
sounding_028_145       39.5153   29.5377   -1.0 413.338867  0.134473
sounding_028_146       39.4862   29.8207   -1.0 413.230955  0.815392
sounding_028_147       39.4563   30.1033   -1.0 413.082537 -1.246059
sounding_028_148       39.4255   30.3856   -1.0 412.991763 -1.737088
sounding_028_149       39.3939   30.6677   -1.0 413.019706 -1.349949
sounding_028_150       39.3615   30.9494   -1.0 413.117418  0.588924
sounding_028_151       39.3282   31.2307   -1.0 413.193511 -0.036126
sounding_028_152       39.2941   31.5118   -1.0 413.199963  1.100696
sounding_029_143       39.7896   29.0061   -1.0 413.432451 -0.964814
sounding_029_144       39.7621   29.2907   -1.0 413.395911  0.245992
sounding_029_145       39.7337   29.5750   -1.0 413.410478 -1.437169
sounding_029_146       39.7045   29.8590   -1.0 413.395724  1.318256
sounding_029_147       39.6745   30.1428   -1.0 413.279179  0.152177
sounding_029_148       39.6436   30.4261   -1.0 413.148443  0.412878
sounding_029_149       39.6118   30.7092   -1.0 413.105778  0.960142
sounding_029_150       39.5793   30.9920   -1.0 413.133180  0.568576
sounding_029_151       39.5458   31.2744   -1.0 413.192874  0.356959
sounding_029_152       39.5116   31.5566   -1.0 413.231015  0.287782
sounding_030_143       40.0085   29.0415   -1.0 413.455453  1.344401
sounding_030_144       39.9808   29.3272   -1.0 413.444891  0.858009
sounding_030_145       39.9523   29.6126   -1.0 413.462151 -0.878664
sounding_030_146       39.9230   29.8977   -1.0 413.481010 -0.584598
sounding_030_147       39.8928   30.1825   -1.0 413.429817 -0.734130
sounding_030_148       39.8617   30.4670   -1.0 413.296315  0.163482
sounding_030_149       39.8299   30.7512   -1.0 413.164172 -0.906720
sounding_030_150       39.7971   31.0350   -1.0 413.117818 -1.447318
sounding_030_151       39.7636   31.3185   -1.0 413.145582 -0.792026
sounding_030_152       39.7291   31.6016   -1.0 413.204916 -1.178244
sounding_031_143       40.2274   29.0772   -1.0 413.495454  1.745212
sounding_031_144       40.1997   29.3640   -1.0 413.503846 -0.116384
sounding_031_145       40.1710   29.6505   -1.0 413.488422 -0.814746
sounding_031_146       40.1416   29.9367   -1.0 413.462094  0.054273
sounding_031_147       40.1112   30.2226   -1.0 413.451171 -0.502824
sounding_031_148       40.0801   30.5081   -1.0 413.394630 -1.321040
sounding_031_149       40.0480   30.7934   -1.0 413.278465  0.437108
sounding_031_150       40.0151   31.0783   -1.0 413.156387  1.886370
sounding_031_151       39.9814   31.3629   -1.0 413.115329  0.627773
sounding_031_152       39.9468   31.6471   -1.0 413.165860  0.830099
sounding_032_143       40.4466   29.1131   -1.0 413.533405 -0.202686
sounding_032_144       40.4187   29.4010   -1.0 413.527726 -0.672897
sounding_032_145       40.3899   29.6886   -1.0 413.525752 -0.919392
sounding_032_146       40.3603   29.9760   -1.0 413.481647  0.627077
sounding_032_147       40.3298   30.2629   -1.0 413.461413  0.327486
sounding_032_148       40.2985   30.5496   -1.0 413.478355  1.313729
sounding_032_149       40.2663   30.8359   -1.0 413.404281  0.496697
sounding_032_150       40.2333   31.1219   -1.0 413.236153  0.663980
sounding_032_151       40.1994   31.4076   -1.0 413.099886 -0.144517
sounding_032_152       40.1647   31.6929   -1.0 413.112448 -1.060535
sounding_033_144       40.6378   29.4384   -1.0 413.513927  1.182878
sounding_033_145       40.6089   29.7271   -1.0 413.586009 -2.040142
sounding_033_146       40.5792   30.0155   -1.0 413.650091  0.599544
sounding_033_147       40.5486   30.3036   -1.0 413.699231  0.839464
sounding_033_148       40.5171   30.5914   -1.0 413.695880 -0.969681
sounding_033_149       40.4848   30.8788   -1.0 413.554666 -0.927720
sounding_033_150       40.4516   31.1659   -1.0 413.318018 -1.906812
sounding_033_151       40.4175   31.4527   -1.0 413.096297  1.807015
sounding_033_152       40.3827   31.7391   -1.0 413.016341 -0.507160
sounding_034_144       40.8571   29.4760   -1.0 413.512267 -0.747844
sounding_034_145       40.8281   29.7659   -1.0 413.592792 -0.343519
sounding_034_146       40.7982   30.0554   -1.0 413.828505  0.483598
sounding_034_147       40.7674   30.3446   -1.0 414.026041  0.709583
sounding_034_148       40.7358   30.6335   -1.0 414.034378 -0.889858
sounding_034_149       40.7033   30.9221   -1.0 413.835091  0.009551
sounding_034_150       40.6700   31.2103   -1.0 413.497793 -0.413747
sounding_034_151       40.6358   31.4982   -1.0 413.169314 -1.866881
sounding_034_152       40.6007   31.7856   -1.0 412.968345 -1.315993
sounding_035_143       41.1048   29.2227   -1.0 413.538886  0.175040
sounding_035_144       41.0765   29.5140   -1.0 413.539515 -0.251793
sounding_035_145       41.0473   29.8050   -1.0 413.584796  1.671701
sounding_035_146       41.0173   30.0956   -1.0 413.730044 -0.620111
sounding_035_147       40.9864   30.3860   -1.0 413.958095 -0.584211
sounding_035_148       40.9546   30.6760   -1.0 414.173328 -0.866231
sounding_035_149       40.9220   30.9657   -1.0 414.202549 -0.353584
sounding_035_150       40.8885   31.2550   -1.0 413.924307 -0.959317
sounding_035_151       40.8542   31.5439   -1.0 413.477424  1.399676
sounding_035_152       40.8190   31.8326   -1.0 413.078810  0.333608
sounding_036_150       41.1072   31.3000   -1.0 414.338963  0.119254
sounding_036_151       41.0727   31.5901   -1.0 413.932881 -1.552560
sounding_036_152       41.0373   31.8799   -1.0 413.371330  1.197267
sounding_036_153       41.0011   32.1692   -1.0 412.987396  0.457280
sounding_037_151       41.2913   31.6367   -1.0 414.247077 -0.314816
sounding_037_152       41.2557   31.9275   -1.0 413.730999  1.484553
sounding_037_153       41.2193   32.2180   -1.0 413.237328 -0.281927
sounding_038_152       41.4743   31.9755   -1.0 414.101629 -0.700229
sounding_038_153       41.4378   32.2671   -1.0 413.597630  0.551601
sounding_039_153       41.6562   32.3167   -1.0 413.965542  0.826473
sounding_056_152       45.4246   32.9108   -1.0 413.525893 -0.698927
sounding_056_153       45.3849   33.2242   -1.0 413.373900 -0.093051
sounding_056_154       45.3442   33.5371   -1.0 413.306548 -1.243439
sounding_057_152       45.6448   32.9670   -1.0 413.684374 -1.675810
sounding_057_153       45.6049   33.2817   -1.0 413.534027  0.170672
sounding_058_154       45.7838   33.6552   -1.0 413.333307 -2.395029
sounding_059_150       46.1630   32.4447   -1.0 414.006930  0.803148
sounding_059_154       46.0037   33.7151   -1.0 412.979350  1.549409
sounding_060_149       46.4213   32.1795   -1.0 414.126096 -1.481841
sounding_060_150       46.3837   32.4997   -1.0 413.990163  1.190472
sounding_061_146       46.7498   31.2661   -1.0 413.752295 -0.072734
sounding_061_147       46.7150   31.5891   -1.0 413.873871  0.850662
sounding_061_148       46.6791   31.9116   -1.0 414.040630 -0.374020
sounding_061_150       46.6044   32.5551   -1.0 413.994663 -1.396331
sounding_061_155       46.4010   34.1553   -1.0 412.021316 -0.851268
sounding_065_146       47.6359   31.4705   -1.0 413.404319 -0.530066
sounding_065_147       47.6003   31.7992   -1.0 413.415995 -0.618757
sounding_065_148       47.5638   32.1273   -1.0 413.403655  0.685893
sounding_066_146       47.8575   31.5228   -1.0 413.359869  0.531707
sounding_066_147       47.8218   31.8528   -1.0 413.356336  0.494648
sounding_066_148       47.7850   32.1824   -1.0 413.340982 -0.436496
sounding_066_149       47.7473   32.5115   -1.0 413.295854  0.432332
sounding_067_146       48.0791   31.5755   -1.0 413.343502 -0.014560
sounding_067_147       48.0432   31.9070   -1.0 413.323629  2.328642
sounding_067_148       48.0063   32.2381   -1.0 413.291713 -0.583935
sounding_067_149       47.9684   32.5686   -1.0 413.240972 -0.523238
sounding_067_150       47.9295   32.8986   -1.0 413.166071 -0.420068
sounding_068_146       48.3008   31.6288   -1.0 413.172329 -0.299675
sounding_068_147       48.2647   31.9617   -1.0 413.130128  1.588539
sounding_068_148       48.2276   32.2942   -1.0 413.061503 -1.048653
sounding_068_149       48.1896   32.6262   -1.0 412.991403 -2.211392
sounding_068_150       48.1505   32.9576   -1.0 412.888565  0.721155
sounding_068_151       48.1104   33.2885   -1.0 412.737464  2.015577
sounding_069_147       48.4862   32.0169   -1.0 412.758931  0.336574
sounding_069_148       48.4490   32.3509   -1.0 412.666593 -1.015320
sounding_069_149       48.4107   32.6843   -1.0 412.562786  0.294094
sounding_069_150       48.3715   33.0172   -1.0 412.432976 -0.717652
sounding_069_151       48.3312   33.3496   -1.0 412.275173 -1.050551
sounding_069_152       48.2899   33.6814   -1.0 412.086222  0.848238
sounding_069_153       48.2477   34.0126   -1.0 411.892506  0.265211
sounding_069_154       48.2044   34.3432   -1.0 411.723055 -0.562273
sounding_069_155       48.1601   34.6733   -1.0 411.615439 -1.326705
sounding_070_147       48.7077   32.0726   -1.0 412.311664 -0.667729
sounding_070_148       48.6703   32.4080   -1.0 412.192772  1.211410
sounding_070_149       48.6319   32.7430   -1.0 412.055970  0.348795
sounding_070_150       48.5924   33.0773   -1.0 411.932458  0.337636
sounding_070_151       48.5520   33.4112   -1.0 411.831263 -1.208255
sounding_070_152       48.5105   33.7444   -1.0 411.707907  0.737824
sounding_070_153       48.4680   34.0771   -1.0 411.551254 -0.064212
sounding_070_154       48.4246   34.4092   -1.0 411.395654 -0.305928
sounding_070_155       48.3801   34.7407   -1.0 411.289302  1.316982
sounding_070_156       48.3346   35.0716   -1.0 411.186169 -0.280439
sounding_071_147       48.9293   32.1288   -1.0 411.943290 -0.258357
sounding_071_148       48.8917   32.4657   -1.0 411.777031  1.230598
sounding_071_149       48.8530   32.8021   -1.0 411.618987 -0.322358
sounding_071_150       48.8134   33.1380   -1.0 411.522555 -0.486416
sounding_071_151       48.7728   33.4733   -1.0 411.473826 -0.320995
sounding_071_152       48.7311   33.8080   -1.0 411.421693  0.385954
sounding_071_153       48.6884   34.1422   -1.0 411.367307  0.701580
sounding_071_154       48.6448   34.4757   -1.0 411.304700 -0.327261
sounding_071_155       48.6001   34.8087   -1.0 411.228134  0.176994
sounding_071_156       48.5544   35.1410   -1.0 411.152450 -0.359410
sounding_072_147       49.1508   32.1855   -1.0 411.738883 -0.171362
sounding_072_148       49.1130   32.5240   -1.0 411.546826  0.824191
sounding_072_149       49.0742   32.8619   -1.0 411.387578  2.046996
sounding_072_150       49.0344   33.1992   -1.0 411.313490  0.045810
sounding_072_151       48.9935   33.5361   -1.0 411.292176 -2.376281
sounding_072_152       48.9517   33.8723   -1.0 411.279604 -1.799602
sounding_072_153       48.9088   34.2079   -1.0 411.277341  0.300870
sounding_072_154       48.8649   34.5429   -1.0 411.269561 -0.051159
sounding_072_155       48.8201   34.8773   -1.0 411.241344  0.643219
sounding_073_150       49.2554   33.2611   -1.0 411.314989  0.267345
sounding_073_151       49.2144   33.5994   -1.0 411.286417 -2.024446
sounding_074_147       49.5939   32.3005   -1.0 411.749128  0.799044
sounding_074_148       49.5558   32.6421   -1.0 411.592128  0.097448
sounding_074_149       49.5166   32.9831   -1.0 411.494190 -2.453882
sounding_074_150       49.4764   33.3235   -1.0 411.448113  1.752541
sounding_075_147       49.8155   32.3589   -1.0 411.854099 -0.298049
sounding_075_148       49.7771   32.7020   -1.0 411.706154  0.304399
sounding_075_149       49.7378   33.0445   -1.0 411.623656  0.977449
sounding_075_150       49.6974   33.3864   -1.0 411.586524 -0.140034
sounding_076_148       49.9985   32.7624   -1.0 411.805788  1.392687
sounding_076_149       49.9590   33.1065   -1.0 411.725448  0.888378
sounding_077_147       50.2586   32.4772   -1.0 412.049067  1.126526
sounding_077_148       50.2199   32.8234   -1.0 411.901593  0.997613
sounding_077_149       50.1801   33.1691   -1.0 411.830558 -0.199702
sounding_078_147       50.4801   32.5372   -1.0 412.160195 -0.248958
sounding_078_148       50.4412   32.8850   -1.0 412.031873 -0.800033
sounding_078_155       50.1397   35.3026   -1.0 411.877552  0.790234
sounding_078_156       50.0925   35.6453   -1.0 411.834939 -0.168038
sounding_079_147       50.7016   32.5978   -1.0 412.287605  0.123520
sounding_079_148       50.6625   32.9472   -1.0 412.185652 -1.281779
sounding_079_151       50.5390   33.9919   -1.0 412.104726  1.099451
sounding_079_152       50.4957   34.3389   -1.0 412.115422  0.214034
sounding_079_154       50.4060   35.0309   -1.0 412.079007  0.671156
sounding_079_155       50.3596   35.3758   -1.0 412.030610 -1.549638
sounding_079_156       50.3121   35.7201   -1.0 411.986487 -2.967507
sounding_080_147       50.9231   32.6589   -1.0 412.385240  1.152354
sounding_080_148       50.8839   33.0100   -1.0 412.322030  1.052186
sounding_080_149       50.8435   33.3605   -1.0 412.273397 -0.054262
sounding_080_150       50.8021   33.7103   -1.0 412.262398 -0.139381
sounding_080_151       50.7597   34.0595   -1.0 412.271985 -1.012988
sounding_080_152       50.7162   34.4081   -1.0 412.272721 -0.380102
sounding_080_153       50.6716   34.7560   -1.0 412.257276  0.539644
sounding_080_154       50.6260   35.1032   -1.0 412.223926 -0.356693
sounding_080_155       50.5794   35.4497   -1.0 412.174636 -0.432949
sounding_080_156       50.5317   35.7956   -1.0 412.131560  0.994098
sounding_081_147       51.1446   32.7207   -1.0 412.448713  1.495816
sounding_081_148       51.1051   33.0734   -1.0 412.417890  0.639194
sounding_081_149       51.0646   33.4255   -1.0 412.400391 -2.108626
sounding_081_150       51.0230   33.7769   -1.0 412.393590 -0.245573
sounding_081_151       50.9804   34.1278   -1.0 412.385438 -1.102169
sounding_081_152       50.9367   34.4779   -1.0 412.378340  0.867656
sounding_081_153       50.8919   34.8274   -1.0 412.356182  1.927691
sounding_081_154       50.8461   35.1762   -1.0 412.315584  0.955907
sounding_081_155       50.7992   35.5243   -1.0 412.269523 -1.739376
sounding_081_156       50.7513   35.8718   -1.0 412.228865 -0.219887
sounding_082_148       51.3264   33.1374   -1.0 412.506367  1.267086
sounding_082_149       51.2857   33.4911   -1.0 412.492745  0.462613
sounding_082_150       51.2439   33.8442   -1.0 412.475364  1.962733
sounding_082_151       51.2010   34.1967   -1.0 412.446515 -0.434951
sounding_082_152       51.1571   34.5485   -1.0 412.419799 -0.406559
sounding_082_153       51.1121   34.8996   -1.0 412.375286 -0.284971
sounding_082_154       51.0661   35.2500   -1.0 412.329200 -1.196778
sounding_082_155       51.0190   35.5997   -1.0 412.281550  0.645978
sounding_082_156       50.9709   35.9487   -1.0 412.243977 -0.010478
sounding_083_148       51.5476   33.2020   -1.0 412.571677 -0.322967
sounding_083_149       51.5067   33.5574   -1.0 412.551601 -0.132849
sounding_083_150       51.4647   33.9122   -1.0 412.519939  0.274551
sounding_083_151       51.4216   34.2663   -1.0 412.465977  1.040373
sounding_083_152       51.3775   34.6197   -1.0 412.402963  0.609614
sounding_083_153       51.3323   34.9724   -1.0 412.339731  1.983483
sounding_083_154       51.2861   35.3244   -1.0 412.289324  1.320609
sounding_083_155       51.2387   35.6758   -1.0 412.242996 -1.307095
sounding_083_156       51.1904   36.0263   -1.0 412.206168  0.231556
sounding_083_157       51.1409   36.3761   -1.0 412.173006 -1.057135
sounding_084_148       51.7688   33.2673   -1.0 412.602662 -1.159456
sounding_084_149       51.7277   33.6244   -1.0 412.572166  0.940646
sounding_084_150       51.6855   33.9808   -1.0 412.541149 -0.093174
sounding_084_151       51.6422   34.3366   -1.0 412.468509 -0.853454
sounding_084_152       51.5979   34.6916   -1.0 412.367196 -0.534055
sounding_084_153       51.5525   35.0460   -1.0 412.289498 -1.093924
sounding_084_154       51.5060   35.3996   -1.0 412.237126  1.289215
sounding_084_155       51.4584   35.7525   -1.0 412.194207  0.378496
sounding_084_156       51.4098   36.1047   -1.0 412.158972  0.002508
sounding_084_157       51.3601   36.4561   -1.0 412.123539  1.399263
sounding_085_148       51.9900   33.3332   -1.0 412.583761 -1.276494
sounding_085_149       51.9487   33.6920   -1.0 412.549996  1.071969
sounding_085_150       51.9062   34.0500   -1.0 412.522866 -0.030372
sounding_085_151       51.8627   34.4075   -1.0 412.452868 -0.052243
sounding_085_152       51.8182   34.7642   -1.0 412.344636  1.142041
sounding_085_153       51.7725   35.1202   -1.0 412.257398  1.218589
sounding_085_154       51.7258   35.4755   -1.0 412.201731 -0.334773
sounding_085_155       51.6781   35.8300   -1.0 412.164285  1.398574
sounding_085_156       51.6292   36.1838   -1.0 412.130109 -1.149214
sounding_085_157       51.5793   36.5369   -1.0 412.097493  1.100617
sounding_086_148       52.2111   33.3997   -1.0 412.504043 -1.272753
sounding_086_149       52.1696   33.7602   -1.0 412.471649  1.235493
sounding_086_150       52.1269   34.1200   -1.0 412.454635  1.241980
sounding_086_151       52.0832   34.4791   -1.0 412.408676  0.071643
sounding_086_152       52.0384   34.8375   -1.0 412.329966 -0.640125
sounding_086_153       51.9926   35.1952   -1.0 412.250451 -0.564659
sounding_086_154       51.9457   35.5521   -1.0 412.196326 -0.790610
sounding_086_155       51.8976   35.9084   -1.0 412.166074  0.376900
sounding_086_156       51.8486   36.2638   -1.0 412.137852  1.050267
sounding_086_157       51.7984   36.6184   -1.0 412.110632  1.647704
sounding_087_148       52.4321   33.4669   -1.0 412.422474 -0.986879
sounding_087_149       52.3904   33.8292   -1.0 412.379960 -0.611723
sounding_087_150       52.3476   34.1907   -1.0 412.378273  0.418007
sounding_087_151       52.3037   34.5515   -1.0 412.364960 -0.295875
sounding_087_152       52.2587   34.9116   -1.0 412.320272 -0.774538
sounding_087_153       52.2126   35.2709   -1.0 412.264093 -0.932139
sounding_087_154       52.1654   35.6296   -1.0 412.218039 -0.032329
sounding_087_155       52.1172   35.9874   -1.0 412.196219  0.671408
sounding_087_156       52.0679   36.3445   -1.0 412.176726  1.513052
sounding_087_157       52.0175   36.7007   -1.0 412.149648  0.760988
sounding_088_148       52.6531   33.5348   -1.0 412.368385  0.771288
sounding_088_149       52.6112   33.8988   -1.0 412.328236  1.086118
sounding_088_150       52.5682   34.2620   -1.0 412.335447 -1.464503
sounding_088_151       52.5241   34.6245   -1.0 412.342325 -1.406562
sounding_088_152       52.4788   34.9863   -1.0 412.323260  1.629834
sounding_088_153       52.4325   35.3474   -1.0 412.288387 -0.170687
sounding_088_154       52.3851   35.7077   -1.0 412.257197 -0.336041
sounding_088_155       52.3366   36.0672   -1.0 412.248431  0.394469
sounding_088_156       52.2871   36.4260   -1.0 412.237754  0.198521
sounding_088_157       52.2365   36.7839   -1.0 412.209020  0.316431
sounding_089_148       52.8741   33.6034   -1.0 412.358733 -0.311456
sounding_089_149       52.8320   33.9691   -1.0 412.313387 -0.667669
sounding_089_150       52.7887   34.3341   -1.0 412.317869  0.289151
sounding_089_151       52.7444   34.6983   -1.0 412.332872  0.193751
sounding_089_152       52.6989   35.0619   -1.0 412.332060  0.310409
sounding_089_153       52.6524   35.4246   -1.0 412.313502  2.298243
sounding_089_154       52.6048   35.7866   -1.0 412.298111  1.120232
sounding_089_155       52.5561   36.1479   -1.0 412.306728 -0.974567
sounding_089_156       52.5063   36.5083   -1.0 412.312349 -0.310916
sounding_089_157       52.4554   36.8679   -1.0 412.291627 -1.339608
sounding_090_148       53.0950   33.6727   -1.0 412.371928 -0.591321
sounding_090_149       53.0527   34.0401   -1.0 412.315674 -1.427223
sounding_090_150       53.0092   34.4069   -1.0 412.305020 -0.970573
sounding_090_151       52.9646   34.7729   -1.0 412.312328 -0.492756
sounding_090_152       52.9190   35.1381   -1.0 412.334356 -0.605175
sounding_090_153       52.8722   35.5026   -1.0 412.336811 -0.807052
sounding_090_154       52.8244   35.8663   -1.0 412.339202 -1.764939
sounding_090_155       52.7754   36.2293   -1.0 412.365165 -2.675444
sounding_090_156       52.7253   36.5914   -1.0 412.387012 -0.530562
sounding_090_157       52.6742   36.9527   -1.0 412.374800  0.515038
sounding_091_148       53.3158   33.7426   -1.0 412.358207  0.552420
sounding_091_149       53.2733   34.1118   -1.0 412.293462  0.400817
sounding_091_150       53.2296   34.4804   -1.0 412.280326 -1.529332
sounding_091_151       53.1848   34.8481   -1.0 412.300507 -0.430305
sounding_091_152       53.1389   35.2152   -1.0 412.336391 -0.897653
sounding_091_153       53.0919   35.5814   -1.0 412.362419 -1.287532
sounding_091_154       53.0438   35.9469   -1.0 412.390248  0.365222
sounding_091_155       52.9947   36.3115   -1.0 412.428686  2.061915
sounding_091_156       52.9444   36.6753   -1.0 412.449186 -0.640413
sounding_091_157       52.8930   37.0383   -1.0 412.440534  0.508378
sounding_092_148       53.5366   33.8133   -1.0 412.325496  0.098832
sounding_092_149       53.4939   34.1843   -1.0 412.259355  0.319782
sounding_092_150       53.4500   34.5546   -1.0 412.265759 -0.760510
sounding_092_151       53.4050   34.9242   -1.0 412.300136  0.150033
sounding_092_152       53.3588   35.2930   -1.0 412.342011  0.128553
sounding_092_153       53.3116   35.6610   -1.0 412.386986 -0.170647
sounding_092_154       53.2633   36.0282   -1.0 412.435863 -0.624976
sounding_092_155       53.2139   36.3946   -1.0 412.473569  0.000078
sounding_092_156       53.1633   36.7601   -1.0 412.492142 -0.103392
sounding_092_157       53.1117   37.1248   -1.0 412.486051  0.326833
sounding_093_148       53.7573   33.8846   -1.0 412.314389  0.164207
sounding_093_149       53.7143   34.2575   -1.0 412.250797  2.608207
sounding_093_150       53.6702   34.6296   -1.0 412.263446 -1.627432
sounding_093_151       53.6250   35.0010   -1.0 412.301111 -0.575205
sounding_093_152       53.5787   35.3716   -1.0 412.346325  0.645392
sounding_093_153       53.5312   35.7414   -1.0 412.398426 -1.057990
sounding_093_154       53.4826   36.1103   -1.0 412.452102  0.760338
sounding_093_155       53.4329   36.4785   -1.0 412.492738 -0.269747
sounding_093_156       53.3822   36.8457   -1.0 412.513731  0.748616
sounding_093_157       53.3303   37.2121   -1.0 412.509315 -0.196184
sounding_094_148       53.9779   33.9568   -1.0 412.338173 -0.087955
sounding_094_149       53.9348   34.3315   -1.0 412.278657  1.774264
sounding_094_150       53.8904   34.7054   -1.0 412.280220  0.151345
sounding_094_151       53.8450   35.0786   -1.0 412.305259 -0.122694
sounding_094_152       53.7984   35.4510   -1.0 412.335664 -0.522707
sounding_094_153       53.7507   35.8225   -1.0 412.383006 -0.657217
sounding_094_154       53.7019   36.1933   -1.0 412.434698 -0.864327
sounding_094_155       53.6520   36.5632   -1.0 412.480358 -1.648220
sounding_094_156       53.6009   36.9322   -1.0 412.506076 -0.730918
sounding_094_157       53.5488   37.3004   -1.0 412.492876  0.080578
sounding_095_148       54.1985   34.0296   -1.0 412.380453  0.663222
sounding_095_149       54.1551   34.4062   -1.0 412.324913  0.516140
sounding_095_150       54.1105   34.7820   -1.0 412.312239 -0.981462
sounding_095_151       54.0649   35.1570   -1.0 412.313769  1.452895
sounding_095_152       54.0181   35.5312   -1.0 412.315845 -1.518016
sounding_095_153       53.9701   35.9046   -1.0 412.337623 -0.321380
sounding_095_154       53.9211   36.2771   -1.0 412.381620 -0.756174
sounding_095_155       53.8709   36.6488   -1.0 412.428574  0.744224
sounding_095_156       53.8196   37.0196   -1.0 412.452583 -1.503879
sounding_095_157       53.7672   37.3895   -1.0 412.440049  0.436528
sounding_096_149       54.3753   34.4817   -1.0 412.382984  0.253220
sounding_096_150       54.3306   34.8593   -1.0 412.340973 -2.284183
sounding_096_151       54.2847   35.2362   -1.0 412.315412  1.303735
sounding_096_152       54.2376   35.6122   -1.0 412.293195  1.010234
sounding_096_153       54.1895   35.9874   -1.0 412.287232 -0.095282
sounding_096_154       54.1402   36.3618   -1.0 412.315837  2.327484
sounding_096_155       54.0897   36.7352   -1.0 412.358240  0.810177
sounding_096_156       54.0382   37.1078   -1.0 412.379758 -1.846882
sounding_096_157       53.9856   37.4795   -1.0 412.378768 -0.387049
sounding_097_149       54.5955   34.5579   -1.0 412.441526 -0.074054
sounding_097_150       54.5505   34.9375   -1.0 412.364046  0.481983
sounding_097_151       54.5044   35.3162   -1.0 412.314361 -2.865137
sounding_097_152       54.4571   35.6941   -1.0 412.272955 -0.899623
sounding_097_153       54.4087   36.0711   -1.0 412.254179  1.668251
sounding_097_154       54.3591   36.4473   -1.0 412.273950  0.540287
sounding_097_155       54.3085   36.8226   -1.0 412.304653  0.211518
sounding_097_156       54.2567   37.1970   -1.0 412.314547  1.687136
sounding_097_157       54.2038   37.5705   -1.0 412.317103  0.563263
sounding_097_158       54.1498   37.9430   -1.0 412.308178 -0.118960
sounding_098_149       54.8156   34.6350   -1.0 412.494376  0.373803
sounding_098_150       54.7703   35.0165   -1.0 412.405318 -0.584972
sounding_098_151       54.7240   35.3971   -1.0 412.337659 -0.382865
sounding_098_152       54.6765   35.7768   -1.0 412.283528 -0.829746
sounding_098_153       54.6278   36.1557   -1.0 412.262197  1.121373
sounding_098_154       54.5780   36.5337   -1.0 412.273444  0.458523
sounding_098_155       54.5271   36.9109   -1.0 412.278960 -0.358682
sounding_098_156       54.4751   37.2871   -1.0 412.275855  1.304591
sounding_098_157       54.4219   37.6624   -1.0 412.269645  2.143382
sounding_098_158       54.3676   38.0367   -1.0 412.247771 -0.949552
sounding_099_149       55.0355   34.7129   -1.0 412.551008 -0.702698
sounding_099_150       54.9901   35.0962   -1.0 412.474198 -0.140781
sounding_099_151       54.9435   35.4788   -1.0 412.406346 -0.561308
sounding_099_152       54.8957   35.8604   -1.0 412.353300  0.029400
sounding_099_153       54.8469   36.2412   -1.0 412.328844  0.886302
sounding_099_154       54.7968   36.6211   -1.0 412.315398  0.957063
sounding_099_155       54.7456   37.0000   -1.0 412.285747 -0.941735
sounding_099_156       54.6934   37.3781   -1.0 412.251087 -0.271997
sounding_099_157       54.6399   37.7552   -1.0 412.222165  0.247612
sounding_099_158       54.5854   38.1313   -1.0 412.184401 -0.362684
sounding_100_149       55.2554   34.7916   -1.0 412.616564  0.719646
sounding_100_150       55.2097   35.1769   -1.0 412.553113 -0.895801
sounding_100_151       55.1629   35.5613   -1.0 412.494803 -0.265017
sounding_100_152       55.1149   35.9449   -1.0 412.447565 -0.577044
sounding_100_153       55.0658   36.3276   -1.0 412.414331 -0.150320
sounding_100_154       55.0155   36.7093   -1.0 412.374713  1.282141
sounding_100_155       54.9641   37.0901   -1.0 412.318554  1.085903
sounding_100_156       54.9115   37.4700   -1.0 412.255902 -0.780091
sounding_100_157       54.8578   37.8489   -1.0 412.194660  0.192302
sounding_100_158       54.8030   38.2269   -1.0 412.138998 -1.103518
sounding_101_149       55.4752   34.8712   -1.0 412.689344  0.045683
sounding_101_150       55.4293   35.2584   -1.0 412.633209  0.196137
sounding_101_151       55.3822   35.6447   -1.0 412.573241  0.191625
sounding_101_152       55.3340   36.0302   -1.0 412.521349  0.392805
sounding_101_153       55.2846   36.4148   -1.0 412.475257 -1.489747
sounding_101_154       55.2341   36.7985   -1.0 412.429094  1.635395
sounding_101_155       55.1824   37.1812   -1.0 412.371775  0.208025
sounding_101_156       55.1296   37.5629   -1.0 412.293507 -0.156253
sounding_101_157       55.0756   37.9437   -1.0 412.204768 -0.528416
sounding_101_158       55.0205   38.3235   -1.0 412.130282 -1.203938
sounding_102_149       55.6948   34.9515   -1.0 412.783005  0.928995
sounding_102_150       55.6487   35.3407   -1.0 412.712380 -0.377720
sounding_102_151       55.6014   35.7291   -1.0 412.627892 -0.094079
sounding_102_152       55.5529   36.1165   -1.0 412.553846  0.342643
sounding_102_153       55.5033   36.5030   -1.0 412.503653 -0.867573
sounding_102_154       55.4525   36.8886   -1.0 412.458742  2.105661
sounding_102_155       55.4006   37.2732   -1.0 412.413988  1.311937
sounding_102_156       55.3475   37.6568   -1.0 412.342416 -0.094215
sounding_102_157       55.2932   38.0395   -1.0 412.245008  2.825329
sounding_102_158       55.2379   38.4211   -1.0 412.152044 -0.375957
sounding_103_149       55.9144   35.0328   -1.0 412.878195 -2.077239
sounding_103_150       55.8680   35.4240   -1.0 412.778820 -0.173697
sounding_103_151       55.8205   35.8143   -1.0 412.665390 -2.045620
sounding_103_152       55.7717   36.2037   -1.0 412.574526 -1.275946
sounding_103_153       55.7219   36.5921   -1.0 412.517734  0.647342
sounding_103_154       55.6708   36.9796   -1.0 412.469799 -1.346371
sounding_103_155       55.6186   37.3661   -1.0 412.429016  1.796600
sounding_103_156       55.5653   37.7517   -1.0 412.381008 -0.827869
sounding_103_157       55.5108   38.1362   -1.0 412.291370  0.506350
sounding_103_158       55.4551   38.5197   -1.0 412.183741  1.473023
sounding_104_149       56.1338   35.1149   -1.0 412.954038  0.151869
sounding_104_150       56.0872   35.5081   -1.0 412.828046 -0.304190
sounding_104_151       56.0394   35.9004   -1.0 412.690054 -2.032929
sounding_104_152       55.9905   36.2918   -1.0 412.591152  1.787168
sounding_104_153       55.9403   36.6822   -1.0 412.536090 -0.402069
sounding_104_154       55.8890   37.0716   -1.0 412.489841 -0.117290
sounding_104_155       55.8366   37.4601   -1.0 412.450868 -0.443734
sounding_104_156       55.7829   37.8476   -1.0 412.418476 -0.395341
sounding_104_157       55.7282   38.2340   -1.0 412.343271  0.963775
sounding_104_158       55.6722   38.6194   -1.0 412.225241 -1.334104
sounding_105_149       56.3531   35.1979   -1.0 413.005823  1.936851
sounding_105_150       56.3063   35.5931   -1.0 412.872494 -0.354282
sounding_105_151       56.2582   35.9875   -1.0 412.727520  0.780704
sounding_105_152       56.2090   36.3808   -1.0 412.624937 -1.578641
sounding_105_153       56.1586   36.7732   -1.0 412.563918  0.478245
sounding_105_154       56.1071   37.1646   -1.0 412.527027 -1.146453
sounding_105_155       56.0544   37.5551   -1.0 412.505766  1.738814
sounding_105_156       56.0005   37.9445   -1.0 412.478803  0.078708
sounding_105_157       55.9454   38.3328   -1.0 412.397033 -0.287334
sounding_105_158       55.8892   38.7201   -1.0 412.263596  1.162525
sounding_106_149       56.5723   35.2818   -1.0 413.050516 -1.430733
sounding_106_150       56.5252   35.6791   -1.0 412.930432 -1.202470
sounding_106_151       56.4769   36.0754   -1.0 412.796459  2.154611
sounding_106_152       56.4275   36.4708   -1.0 412.685689  0.821076
sounding_106_153       56.3768   36.8652   -1.0 412.606549  0.367752
sounding_106_154       56.3250   37.2587   -1.0 412.564572 -0.981212
sounding_106_155       56.2720   37.6511   -1.0 412.549858 -0.973295
sounding_106_156       56.2179   38.0424   -1.0 412.529130  0.068110
sounding_106_157       56.1625   38.4327   -1.0 412.441389 -0.438991
sounding_106_158       56.1060   38.8220   -1.0 412.304036  0.363646
sounding_107_149       56.7913   35.3667   -1.0 413.094511 -0.835321
sounding_107_150       56.7440   35.7660   -1.0 412.997561  0.860977
sounding_107_151       56.6955   36.1644   -1.0 412.882561  1.563905
sounding_107_152       56.6458   36.5618   -1.0 412.766630  1.279474
sounding_107_153       56.5949   36.9582   -1.0 412.668079 -0.329233
sounding_107_154       56.5428   37.3537   -1.0 412.605915 -0.456773
sounding_107_155       56.4895   37.7480   -1.0 412.571467 -0.934039
sounding_107_156       56.4351   38.1414   -1.0 412.547157  0.172085
sounding_107_157       56.3795   38.5337   -1.0 412.461993  1.239159
sounding_107_158       56.3227   38.9248   -1.0 412.328042 -0.401838
sounding_108_149       57.0102   35.4524   -1.0 413.137048  0.338576
sounding_108_150       56.9627   35.8539   -1.0 413.062536  1.747938
sounding_108_151       56.9139   36.2543   -1.0 412.968569 -1.205677
sounding_108_152       56.8639   36.6538   -1.0 412.859255  2.464036
sounding_108_153       56.8128   37.0523   -1.0 412.749773  1.362608
sounding_108_154       56.7604   37.4497   -1.0 412.660757 -0.826130
sounding_108_155       56.7069   37.8461   -1.0 412.604969 -0.968137
sounding_108_156       56.6522   38.2415   -1.0 412.556250  0.187372
sounding_108_157       56.5963   38.6357   -1.0 412.470024  0.964712
sounding_108_158       56.5392   39.0288   -1.0 412.337199  1.015189
sounding_109_149       57.2290   35.5391   -1.0 413.174310  0.018996
sounding_109_150       57.1812   35.9427   -1.0 413.120476  1.370895
sounding_109_151       57.1322   36.3453   -1.0 413.045494  1.100764
sounding_109_152       57.0819   36.7468   -1.0 412.953525 -0.652575
sounding_109_153       57.0305   37.1473   -1.0 412.845995 -0.667101
sounding_109_154       56.9779   37.5468   -1.0 412.743304  0.772638
sounding_109_155       56.9241   37.9453   -1.0 412.671653 -1.083441
sounding_109_156       56.8691   38.3426   -1.0 412.599384 -0.287483
sounding_109_157       56.8130   38.7388   -1.0 412.501937  1.270302
sounding_109_158       56.7556   39.1339   -1.0 412.364828  0.439227
sounding_110_149       57.4476   35.6268   -1.0 413.189894 -0.753711
sounding_110_150       57.3996   36.0325   -1.0 413.159602  0.208973
sounding_110_151       57.3503   36.4372   -1.0 413.104393  1.033051
sounding_110_152       57.2998   36.8408   -1.0 413.040335  0.157966
sounding_110_153       57.2482   37.2435   -1.0 412.957854 -1.953270
sounding_110_154       57.1953   37.6450   -1.0 412.852453  1.355882
sounding_110_155       57.1412   38.0455   -1.0 412.758989 -0.855979
sounding_110_156       57.0859   38.4449   -1.0 412.678531 -0.233320
sounding_110_157       57.0295   38.8431   -1.0 412.570803  0.294595
sounding_110_158       56.9718   39.2402   -1.0 412.421845  0.082006
sounding_111_150       57.6178   36.1233   -1.0 413.178432  2.601152
sounding_111_151       57.5683   36.5301   -1.0 413.153222 -0.780071
sounding_111_152       57.5175   36.9359   -1.0 413.115815  0.260312
sounding_111_153       57.4656   37.3406   -1.0 413.053817  1.273785
sounding_111_154       57.4124   37.7443   -1.0 412.957978 -1.732829
sounding_111_155       57.3581   38.1468   -1.0 412.860505 -1.021085
sounding_111_156       57.3025   38.5482   -1.0 412.775992  0.998996
sounding_111_157       57.2458   38.9485   -1.0 412.662879  0.363341
sounding_111_158       57.1879   39.3476   -1.0 412.506525 -0.246983
sounding_111_159       57.1288   39.7455   -1.0 412.332787  0.348569
sounding_112_150       57.8359   36.2152   -1.0 413.205356 -0.924594
sounding_112_151       57.7861   36.6241   -1.0 413.201656  1.007042
sounding_112_152       57.7351   37.0320   -1.0 413.177031  0.739557
sounding_112_153       57.6829   37.4389   -1.0 413.124466 -1.470992
sounding_112_154       57.6295   37.8446   -1.0 413.045061 -0.805985
sounding_112_155       57.5748   38.2492   -1.0 412.958737  1.577867
sounding_112_156       57.5190   38.6527   -1.0 412.872660 -0.475448
sounding_112_157       57.4620   39.0551   -1.0 412.757106 -0.287765
sounding_112_158       57.4038   39.4562   -1.0 412.602215  0.615341
sounding_112_159       57.3443   39.8561   -1.0 412.435897 -0.148699
sounding_113_150       58.0538   36.3080   -1.0 413.248530  0.612517
sounding_113_151       58.0037   36.7191   -1.0 413.262027  0.400835
sounding_113_152       57.9525   37.1292   -1.0 413.237346  1.659425
sounding_113_153       57.9000   37.5382   -1.0 413.178642 -1.713380
sounding_113_154       57.8463   37.9461   -1.0 413.103466 -0.483898
sounding_113_155       57.7914   38.3528   -1.0 413.033324 -0.187637
sounding_113_156       57.7353   38.7584   -1.0 412.958896  1.705577
sounding_113_157       57.6780   39.1628   -1.0 412.849201  0.459568
sounding_113_158       57.6195   39.5660   -1.0 412.698478 -1.038686
sounding_113_159       57.5597   39.9680   -1.0 412.535679 -0.285275
sounding_114_150       58.2715   36.4019   -1.0 413.279886 -2.406420
sounding_114_151       58.2212   36.8153   -1.0 413.314851 -0.844910
sounding_114_152       58.1697   37.2275   -1.0 413.293461 -0.322320
sounding_114_153       58.1170   37.6387   -1.0 413.231378  0.276201
sounding_114_154       58.0630   38.0487   -1.0 413.155308 -0.090001
sounding_114_155       58.0078   38.4575   -1.0 413.091551 -1.819347
sounding_114_156       57.9514   38.8652   -1.0 413.031976  0.144190
sounding_114_157       57.8938   39.2717   -1.0 412.931145 -0.824871
sounding_114_158       57.8350   39.6770   -1.0 412.788519  0.731594
sounding_115_150       58.4891   36.4969   -1.0 413.282955 -0.635038
sounding_115_151       58.4385   36.9125   -1.0 413.330567 -0.887615
sounding_115_152       58.3868   37.3269   -1.0 413.324831  0.784131
sounding_115_153       58.3337   37.7403   -1.0 413.284760 -0.397950
sounding_115_156       58.1673   38.9733   -1.0 413.094994 -3.046843
sounding_115_157       58.1094   39.3819   -1.0 413.002782  0.413658
sounding_115_158       58.0503   39.7893   -1.0 412.872345 -0.900173
sounding_116_150       58.7065   36.5930   -1.0 413.257018 -0.290587
sounding_116_151       58.6557   37.0108   -1.0 413.307897 -0.552627
sounding_116_152       58.6036   37.4275   -1.0 413.331083 -0.566890
sounding_116_153       58.5504   37.8430   -1.0 413.342915 -0.233290
sounding_116_156       58.3831   39.0825   -1.0 413.160503  1.426918
sounding_116_157       58.3248   39.4933   -1.0 413.059801  0.445360
sounding_116_158       58.2654   39.9027   -1.0 412.941812 -1.125663
sounding_116_159       58.2048   40.3109   -1.0 412.783804  0.682074
sounding_117_150       58.9237   36.6901   -1.0 413.227050 -0.279821
sounding_117_151       58.8727   37.1102   -1.0 413.294792  0.453656
sounding_117_152       58.8203   37.5292   -1.0 413.346187 -1.625544
sounding_117_153       58.7668   37.9470   -1.0 413.389751 -1.119957
sounding_117_155       58.6559   38.7789   -1.0 413.342607  0.995848
sounding_117_156       58.5986   39.1930   -1.0 413.223462  1.787864
sounding_117_157       58.5401   39.6059   -1.0 413.115646 -0.752866
sounding_118_150       59.1408   36.7884   -1.0 413.213130  0.389594
sounding_118_151       59.0894   37.2108   -1.0 413.298430 -0.329508
sounding_118_152       59.0368   37.6320   -1.0 413.366767 -0.286975
sounding_118_153       58.9830   38.0521   -1.0 413.409586  0.488271
sounding_118_154       58.9279   38.4709   -1.0 413.422280  1.116828
sounding_118_155       58.8715   38.8885   -1.0 413.364817  0.517286
sounding_118_156       58.8140   39.3048   -1.0 413.259734 -0.611610
sounding_119_150       59.3576   36.8879   -1.0 413.223082  1.401148
sounding_119_151       59.3060   37.3126   -1.0 413.321151  1.138760
sounding_119_152       59.2531   37.7361   -1.0 413.396945  0.112688
sounding_119_153       59.1990   38.1584   -1.0 413.418202 -1.344453
sounding_119_154       59.1436   38.5795   -1.0 413.400716 -0.063833
sounding_119_155       59.0870   38.9993   -1.0 413.339478  2.266531
sounding_119_156       59.0291   39.4178   -1.0 413.243758 -1.085981
sounding_119_157       58.9700   39.8351   -1.0 413.156525 -1.668454
sounding_120_150       59.5743   36.9885   -1.0 413.244379  1.509514
sounding_120_151       59.5224   37.4155   -1.0 413.342510  1.062918
sounding_120_152       59.4693   37.8414   -1.0 413.416086  0.659357
sounding_120_153       59.4148   38.2660   -1.0 413.430642 -0.227108
sounding_120_154       59.3592   38.6893   -1.0 413.380335  0.867229
sounding_120_155       59.3022   39.1114   -1.0 413.293693  0.194127
sounding_120_156       59.2441   39.5321   -1.0 413.204691 -0.945112
sounding_120_157       59.1846   39.9516   -1.0 413.134889  1.639412
sounding_121_150       59.7908   37.0903   -1.0 413.255368 -1.179520
sounding_121_151       59.7386   37.5197   -1.0 413.341023  2.045366
sounding_121_152       59.6852   37.9479   -1.0 413.413890 -1.298973
sounding_121_153       59.6305   38.3748   -1.0 413.433443 -0.684691
sounding_121_154       59.5745   38.8004   -1.0 413.374358  0.943381
sounding_121_155       59.5173   39.2248   -1.0 413.272967  1.451059
sounding_121_156       59.4588   39.6478   -1.0 413.184495 -0.257533
sounding_121_157       59.3990   40.0695   -1.0 413.126358 -0.581066
sounding_121_158       59.3381   40.4898   -1.0 413.072464 -1.220155
sounding_122_150       60.0070   37.1933   -1.0 413.244514  1.217015
sounding_122_151       59.9546   37.6251   -1.0 413.317443  0.113729
sounding_122_152       59.9009   38.0556   -1.0 413.401666  0.543680
sounding_122_153       59.8459   38.4849   -1.0 413.437238  0.290277
sounding_122_154       59.7896   38.9128   -1.0 413.385981 -0.129671
sounding_122_155       59.7321   39.3395   -1.0 413.290350  0.353398
sounding_122_158       59.5520   40.6113   -1.0 413.097628 -1.730999
sounding_123_152       60.1163   38.1646   -1.0 413.403725 -0.254851
sounding_123_153       60.0611   38.5962   -1.0 413.446327  0.687409
sounding_123_154       60.0045   39.0266   -1.0 413.418332  0.279238
sounding_123_155       59.9467   39.4555   -1.0 413.346394 -0.316948
sounding_124_150       60.4389   37.4030   -1.0 413.258419  0.053383
sounding_124_151       60.3859   37.8396   -1.0 413.338078 -0.294088
sounding_124_152       60.3316   38.2750   -1.0 413.415545  0.063676
sounding_124_155       60.1611   39.5730   -1.0 413.410811  0.132930
sounding_125_150       60.6545   37.5097   -1.0 413.289130  0.785668
sounding_125_151       60.6013   37.9488   -1.0 413.353855  1.145991
sounding_125_152       60.5467   38.3866   -1.0 413.423540 -0.166359
sounding_125_155       60.3752   39.6918   -1.0 413.473327 -1.085612
sounding_125_156       60.3155   40.1240   -1.0 413.409427  0.482164
sounding_126_150       60.8699   37.6177   -1.0 413.314951 -0.322166
sounding_126_151       60.8164   38.0593   -1.0 413.365878 -0.819044
sounding_126_152       60.7615   38.4996   -1.0 413.430161 -1.012430
sounding_126_153       60.7053   38.9385   -1.0 413.499729  1.924963
sounding_126_155       60.5891   39.8120   -1.0 413.535377 -1.791066
sounding_126_156       60.5291   40.2467   -1.0 413.481941  2.347603
sounding_126_157       60.4678   40.6798   -1.0 413.425486 -0.150864
sounding_127_150       61.0851   37.7271   -1.0 413.348715 -1.087395
sounding_127_151       61.0312   38.1712   -1.0 413.386887 -0.398623
sounding_127_152       60.9761   38.6140   -1.0 413.445229  0.294047
sounding_127_153       60.9196   39.0553   -1.0 413.520589  0.311080
sounding_127_154       60.8618   39.4952   -1.0 413.584205  1.620494
sounding_127_155       60.8028   39.9337   -1.0 413.591899  1.316280
sounding_127_156       60.7424   40.3707   -1.0 413.554323  2.137947
sounding_127_157       60.6808   40.8063   -1.0 413.519484  0.298030
sounding_128_150       61.3000   37.8378   -1.0 413.372572  0.300282
sounding_128_151       61.2459   38.2844   -1.0 413.410296  1.358757
sounding_128_152       61.1904   38.7297   -1.0 413.473967 -0.659169
sounding_128_153       61.1337   39.1735   -1.0 413.552210 -0.493339
sounding_128_154       61.0756   39.6159   -1.0 413.615102 -0.279626
sounding_128_155       61.0162   40.0568   -1.0 413.637035 -2.023418
sounding_128_156       60.9555   40.4963   -1.0 413.624465 -0.753804
sounding_128_157       60.8936   40.9342   -1.0 413.601782 -0.969948
sounding_128_158       60.8303   41.3706   -1.0 413.590942 -0.753861
sounding_129_151       61.4603   38.3991   -1.0 413.445416 -0.532957
sounding_129_152       61.4045   38.8468   -1.0 413.520438  0.441492
sounding_129_153       61.3475   39.2932   -1.0 413.595420 -1.419996
sounding_129_154       61.2891   39.7381   -1.0 413.652598 -1.660559
sounding_129_155       61.2294   40.1815   -1.0 413.685307  0.583724
sounding_129_156       61.1684   40.6234   -1.0 413.691217 -0.232285
sounding_129_157       61.1061   41.0637   -1.0 413.677974 -0.525027
sounding_129_158       61.0425   41.5025   -1.0 413.670864  0.598000
sounding_129_159       60.9776   41.9397   -1.0 413.677311 -0.155770
sounding_130_151       61.6745   38.5151   -1.0 413.484011 -0.206338
sounding_130_152       61.6184   38.9654   -1.0 413.572279  2.216728
sounding_130_153       61.5610   39.4143   -1.0 413.650522  0.822624
sounding_130_154       61.5023   39.8618   -1.0 413.709922 -1.747892
sounding_130_155       61.4423   40.3077   -1.0 413.741115  0.614952
sounding_130_156       61.3810   40.7520   -1.0 413.747727  0.744799
sounding_130_157       61.3183   41.1948   -1.0 413.748156 -0.581586
sounding_130_158       61.2544   41.6359   -1.0 413.751135 -0.101607
sounding_131_151       61.8884   38.6325   -1.0 413.508765 -0.310148
sounding_131_152       61.8320   39.0855   -1.0 413.617358 -0.881921
sounding_131_153       61.7743   39.5370   -1.0 413.712062  0.801271
sounding_131_154       61.7153   39.9869   -1.0 413.770189  1.916933
sounding_131_155       61.6549   40.4353   -1.0 413.786144 -0.216987
sounding_131_156       61.5933   40.8822   -1.0 413.795816 -0.809675
sounding_131_157       61.5303   41.3274   -1.0 413.819511 -1.065837
sounding_131_158       61.4661   41.7710   -1.0 413.834222  0.269805
sounding_132_151       62.1020   38.7515   -1.0 413.520474  0.813475
sounding_132_152       62.0453   39.2071   -1.0 413.647736 -0.436299
sounding_132_153       61.9873   39.6611   -1.0 413.751004  0.082375
sounding_132_154       61.9280   40.1136   -1.0 413.805548  0.268405
sounding_132_155       61.8673   40.5646   -1.0 413.823439  0.212122
sounding_132_156       61.8053   41.0140   -1.0 413.854644  0.746960
sounding_132_157       61.7420   41.4617   -1.0 413.899791 -1.475149
sounding_133_151       62.3154   38.8719   -1.0 413.528976  0.180338
sounding_133_152       62.2584   39.3301   -1.0 413.656158 -0.297402
sounding_134_151       62.5285   38.9939   -1.0 413.530911  0.531609
sounding_135_151       62.7414   39.1174   -1.0 413.517973  0.028190
sounding_136_154       62.7761   40.6366   -1.0 413.859784  0.801387
sounding_137_153       63.0484   40.3058   -1.0 413.753433 -0.442421
sounding_137_154       62.9874   40.7715   -1.0 413.843099  0.231863
sounding_138_153       63.2597   40.4397   -1.0 413.738151 -1.571237
sounding_139_153       63.4708   40.5753   -1.0 413.722647  0.373891
sounding_140_151       63.8014   39.7592   -1.0 413.458477  1.819954
sounding_140_152       63.7421   40.2368   -1.0 413.599925  1.230841
sounding_141_151       64.0125   39.8926   -1.0 413.465900  1.423595
sounding_141_152       63.9529   40.3731   -1.0 413.613561 -1.768632
sounding_142_151       64.2232   40.0278   -1.0 413.470650 -0.818571
