sounding_006_130       35.0525   24.8454   -1.0 413.634966 -0.779451
sounding_006_131       35.0377   25.1092   -1.0 413.588759 -1.409577
sounding_006_132       35.0222   25.3728   -1.0 413.494014 -1.630167
sounding_007_126       35.3199   23.8029   -1.0 413.522019 -1.079979
sounding_007_127       35.3082   24.0681   -1.0 413.661794 -1.137480
sounding_007_128       35.2958   24.3332   -1.0 413.761508 -1.080844
sounding_007_129       35.2825   24.5981   -1.0 413.813191 -0.486164
sounding_007_130       35.2685   24.8630   -1.0 413.805295 -0.063394
sounding_007_131       35.2537   25.1277   -1.0 413.784661  0.022006
sounding_007_132       35.2382   25.3922   -1.0 413.737091 -0.174865
sounding_007_133       35.2218   25.6567   -1.0 413.619143 -2.241252
sounding_008_126       35.5364   23.8167   -1.0 413.502581  0.306844
sounding_008_127       35.5247   24.0829   -1.0 413.650809  0.598251
sounding_019_126       37.9309   23.9761   -1.0 412.072579 -0.809007
sounding_020_126       38.1497   23.9913   -1.0 412.055670  0.105462
sounding_021_126       38.3686   24.0066   -1.0 412.044455  0.410831
sounding_021_135       38.2267   26.5153   -1.0 411.859993  0.564661
sounding_022_126       38.5877   24.0219   -1.0 412.006395  2.244389
sounding_022_133       38.4827   25.9818   -1.0 412.007916  0.388599
sounding_022_135       38.4452   26.5402   -1.0 411.818417 -0.754986
sounding_023_136       38.6437   26.8454   -1.0 411.734376 -0.461114
sounding_025_133       39.1396   26.0513   -1.0 411.890600 -0.967126
sounding_025_134       39.1210   26.3338   -1.0 411.836272  0.076446
sounding_025_136       39.0813   26.8984   -1.0 411.767497 -0.349055
sounding_026_136       39.3003   26.9252   -1.0 411.800613  1.625786
sounding_027_134       39.5596   26.3833   -1.0 411.773221 -0.732346
sounding_027_136       39.5195   26.9522   -1.0 411.825550  1.415681
sounding_028_134       39.7791   26.4083   -1.0 411.800069 -2.179812
sounding_028_135       39.7594   26.6939   -1.0 411.825659 -0.291918
sounding_028_136       39.7388   26.9794   -1.0 411.889225  0.132604
sounding_029_134       39.9988   26.4335   -1.0 411.847975 -1.269312
sounding_029_135       39.9790   26.7203   -1.0 411.886321  1.397338
sounding_029_136       39.9583   27.0068   -1.0 411.935731  1.418268
sounding_029_137       39.9368   27.2932   -1.0 411.973020 -0.154734
sounding_030_134       40.2186   26.4589   -1.0 411.859367 -1.292717
sounding_030_135       40.1987   26.7468   -1.0 411.900816 -1.030187
sounding_030_136       40.1779   27.0344   -1.0 411.949272 -0.752933
sounding_030_137       40.1563   27.3219   -1.0 412.021288 -1.150407
sounding_031_134       40.4386   26.4845   -1.0 411.857121 -0.766267
sounding_031_135       40.4186   26.7735   -1.0 411.912395 -1.274757
sounding_031_136       40.3977   27.0623   -1.0 411.963219  1.893546
sounding_031_137       40.3760   27.3509   -1.0 412.064407 -0.276900
sounding_032_133       40.6779   26.2200   -1.0 411.762258 -0.759084
sounding_032_134       40.6587   26.5103   -1.0 411.881746 -0.447098
sounding_032_135       40.6386   26.8005   -1.0 411.938967  0.510016
sounding_032_136       40.6176   27.0904   -1.0 411.981613  2.550696
sounding_033_128       40.9816   24.7846   -1.0 410.408270 -0.916788
sounding_033_130       40.9509   25.3692   -1.0 411.105854  0.806444
sounding_033_131       40.9343   25.6613   -1.0 411.406005  0.060958
sounding_033_132       40.9167   25.9532   -1.0 411.655972 -0.319118
sounding_033_133       40.8983   26.2448   -1.0 411.831434  0.736576
sounding_033_134       40.8790   26.5363   -1.0 411.935373 -1.570391
sounding_033_135       40.8588   26.8276   -1.0 411.981455  0.208258
sounding_033_136       40.8377   27.1187   -1.0 412.001901 -0.092828
sounding_034_128       41.2025   24.8038   -1.0 410.670440  1.105802
sounding_034_129       41.1875   25.0974   -1.0 410.963977  0.759568
sounding_034_130       41.1717   25.3908   -1.0 411.238773  0.305113
sounding_034_131       41.1549   25.6840   -1.0 411.526244 -1.902312
sounding_034_132       41.1373   25.9771   -1.0 411.772291 -0.199507
sounding_034_133       41.1187   26.2699   -1.0 411.919430 -2.471071
sounding_034_134       41.0994   26.5626   -1.0 411.985452  0.948894
sounding_034_135       41.0791   26.8550   -1.0 412.015154  1.671615
sounding_034_136       41.0579   27.1472   -1.0 412.015473  0.149870
sounding_034_137       41.0359   27.4392   -1.0 412.024782  0.865385
sounding_035_128       41.4235   24.8232   -1.0 411.082890  0.505092
sounding_035_129       41.4085   25.1180   -1.0 411.205975  0.458809
sounding_035_130       41.3925   25.4125   -1.0 411.384517 -0.129174
sounding_035_131       41.3757   25.7069   -1.0 411.645058  2.140600
sounding_035_132       41.3580   26.0012   -1.0 411.878251  0.989169
sounding_035_133       41.3394   26.2952   -1.0 411.994824  0.411758
sounding_035_134       41.3199   26.5890   -1.0 412.024334 -0.526151
sounding_035_135       41.2995   26.8826   -1.0 412.017248 -0.461048
sounding_035_136       41.2782   27.1760   -1.0 412.010643 -2.014641
sounding_035_137       41.2561   27.4692   -1.0 412.013793  0.688431
sounding_036_128       41.6446   24.8428   -1.0 411.291078  1.142309
sounding_036_129       41.6295   25.1387   -1.0 411.282019 -0.387157
sounding_036_130       41.6135   25.4345   -1.0 411.424960  0.748590
sounding_036_131       41.5966   25.7301   -1.0 411.697178 -1.340065
sounding_036_132       41.5788   26.0254   -1.0 411.953943 -1.528014
sounding_036_133       41.5601   26.3207   -1.0 412.068599  0.224878
sounding_036_134       41.5405   26.6157   -1.0 412.056962  1.339429
sounding_036_135       41.5201   26.9105   -1.0 411.999916 -0.188661
sounding_036_136       41.4987   27.2050   -1.0 411.986319  0.326009
sounding_036_137       41.4764   27.4993   -1.0 412.007054 -0.023889
sounding_036_138       41.4533   27.7934   -1.0 412.053859  1.004931
sounding_037_129       41.8507   25.1596   -1.0 411.186591 -1.159570
sounding_037_130       41.8346   25.4566   -1.0 411.408204 -0.310916
sounding_037_131       41.8177   25.7534   -1.0 411.771494 -1.128899
sounding_037_132       41.7998   26.0500   -1.0 412.058535  0.811482
sounding_037_133       41.7810   26.3463   -1.0 412.150309  0.722096
sounding_037_134       41.7613   26.6425   -1.0 412.081895 -0.657023
sounding_037_135       41.7407   26.9385   -1.0 411.971308  0.960264
sounding_037_136       41.7193   27.2342   -1.0 411.943507  1.069243
sounding_037_137       41.6969   27.5297   -1.0 411.976272  0.154524
sounding_037_138       41.6737   27.8250   -1.0 412.028679 -0.237049
sounding_038_129       42.0721   25.1807   -1.0 411.139985  0.366722
sounding_038_130       42.0559   25.4789   -1.0 411.471053 -0.749219
sounding_038_131       42.0388   25.7769   -1.0 411.884397 -0.425928
sounding_038_132       42.0209   26.0746   -1.0 412.170938 -1.097521
sounding_038_133       42.0020   26.3723   -1.0 412.215961  0.193121
sounding_038_134       41.9822   26.6696   -1.0 412.078520  0.309869
sounding_038_135       41.9616   26.9668   -1.0 411.919421 -0.010230
sounding_038_136       41.9400   27.2637   -1.0 411.868398 -1.003002
sounding_038_137       41.9175   27.5604   -1.0 411.888234 -0.627580
sounding_038_138       41.8942   27.8568   -1.0 411.953561 -0.268013
sounding_039_129       42.2935   25.2020   -1.0 411.251185  0.971129
sounding_039_130       42.2773   25.5013   -1.0 411.600426 -2.844404
sounding_039_131       42.2601   25.8005   -1.0 412.004949 -0.722186
sounding_039_132       42.2421   26.0996   -1.0 412.272810  1.014479
sounding_039_133       42.2231   26.3984   -1.0 412.264081 -0.549184
sounding_039_134       42.2033   26.6969   -1.0 412.042109 -0.131800
sounding_039_135       42.1825   26.9953   -1.0 411.820787 -0.814847
sounding_039_136       42.1609   27.2934   -1.0 411.744426  0.193301
sounding_039_137       42.1383   27.5913   -1.0 411.767112  0.349745
sounding_039_138       42.1148   27.8889   -1.0 411.874520 -1.005495
sounding_040_129       42.5151   25.2234   -1.0 411.530412 -0.161934
sounding_040_130       42.4988   25.5240   -1.0 411.771731  0.133038
sounding_040_131       42.4816   25.8244   -1.0 412.121495 -1.524464
sounding_040_132       42.4634   26.1246   -1.0 412.380920 -2.046944
sounding_040_133       42.4444   26.4246   -1.0 412.301767 -0.158119
sounding_040_134       42.4244   26.7245   -1.0 411.960109  0.810631
sounding_040_135       42.4036   27.0240   -1.0 411.675766 -0.022154
sounding_040_136       42.3818   27.3234   -1.0 411.619286  0.747671
sounding_040_137       42.3591   27.6224   -1.0 411.671568 -0.003513
sounding_041_129       42.7368   25.2450   -1.0 411.778313 -0.869850
sounding_041_130       42.7204   25.5468   -1.0 411.997215  0.018300
sounding_041_131       42.7031   25.8485   -1.0 412.314767  0.442506
sounding_041_132       42.6849   26.1499   -1.0 412.494452  0.002713
sounding_041_133       42.6658   26.4512   -1.0 412.257874 -2.747112
sounding_041_134       42.6457   26.7522   -1.0 411.800711 -2.011860
sounding_041_135       42.6247   27.0530   -1.0 411.518133 -0.131928
sounding_041_136       42.6029   27.3535   -1.0 411.517826  2.415864
sounding_042_129       42.9586   25.2668   -1.0 411.983939 -0.120475
sounding_042_130       42.9422   25.5699   -1.0 412.259971 -0.463065
sounding_042_131       42.9248   25.8728   -1.0 412.569032  2.209185
sounding_042_132       42.9065   26.1755   -1.0 412.569592 -0.408928
sounding_042_133       42.8872   26.4779   -1.0 412.098480  0.226376
sounding_042_134       42.8671   26.7802   -1.0 411.546995 -0.540246
sounding_042_135       42.8460   27.0822   -1.0 411.358303  0.855133
sounding_042_136       42.8241   27.3840   -1.0 411.430114 -1.954704
sounding_042_137       42.8012   27.6855   -1.0 411.592086 -1.252953
sounding_043_130       43.1640   25.5931   -1.0 412.583553  1.385234
sounding_043_131       43.1465   25.8972   -1.0 412.707179 -0.141422
sounding_043_132       43.1281   26.2012   -1.0 412.394601 -1.641805
sounding_043_133       43.1088   26.5049   -1.0 411.746145 -0.688120
sounding_043_134       43.0886   26.8084   -1.0 411.242721  0.451274
sounding_043_135       43.0675   27.1117   -1.0 411.188773 -1.007950
sounding_043_136       43.0454   27.4147   -1.0 411.354546 -0.387552
sounding_043_137       43.0224   27.7175   -1.0 411.568103  0.038665
sounding_044_130       43.3860   25.6165   -1.0 412.669339  0.051673
sounding_044_131       43.3684   25.9219   -1.0 412.435794  0.082216
sounding_044_132       43.3499   26.2271   -1.0 411.853270  0.103287
sounding_044_133       43.3305   26.5321   -1.0 411.272822 -0.645347
sounding_044_134       43.3102   26.8368   -1.0 411.019273  0.610757
sounding_044_135       43.2890   27.1414   -1.0 411.102549 -1.247146
sounding_044_136       43.2668   27.4457   -1.0 411.336899  0.071164
sounding_044_137       43.2437   27.7497   -1.0 411.570483  1.052669
sounding_045_130       43.6081   25.6401   -1.0 412.233366  0.398935
sounding_045_131       43.5904   25.9468   -1.0 411.743970 -1.194843
sounding_045_132       43.5719   26.2533   -1.0 411.205135 -0.502416
sounding_045_133       43.5524   26.5595   -1.0 410.932667 -1.612248
sounding_045_134       43.5319   26.8655   -1.0 410.951102  0.809095
sounding_045_135       43.5106   27.1713   -1.0 411.130150 -1.199738
sounding_045_136       43.4883   27.4769   -1.0 411.372787  0.577553
sounding_045_137       43.4651   27.7821   -1.0 411.603554  3.040965
sounding_045_138       43.4410   28.0871   -1.0 411.801183 -0.020075
sounding_046_130       43.8302   25.6639   -1.0 411.449640  0.482452
sounding_046_131       43.8125   25.9719   -1.0 411.031476  0.268135
sounding_046_132       43.7939   26.2797   -1.0 410.791071 -0.354045
sounding_046_133       43.7743   26.5872   -1.0 410.806374 -1.191773
sounding_046_134       43.7538   26.8945   -1.0 410.959263  1.044774
sounding_046_135       43.7323   27.2015   -1.0 411.164717 -0.163094
sounding_046_136       43.7099   27.5083   -1.0 411.404192  0.151266
sounding_046_137       43.6866   27.8148   -1.0 411.645227 -0.508674
sounding_046_138       43.6624   28.1211   -1.0 411.819976 -1.108352
sounding_046_139       43.6372   28.4271   -1.0 411.881609 -1.377661
sounding_047_130       44.0525   25.6880   -1.0 410.839907 -0.394273
sounding_047_131       44.0347   25.9972   -1.0 410.672586  0.010028
sounding_047_132       44.0160   26.3063   -1.0 410.675404  1.463239
sounding_047_133       43.9963   26.6151   -1.0 410.794204  0.859947
sounding_047_134       43.9757   26.9237   -1.0 410.979177 -0.235209
sounding_047_135       43.9541   27.2320   -1.0 411.187832 -0.050286
sounding_047_136       43.9317   27.5401   -1.0 411.440359 -0.051861
sounding_047_137       43.9082   27.8479   -1.0 411.688296  0.159564
sounding_047_138       43.8839   28.1554   -1.0 411.857868  0.931753
sounding_047_139       43.8586   28.4627   -1.0 411.895448  0.374189
sounding_048_130       44.2749   25.7122   -1.0 410.613021  0.958579
sounding_048_131       44.2570   26.0227   -1.0 410.556066 -1.727012
sounding_048_132       44.2382   26.3331   -1.0 410.607568  1.113330
sounding_048_133       44.2184   26.6432   -1.0 410.772728  0.241328
sounding_048_134       44.1977   26.9531   -1.0 410.989490 -2.390488
sounding_048_135       44.1761   27.2627   -1.0 411.212889  0.465038
sounding_048_136       44.1535   27.5721   -1.0 411.478821  0.792945
sounding_048_137       44.1299   27.8812   -1.0 411.733066  1.446835
sounding_048_138       44.1055   28.1900   -1.0 411.884083 -1.362129
sounding_048_139       44.0801   28.4985   -1.0 411.907337 -0.194304
sounding_049_131       44.4794   26.0485   -1.0 410.514965 -0.796280
sounding_049_132       44.4605   26.3601   -1.0 410.518301 -1.921859
sounding_049_133       44.4406   26.6716   -1.0 410.704731 -0.127190
sounding_049_134       44.4198   26.9828   -1.0 410.978062 -0.113203
sounding_049_135       44.3981   27.2937   -1.0 411.251229 -1.630674
sounding_049_136       44.3754   27.6044   -1.0 411.525042 -1.505478
sounding_049_137       44.3518   27.9147   -1.0 411.766496  1.605946
sounding_049_138       44.3272   28.2248   -1.0 411.887841 -0.132820
sounding_049_139       44.3017   28.5347   -1.0 411.910243 -0.937738
sounding_050_131       44.7019   26.0745   -1.0 410.443391 -0.014414
sounding_050_132       44.6829   26.3875   -1.0 410.424695  0.123233
sounding_050_133       44.6630   26.7002   -1.0 410.638218  1.595261
sounding_050_134       44.6421   27.0127   -1.0 410.966041 -0.752364
sounding_050_135       44.6202   27.3249   -1.0 411.285121 -0.122598
sounding_050_136       44.5974   27.6369   -1.0 411.559104  1.052964
sounding_050_137       44.5736   27.9486   -1.0 411.787157  0.398013
sounding_050_138       44.5489   28.2600   -1.0 411.891020 -0.695984
sounding_050_139       44.5233   28.5711   -1.0 411.891801  0.394080
sounding_051_131       44.9245   26.1007   -1.0 410.425571 -1.128578
sounding_051_132       44.9054   26.4150   -1.0 410.376372  1.993329
sounding_051_133       44.8854   26.7290   -1.0 410.593728  0.210413
sounding_051_134       44.8644   27.0429   -1.0 410.963903  2.341743
sounding_051_135       44.8424   27.3564   -1.0 411.312895 -1.122388
sounding_051_136       44.8195   27.6697   -1.0 411.597312 -1.163895
sounding_051_137       44.7956   27.9828   -1.0 411.812964  1.685473
sounding_051_138       44.7708   28.2955   -1.0 411.891084  0.957715
sounding_051_139       44.7450   28.6079   -1.0 411.847069 -0.846327
sounding_052_131       45.1472   26.1270   -1.0 410.528153 -0.570184
sounding_052_132       45.1280   26.4427   -1.0 410.406288  1.188812
sounding_052_133       45.1079   26.7582   -1.0 410.616215 -1.524130
sounding_052_134       45.0868   27.0733   -1.0 411.004979  0.579186
sounding_052_135       45.0647   27.3882   -1.0 411.372736 -0.341237
sounding_052_136       45.0417   27.7029   -1.0 411.648410 -0.828439
sounding_052_137       45.0177   28.0172   -1.0 411.835132  0.360034
sounding_052_138       44.9928   28.3313   -1.0 411.878792 -0.789732
sounding_052_139       44.9669   28.6450   -1.0 411.779902  0.324820
sounding_053_131       45.3700   26.1537   -1.0 410.728566 -1.501764
sounding_053_132       45.3507   26.4707   -1.0 410.543414  0.313721
sounding_053_133       45.3304   26.7875   -1.0 410.747514 -1.383339
sounding_053_134       45.3092   27.1040   -1.0 411.121829 -0.260069
sounding_053_135       45.2871   27.4203   -1.0 411.462661  0.088194
sounding_053_136       45.2639   27.7363   -1.0 411.720770 -1.025508
sounding_053_137       45.2398   28.0519   -1.0 411.857670  0.133278
sounding_053_138       45.2148   28.3673   -1.0 411.844798 -0.595443
sounding_053_139       45.1888   28.6824   -1.0 411.690832 -1.504322
sounding_053_140       45.1618   28.9972   -1.0 411.469828 -0.252158
sounding_054_131       45.5928   26.1806   -1.0 410.812156  0.156550
sounding_054_132       45.5734   26.4990   -1.0 410.717755 -1.247756
sounding_054_133       45.5531   26.8171   -1.0 410.933041 -1.039166
sounding_054_134       45.5318   27.1350   -1.0 411.252591 -0.526115
sounding_054_135       45.5095   27.4526   -1.0 411.562087 -0.593582
sounding_054_136       45.4863   27.7700   -1.0 411.795763  0.700118
sounding_054_137       45.4620   28.0870   -1.0 411.879184  0.279937
sounding_054_138       45.4369   28.4037   -1.0 411.802864 -0.351794
sounding_054_139       45.4108   28.7202   -1.0 411.605732  1.055022
sounding_054_140       45.3837   29.0362   -1.0 411.410646 -0.250220
sounding_055_131       45.8157   26.2077   -1.0 410.729462 -0.535110
sounding_055_132       45.7963   26.5275   -1.0 410.829078  2.139128
sounding_055_133       45.7758   26.8470   -1.0 411.106583  0.187289
sounding_055_134       45.7544   27.1663   -1.0 411.390432  1.928971
sounding_055_135       45.7320   27.4852   -1.0 411.674954 -1.231953
sounding_055_136       45.7087   27.8040   -1.0 411.863499  1.077096
sounding_055_137       45.6844   28.1223   -1.0 411.883418 -1.564749
sounding_055_138       45.6591   28.4405   -1.0 411.741806 -0.711060
sounding_055_139       45.6328   28.7582   -1.0 411.535858 -0.954565
sounding_055_140       45.6056   29.0757   -1.0 411.402700 -0.062046
sounding_055_141       45.5774   29.3928   -1.0 411.355050 -0.690596
sounding_056_132       46.0192   26.5562   -1.0 410.951754  0.087768
sounding_056_133       45.9986   26.8771   -1.0 411.247458  0.604719
sounding_056_134       45.9771   27.1977   -1.0 411.547244  1.842797
sounding_056_135       45.9546   27.5181   -1.0 411.822258 -0.358069
sounding_056_136       45.9312   27.8382   -1.0 411.943433  1.352191
sounding_056_137       45.9067   28.1580   -1.0 411.870019 -0.327546
sounding_056_138       45.8813   28.4775   -1.0 411.664096  1.103933
sounding_056_139       45.8549   28.7966   -1.0 411.454841  0.189601
sounding_056_140       45.8276   29.1154   -1.0 411.381559 -1.597130
sounding_056_141       45.7993   29.4339   -1.0 411.392331  2.078260
sounding_057_132       46.2421   26.5852   -1.0 411.098724  1.204032
sounding_057_133       46.2215   26.9075   -1.0 411.403266  0.111106
sounding_057_134       46.1999   27.2295   -1.0 411.745465  0.211800
sounding_057_135       46.1773   27.5513   -1.0 412.003044 -0.866534
sounding_057_136       46.1537   27.8728   -1.0 412.031948 -1.350132
sounding_057_137       46.1292   28.1940   -1.0 411.848803 -0.931023
sounding_057_138       46.1037   28.5148   -1.0 411.574358  0.037837
sounding_057_139       46.0771   28.8354   -1.0 411.382965 -2.607238
sounding_057_140       46.0497   29.1556   -1.0 411.360083 -1.550399
sounding_057_141       46.0212   29.4754   -1.0 411.391141 -0.109101
sounding_058_132       46.4652   26.6144   -1.0 411.286272 -1.172270
sounding_058_133       46.4445   26.9382   -1.0 411.639461 -1.045267
sounding_058_134       46.4227   27.2616   -1.0 411.998506 -0.166178
sounding_058_135       46.4000   27.5848   -1.0 412.197527 -0.274091
sounding_058_136       46.3763   27.9077   -1.0 412.110545 -0.380054
sounding_058_137       46.3517   28.2303   -1.0 411.800518 -0.001311
sounding_058_138       46.3260   28.5525   -1.0 411.475188  0.631890
sounding_058_139       46.2994   28.8744   -1.0 411.346152  1.196583
sounding_058_140       46.2718   29.1960   -1.0 411.361759  0.165106
sounding_058_141       46.2432   29.5172   -1.0 411.392391  0.356808
sounding_059_132       46.6883   26.6440   -1.0 411.518651 -1.428949
sounding_059_133       46.6675   26.9691   -1.0 411.944089  0.906018
sounding_059_134       46.6456   27.2940   -1.0 412.269888  2.549777
sounding_059_135       46.6228   27.6186   -1.0 412.342566  0.465322
sounding_059_136       46.5990   27.9429   -1.0 412.115484  1.418950
sounding_059_137       46.5742   28.2669   -1.0 411.701127 -0.576497
sounding_059_138       46.5485   28.5906   -1.0 411.396163 -0.806450
sounding_059_139       46.5217   28.9139   -1.0 411.348645 -0.899952
sounding_059_140       46.4940   29.2368   -1.0 411.391236  0.512523
sounding_059_141       46.4653   29.5594   -1.0 411.411704 -1.189941
sounding_060_132       46.9115   26.6737   -1.0 411.847764  0.402226
sounding_060_133       46.8905   27.0003   -1.0 412.266954  1.057166
sounding_060_134       46.8686   27.3267   -1.0 412.451772 -0.986230
sounding_060_135       46.8457   27.6527   -1.0 412.327464  0.445145
sounding_060_136       46.8218   27.9784   -1.0 411.948197 -0.055978
sounding_060_137       46.7969   28.3038   -1.0 411.541041  0.700024
sounding_060_138       46.7710   28.6289   -1.0 411.355494  0.942973
sounding_060_139       46.7441   28.9536   -1.0 411.356167 -1.296553
sounding_060_140       46.7162   29.2780   -1.0 411.402381 -1.397373
sounding_060_141       46.6874   29.6020   -1.0 411.431589 -0.711492
sounding_061_132       47.1347   26.7038   -1.0 412.167546  0.395805
sounding_061_133       47.1137   27.0318   -1.0 412.445588 -0.059805
sounding_061_134       47.0916   27.3596   -1.0 412.401554 -0.023884
sounding_061_135       47.0686   27.6871   -1.0 412.069631  0.549849
sounding_061_136       47.0446   28.0143   -1.0 411.653270  0.214270
sounding_061_137       47.0196   28.3411   -1.0 411.395042 -0.672957
sounding_061_138       46.9935   28.6676   -1.0 411.344587  0.888352
sounding_061_139       46.9665   28.9937   -1.0 411.365476  0.801283
sounding_061_140       46.9385   29.3195   -1.0 411.398601  0.317205
sounding_061_141       46.9096   29.6450   -1.0 411.428583 -0.001117
sounding_062_132       47.3580   26.7341   -1.0 412.313279 -0.267631
sounding_062_133       47.3369   27.0636   -1.0 412.327089  0.551500
sounding_062_134       47.3147   27.3928   -1.0 412.067721 -1.758753
sounding_062_135       47.2916   27.7218   -1.0 411.687695  1.485855
sounding_062_136       47.2674   28.0504   -1.0 411.405920  1.468179
sounding_062_137       47.2423   28.3787   -1.0 411.320545  0.071391
sounding_062_138       47.2162   28.7066   -1.0 411.323910 -0.645437
sounding_062_139       47.1890   29.0342   -1.0 411.347862 -0.917462
sounding_062_140       47.1609   29.3615   -1.0 411.369026  0.258145
sounding_062_141       47.1318   29.6883   -1.0 411.390568 -1.055667
sounding_062_142       47.1016   30.0148   -1.0 411.426240 -1.462694
sounding_063_133       47.5601   27.0957   -1.0 411.936547 -0.884199
sounding_063_134       47.5379   27.4264   -1.0 411.618306  0.490806
sounding_063_135       47.5146   27.7568   -1.0 411.372584 -1.312584
sounding_063_136       47.4903   28.0868   -1.0 411.261858 -0.484895
sounding_063_137       47.4651   28.4166   -1.0 411.261646 -0.084069
sounding_063_138       47.4388   28.7460   -1.0 411.286033 -0.079140
sounding_063_139       47.4115   29.0751   -1.0 411.303335 -0.658610
sounding_063_140       47.3833   29.4038   -1.0 411.308248  0.804209
sounding_063_141       47.3540   29.7321   -1.0 411.317583 -1.325653
sounding_063_142       47.3237   30.0600   -1.0 411.349058 -0.325892
sounding_064_133       47.7834   27.1280   -1.0 411.491281 -1.073823
sounding_064_134       47.7610   27.4602   -1.0 411.279964 -0.520761
sounding_064_135       47.7377   27.7921   -1.0 411.213940 -0.312561
sounding_064_136       47.7133   28.1237   -1.0 411.199738  1.837962
sounding_064_137       47.6879   28.4549   -1.0 411.208088  1.205501
sounding_064_138       47.6615   28.7858   -1.0 411.233963  0.150893
sounding_064_139       47.6341   29.1163   -1.0 411.245866 -1.361229
sounding_064_140       47.6057   29.4464   -1.0 411.238950 -0.996732
sounding_064_141       47.5763   29.7762   -1.0 411.237521  0.370666
sounding_064_142       47.5459   30.1056   -1.0 411.254403  1.655921
sounding_065_133       48.0067   27.1607   -1.0 411.212772  0.090246
sounding_065_134       47.9843   27.4944   -1.0 411.150956 -0.495278
sounding_065_135       47.9608   27.8278   -1.0 411.134079  1.149501
sounding_065_136       47.9363   28.1608   -1.0 411.143435  0.799634
sounding_065_137       47.9108   28.4935   -1.0 411.161124 -0.319335
sounding_065_138       47.8843   28.8259   -1.0 411.184071  1.321932
sounding_065_139       47.8567   29.1579   -1.0 411.190699  0.063304
sounding_065_140       47.8282   29.4895   -1.0 411.177326 -2.286564
sounding_065_141       47.7987   29.8207   -1.0 411.166768 -0.044198
sounding_065_142       47.7681   30.1516   -1.0 411.163332  0.463514
sounding_066_133       48.2301   27.1936   -1.0 411.143650 -1.901898
sounding_066_134       48.2075   27.5288   -1.0 411.104431  1.073562
sounding_066_135       48.1840   27.8637   -1.0 411.085673 -1.061142
sounding_066_136       48.1594   28.1983   -1.0 411.097350 -0.446364
sounding_066_137       48.1337   28.5325   -1.0 411.131936  1.832707
sounding_066_138       48.1071   28.8664   -1.0 411.158822  0.315286
sounding_066_139       48.0794   29.1999   -1.0 411.154628 -0.949939
sounding_066_140       48.0507   29.5330   -1.0 411.127904  1.690089
sounding_066_141       48.0211   29.8657   -1.0 411.103193 -0.214840
sounding_066_142       47.9903   30.1980   -1.0 411.093432 -0.149908
sounding_067_133       48.4535   27.2269   -1.0 411.138734  0.097380
sounding_067_134       48.4308   27.5636   -1.0 411.091523 -1.627799
sounding_067_135       48.4072   27.9001   -1.0 411.074042 -0.728335
sounding_067_136       48.3824   28.2361   -1.0 411.095478  1.659986
sounding_067_137       48.3567   28.5719   -1.0 411.136504  0.889917
sounding_067_138       48.3299   28.9072   -1.0 411.160074  0.885203
sounding_067_139       48.3021   29.2422   -1.0 411.151752  0.335786
sounding_067_140       48.2733   29.5768   -1.0 411.111237 -0.166148
sounding_067_141       48.2435   29.9110   -1.0 411.065109 -1.215404
sounding_067_142       48.2126   30.2448   -1.0 411.050312  2.100833
sounding_068_133       48.6770   27.2605   -1.0 411.116922  1.321870
sounding_068_134       48.6542   27.5987   -1.0 411.088195  1.358872
sounding_068_135       48.6304   27.9367   -1.0 411.104385  0.517723
sounding_068_136       48.6055   28.2743   -1.0 411.135325 -0.159246
sounding_068_137       48.5797   28.6116   -1.0 411.175544 -2.216230
sounding_068_138       48.5528   28.9485   -1.0 411.194797  0.483701
sounding_068_139       48.5248   29.2850   -1.0 411.188596  2.066208
sounding_068_140       48.4959   29.6211   -1.0 411.138652 -1.083809
sounding_068_141       48.4659   29.9568   -1.0 411.071616  1.266044
sounding_068_142       48.4349   30.2921   -1.0 411.042397 -0.785219
sounding_069_134       48.8776   27.6342   -1.0 411.104433 -0.172245
sounding_069_135       48.8537   27.9737   -1.0 411.140732 -0.827922
sounding_069_136       48.8287   28.3128   -1.0 411.176104  0.671231
sounding_069_137       48.8027   28.6516   -1.0 411.214506 -0.054206
sounding_069_138       48.7756   28.9901   -1.0 411.240757 -0.663816
sounding_069_139       48.7476   29.3281   -1.0 411.238749  0.477520
sounding_069_140       48.7185   29.6658   -1.0 411.192733  1.459626
sounding_069_141       48.6884   30.0030   -1.0 411.126585  0.709782
sounding_069_142       48.6572   30.3398   -1.0 411.093828 -0.255019
sounding_069_143       48.6251   30.6761   -1.0 411.085254 -0.869919
sounding_070_134       49.1010   27.6700   -1.0 411.108397 -0.617715
sounding_070_135       49.0769   28.0110   -1.0 411.151909 -1.879937
sounding_070_136       49.0519   28.3517   -1.0 411.194633 -0.282420
sounding_070_137       49.0257   28.6921   -1.0 411.238202  0.713271
sounding_070_138       48.9986   29.0321   -1.0 411.269515  0.228391
sounding_070_139       48.9704   29.3717   -1.0 411.285280 -0.733977
sounding_070_140       48.9411   29.7109   -1.0 411.258951  0.502191
sounding_070_141       48.9109   30.0496   -1.0 411.205550 -0.279713
sounding_070_142       48.8796   30.3879   -1.0 411.175721  0.689380
sounding_070_143       48.8473   30.7258   -1.0 411.153614 -0.412712
sounding_071_134       49.3244   27.7061   -1.0 411.118510  1.447426
sounding_071_135       49.3002   28.0487   -1.0 411.151998  1.330461
sounding_071_136       49.2750   28.3910   -1.0 411.204112 -1.279175
sounding_071_137       49.2488   28.7329   -1.0 411.241453 -0.493689
sounding_071_138       49.2215   29.0745   -1.0 411.282531  0.344132
sounding_071_139       49.1932   29.4156   -1.0 411.307131  0.156986
sounding_071_140       49.1638   29.7564   -1.0 411.297130 -0.125956
sounding_071_141       49.1334   30.0967   -1.0 411.267408 -0.335573
sounding_071_142       49.1019   30.4365   -1.0 411.248638  0.293140
sounding_071_143       49.0695   30.7759   -1.0 411.240808 -0.945106
sounding_072_134       49.5479   27.7425   -1.0 411.138030  0.387809
sounding_072_135       49.5236   28.0867   -1.0 411.157517 -0.462284
sounding_072_136       49.4983   28.4306   -1.0 411.201491 -1.131502
sounding_072_137       49.4719   28.7741   -1.0 411.243205 -1.688073
sounding_072_138       49.4445   29.1172   -1.0 411.290946  0.631504
sounding_072_139       49.4160   29.4600   -1.0 411.313824  0.453567
sounding_072_140       49.3865   29.8023   -1.0 411.311501  0.844807
sounding_072_141       49.3559   30.1441   -1.0 411.299213  0.441830
sounding_072_142       49.3243   30.4856   -1.0 411.293264  1.635610
sounding_072_143       49.2917   30.8265   -1.0 411.295142  1.277679
sounding_073_134       49.7713   27.7793   -1.0 411.147807  0.807113
sounding_073_135       49.7469   28.1251   -1.0 411.164258 -0.422862
sounding_073_136       49.7215   28.4706   -1.0 411.208889 -0.020860
sounding_073_137       49.6950   28.8157   -1.0 411.265255 -0.364331
sounding_073_138       49.6674   29.1604   -1.0 411.314385 -0.025427
sounding_073_139       49.6388   29.5048   -1.0 411.331885  1.199468
sounding_073_140       49.6092   29.8486   -1.0 411.323078  0.106215
sounding_073_141       49.5784   30.1921   -1.0 411.320492  0.321901
sounding_073_142       49.5467   30.5351   -1.0 411.326740  0.092303
sounding_073_143       49.5139   30.8776   -1.0 411.324045 -1.980402
sounding_074_134       49.9948   27.8164   -1.0 411.164257  1.345304
sounding_074_135       49.9703   28.1639   -1.0 411.174593  1.500223
sounding_074_136       49.9447   28.5110   -1.0 411.225755  1.527515
sounding_074_137       49.9181   28.8577   -1.0 411.294523  0.443336
sounding_074_138       49.8904   29.2040   -1.0 411.343837  0.313406
sounding_074_139       49.8617   29.5500   -1.0 411.357673  0.527829
sounding_074_140       49.8319   29.8954   -1.0 411.358567 -0.932949
sounding_074_141       49.8010   30.2405   -1.0 411.362532  0.506088
sounding_074_142       49.7691   30.5850   -1.0 411.357915  1.877630
sounding_074_143       49.7362   30.9291   -1.0 411.336968  0.466834
sounding_075_134       50.2183   27.8539   -1.0 411.187871 -0.395297
sounding_075_135       50.1937   28.2030   -1.0 411.198877  0.032520
sounding_075_136       50.1680   28.5518   -1.0 411.244164 -0.964699
sounding_075_137       50.1412   28.9001   -1.0 411.313946 -0.871742
sounding_075_138       50.1134   29.2480   -1.0 411.370066  0.824050
sounding_075_139       50.0845   29.5956   -1.0 411.393893  0.084649
sounding_075_140       50.0546   29.9427   -1.0 411.404834 -0.863093
sounding_075_141       50.0236   30.2893   -1.0 411.407962  0.255022
sounding_075_142       49.9915   30.6355   -1.0 411.392367  0.690248
sounding_075_143       49.9584   30.9812   -1.0 411.361066 -1.307657
sounding_076_135       50.4171   28.2425   -1.0 411.230261  0.023551
sounding_076_136       50.3913   28.5929   -1.0 411.273426 -1.232270
sounding_076_137       50.3644   28.9429   -1.0 411.340940  0.183582
sounding_076_138       50.3364   29.2925   -1.0 411.398909  0.038784
sounding_076_139       50.3074   29.6417   -1.0 411.428765 -0.343085
sounding_076_140       50.2773   29.9904   -1.0 411.442695 -0.034632
sounding_076_141       50.2461   30.3386   -1.0 411.456113  0.197194
sounding_076_142       50.2139   30.6864   -1.0 411.458961 -0.237112
sounding_076_143       50.1806   31.0337   -1.0 411.432283  0.095525
sounding_076_144       50.1463   31.3805   -1.0 411.389404 -0.174779
sounding_077_135       50.6405   28.2824   -1.0 411.272947  1.572530
sounding_077_136       50.6145   28.6345   -1.0 411.316008  0.575458
sounding_077_137       50.5875   28.9861   -1.0 411.381268  1.683491
sounding_077_138       50.5594   29.3373   -1.0 411.433288 -0.228557
sounding_077_139       50.5302   29.6882   -1.0 411.459187  0.738683
sounding_077_140       50.5000   30.0385   -1.0 411.475009  1.196922
sounding_077_141       50.4687   30.3884   -1.0 411.503158  1.326631
sounding_077_142       50.4363   30.7378   -1.0 411.526391  0.079825
sounding_077_143       50.4029   31.0867   -1.0 411.519215 -0.460876
sounding_077_144       50.3684   31.4352   -1.0 411.474414  1.136273
sounding_078_135       50.8639   28.3227   -1.0 411.319857  0.789412
sounding_078_136       50.8378   28.6764   -1.0 411.377522  0.430501
sounding_078_137       50.8106   29.0297   -1.0 411.433746  0.968403
sounding_078_138       50.7824   29.3826   -1.0 411.466696 -0.668494
sounding_078_139       50.7531   29.7351   -1.0 411.484235  1.258944
sounding_078_140       50.7227   30.0871   -1.0 411.499544  0.829918
sounding_078_141       50.6912   30.4387   -1.0 411.527206 -0.032614
sounding_078_142       50.6587   30.7897   -1.0 411.553469  1.337369
sounding_078_143       50.6251   31.1403   -1.0 411.556403 -0.658680
sounding_078_144       50.5905   31.4903   -1.0 411.525558  0.381858
sounding_079_135       51.0873   28.3633   -1.0 411.362378 -0.501774
sounding_079_136       51.0611   28.7188   -1.0 411.433752  0.349543
sounding_079_137       51.0338   29.0738   -1.0 411.470930  2.605964
sounding_079_138       51.0054   29.4284   -1.0 411.490996 -0.307474
sounding_079_139       50.9759   29.7825   -1.0 411.505741  0.021913
sounding_079_140       50.9454   30.1362   -1.0 411.520837  0.311832
sounding_079_141       50.9138   30.4894   -1.0 411.540875  0.956316
sounding_079_142       50.8811   30.8421   -1.0 411.560876  0.667957
sounding_079_143       50.8473   31.1943   -1.0 411.566686  0.162492
sounding_079_144       50.8125   31.5460   -1.0 411.549608 -1.817240
sounding_080_135       51.3107   28.4044   -1.0 411.360189  1.869548
sounding_080_136       51.2843   28.7615   -1.0 411.444036 -1.530987
sounding_080_137       51.2569   29.1183   -1.0 411.478596  1.535521
sounding_080_138       51.2284   29.4746   -1.0 411.504687 -0.316346
sounding_080_139       51.1988   29.8304   -1.0 411.529415 -1.360954
sounding_080_140       51.1681   30.1858   -1.0 411.544668  0.931371
sounding_080_141       51.1363   30.5406   -1.0 411.551614  0.146929
sounding_080_142       51.1035   30.8951   -1.0 411.562809  0.695589
sounding_080_143       51.0695   31.2489   -1.0 411.563902  1.456439
sounding_080_144       51.0345   31.6023   -1.0 411.552513 -0.477807
sounding_081_135       51.5340   28.4459   -1.0 411.297513  0.842997
sounding_081_136       51.5076   28.8047   -1.0 411.392187  0.406395
sounding_081_137       51.4800   29.1632   -1.0 411.452280  1.157831
sounding_081_138       51.4513   29.5212   -1.0 411.504660  1.106643
sounding_081_139       51.4216   29.8787   -1.0 411.551048 -2.010212
sounding_081_140       51.3907   30.2358   -1.0 411.573968 -0.321847
sounding_081_141       51.3588   30.5924   -1.0 411.574956 -1.388206
sounding_081_142       51.3258   30.9485   -1.0 411.574168  0.880765
sounding_081_143       51.2917   31.3040   -1.0 411.566143  1.304830
sounding_081_144       51.2566   31.6590   -1.0 411.555182  1.227229
sounding_082_135       51.7574   28.4877   -1.0 411.207567  0.556823
sounding_082_136       51.7308   28.8484   -1.0 411.316597  1.137906
sounding_082_137       51.7031   29.2085   -1.0 411.410196  1.617519
sounding_082_138       51.6743   29.5683   -1.0 411.492778 -0.650885
sounding_082_139       51.6444   29.9276   -1.0 411.556166  0.747053
sounding_082_140       51.6134   30.2863   -1.0 411.580874 -1.570322
sounding_082_141       51.5813   30.6446   -1.0 411.577058  0.905336
sounding_082_142       51.5482   31.0024   -1.0 411.576700  0.602178
sounding_082_143       51.5139   31.3596   -1.0 411.573859 -1.965132
sounding_082_144       51.4786   31.7164   -1.0 411.555555 -0.638125
sounding_083_135       51.9807   28.5300   -1.0 411.143544 -1.779854
sounding_083_136       51.9540   28.8924   -1.0 411.267680  0.130377
sounding_083_137       51.9262   29.2543   -1.0 411.383883 -0.000923
sounding_083_138       51.8972   29.6158   -1.0 411.483334  0.325496
sounding_083_139       51.8672   29.9768   -1.0 411.555235  0.524063
sounding_083_140       51.8360   30.3374   -1.0 411.576358 -0.135507
sounding_083_141       51.8038   30.6974   -1.0 411.574676 -0.237266
sounding_083_142       51.7705   31.0569   -1.0 411.574450 -0.270671
sounding_083_143       51.7360   31.4159   -1.0 411.573596 -0.976549
sounding_083_144       51.7005   31.7743   -1.0 411.560690 -0.945382
sounding_084_136       52.1772   28.9369   -1.0 411.248443 -1.450439
sounding_084_137       52.1492   29.3006   -1.0 411.374424  0.503302
sounding_084_138       52.1201   29.6639   -1.0 411.475094  0.192235
sounding_084_139       52.0899   30.0266   -1.0 411.544876  0.415437
sounding_084_140       52.0586   30.3889   -1.0 411.567022  0.900652
sounding_084_141       52.0262   30.7507   -1.0 411.573528  0.352194
sounding_084_142       51.9927   31.1119   -1.0 411.578582  0.142156
sounding_084_143       51.9582   31.4726   -1.0 411.578629  1.452401
sounding_084_144       51.9225   31.8327   -1.0 411.570809 -1.630956
sounding_084_145       51.8857   32.1923   -1.0 411.556983  1.085440
sounding_085_136       52.4003   28.9818   -1.0 411.270670  0.395435
sounding_085_137       52.3722   29.3473   -1.0 411.378569 -0.736601
sounding_085_138       52.3430   29.7124   -1.0 411.465890  1.589999
sounding_085_139       52.3127   30.0769   -1.0 411.530752 -0.182183
sounding_085_140       52.2812   30.4410   -1.0 411.558739 -1.291503
sounding_085_141       52.2487   30.8045   -1.0 411.573439  0.881335
sounding_085_142       52.2150   31.1675   -1.0 411.581403 -0.626376
sounding_085_143       52.1802   31.5299   -1.0 411.582683  0.386116
sounding_085_144       52.1444   31.8918   -1.0 411.583000 -1.266268
sounding_085_145       52.1074   32.2531   -1.0 411.572936  1.203682
sounding_086_136       52.6235   29.0272   -1.0 411.300224  0.795795
sounding_086_137       52.5952   29.3945   -1.0 411.391605  0.055926
sounding_086_138       52.5658   29.7614   -1.0 411.468006  1.298260
sounding_086_139       52.5354   30.1277   -1.0 411.519258  0.175175
sounding_086_140       52.5038   30.4935   -1.0 411.546429 -0.636908
sounding_086_141       52.4710   30.8588   -1.0 411.568026 -0.159160
sounding_086_142       52.4372   31.2236   -1.0 411.581762 -0.560916
sounding_086_143       52.4023   31.5878   -1.0 411.584279  0.257466
sounding_086_144       52.3662   31.9514   -1.0 411.590690  0.739137
sounding_086_145       52.3291   32.3144   -1.0 411.588753  0.609450
sounding_087_136       52.8466   29.0731   -1.0 411.317525  0.158321
sounding_087_137       52.8182   29.4422   -1.0 411.393497  0.810286
sounding_087_138       52.7887   29.8108   -1.0 411.459499 -0.189959
sounding_087_139       52.7580   30.1790   -1.0 411.495735 -0.172931
sounding_087_140       52.7263   30.5466   -1.0 411.517532 -1.934579
sounding_087_141       52.6934   30.9137   -1.0 411.541334 -0.656214
sounding_087_142       52.6594   31.2803   -1.0 411.563587 -1.050398
sounding_087_143       52.6243   31.6462   -1.0 411.572905  1.400893
sounding_087_144       52.5881   32.0116   -1.0 411.583664  0.992720
sounding_087_145       52.5507   32.3764   -1.0 411.587306 -0.733919
sounding_088_136       53.0696   29.1194   -1.0 411.316511 -1.015950
sounding_088_137       53.0411   29.4904   -1.0 411.377084  1.678256
sounding_088_138       53.0115   29.8608   -1.0 411.433446 -0.096405
sounding_088_139       52.9806   30.2308   -1.0 411.467480 -0.276162
sounding_088_140       52.9487   30.6003   -1.0 411.488818  0.973333
sounding_088_141       52.9157   30.9692   -1.0 411.513626 -0.227969
sounding_088_142       52.8815   31.3375   -1.0 411.540645 -2.619006
sounding_088_143       52.8462   31.7053   -1.0 411.558718 -0.419926
sounding_088_144       52.8098   32.0725   -1.0 411.564579 -0.588848
sounding_088_145       52.7723   32.4390   -1.0 411.566890 -0.879046
sounding_089_136       53.2927   29.1661   -1.0 411.289903 -0.822085
sounding_089_137       53.2640   29.5390   -1.0 411.349282 -0.308586
sounding_089_138       53.2342   29.9113   -1.0 411.400896  0.145389
sounding_089_139       53.2032   30.2831   -1.0 411.433652  0.235419
sounding_089_140       53.1712   30.6545   -1.0 411.458394  0.462537
sounding_089_141       53.1379   31.0252   -1.0 411.491575  1.771958
sounding_089_142       53.1036   31.3954   -1.0 411.530915  0.431683
sounding_089_143       53.0682   31.7649   -1.0 411.546574 -1.624250
sounding_089_144       53.0316   32.1339   -1.0 411.541636  2.433802
sounding_089_145       52.9939   32.5023   -1.0 411.539138  1.026669
sounding_090_136       53.5156   29.2134   -1.0 411.248613 -0.268797
sounding_090_137       53.4868   29.5881   -1.0 411.299473 -0.656244
sounding_090_138       53.4569   29.9623   -1.0 411.345007  1.604552
sounding_090_139       53.4258   30.3360   -1.0 411.381845  0.119843
sounding_090_140       53.3935   30.7092   -1.0 411.418195 -0.184265
sounding_090_141       53.3602   31.0818   -1.0 411.460840 -0.933854
sounding_090_142       53.3257   31.4538   -1.0 411.506747  1.218686
sounding_090_143       53.2900   31.8252   -1.0 411.526688  1.647036
sounding_090_144       53.2533   32.1960   -1.0 411.530773  0.977266
sounding_090_145       53.2154   32.5661   -1.0 411.517465 -1.600297
sounding_091_137       53.7096   29.6378   -1.0 411.224718 -1.034685
sounding_091_138       53.6795   30.0139   -1.0 411.275075  1.198469
sounding_091_139       53.6482   30.3895   -1.0 411.316053 -0.022305
sounding_091_140       53.6159   30.7645   -1.0 411.355643 -1.234383
sounding_091_141       53.5823   31.1389   -1.0 411.405847  0.181582
sounding_091_142       53.5476   31.5128   -1.0 411.462470 -0.672368
sounding_091_143       53.5118   31.8861   -1.0 411.496388 -0.299255
sounding_091_144       53.4749   32.2587   -1.0 411.500749 -1.769274
sounding_091_145       53.4368   32.6307   -1.0 411.478159 -0.226771
sounding_091_146       53.3976   33.0020   -1.0 411.463500 -0.528972
sounding_092_137       53.9323   29.6879   -1.0 411.168521  0.034659
sounding_092_138       53.9021   30.0660   -1.0 411.219150 -1.590148
sounding_092_139       53.8707   30.4434   -1.0 411.266225  0.365157
sounding_092_140       53.8381   30.8203   -1.0 411.307650 -2.281596
sounding_092_141       53.8044   31.1967   -1.0 411.360100  0.161060
sounding_092_142       53.7696   31.5724   -1.0 411.416286  0.801142
sounding_092_143       53.7336   31.9475   -1.0 411.453087  0.102423
sounding_092_144       53.6964   32.3220   -1.0 411.456662  1.282067
sounding_092_145       53.6582   32.6959   -1.0 411.442232  1.968162
sounding_092_146       53.6188   33.0690   -1.0 411.442727  0.901336
sounding_093_137       54.1550   29.7386   -1.0 411.162739 -0.123401
sounding_093_138       54.1246   30.1186   -1.0 411.203347 -0.773569
sounding_093_139       54.0930   30.4980   -1.0 411.248358 -0.952527
sounding_093_140       54.0603   30.8768   -1.0 411.286597  0.408827
sounding_093_141       54.0264   31.2550   -1.0 411.328702  0.835264
sounding_093_142       53.9914   31.6326   -1.0 411.367496  0.111763
sounding_093_143       53.9552   32.0096   -1.0 411.390740 -2.148376
sounding_093_144       53.9179   32.3860   -1.0 411.413202 -0.609784
sounding_093_145       53.8795   32.7617   -1.0 411.425977 -1.010939
sounding_093_146       53.8399   33.1367   -1.0 411.435539  2.035886
sounding_094_137       54.3776   29.7899   -1.0 411.199415  1.926432
sounding_094_138       54.3471   30.1717   -1.0 411.223383 -3.189808
sounding_094_139       54.3154   30.5531   -1.0 411.251883 -0.549384
sounding_094_140       54.2825   30.9338   -1.0 411.283882  0.364286
sounding_094_141       54.2484   31.3140   -1.0 411.313058  1.435686
sounding_094_142       54.2132   31.6935   -1.0 411.336223  1.261843
sounding_094_143       54.1769   32.0724   -1.0 411.351126 -0.352231
sounding_094_144       54.1394   32.4507   -1.0 411.366733  0.282027
sounding_094_145       54.1007   32.8282   -1.0 411.388281 -0.187804
sounding_094_146       54.0609   33.2051   -1.0 411.414475 -1.213332
sounding_095_137       54.6002   29.8416   -1.0 411.283864 -1.283376
sounding_095_138       54.5695   30.2255   -1.0 411.287307  0.437027
sounding_095_139       54.5376   30.6087   -1.0 411.285064 -1.369675
sounding_095_140       54.5045   30.9914   -1.0 411.296315  0.203734
sounding_095_141       54.4703   31.3735   -1.0 411.312191 -0.853136
sounding_095_142       54.4349   31.7550   -1.0 411.326252 -0.103654
sounding_095_143       54.3984   32.1358   -1.0 411.326369 -0.489097
sounding_095_144       54.3607   32.5160   -1.0 411.317834 -0.579893
sounding_095_145       54.3219   32.8955   -1.0 411.328781 -1.007147
sounding_095_146       54.2819   33.2742   -1.0 411.364529 -1.677973
sounding_096_137       54.8227   29.8939   -1.0 411.387909 -0.641785
sounding_096_138       54.7918   30.2797   -1.0 411.365194 -0.255747
sounding_096_139       54.7597   30.6650   -1.0 411.346498  1.283175
sounding_096_140       54.7265   31.0497   -1.0 411.334393  2.149485
sounding_096_141       54.6921   31.4337   -1.0 411.325419 -1.442515
sounding_096_142       54.6566   31.8171   -1.0 411.319588  0.075806
sounding_096_143       54.6199   32.1999   -1.0 411.309572  1.385589
sounding_096_144       54.5820   32.5820   -1.0 411.290133  1.351826
sounding_096_145       54.5430   32.9634   -1.0 411.285822  0.337521
sounding_096_146       54.5028   33.3441   -1.0 411.319413 -0.771474
sounding_097_137       55.0451   29.9468   -1.0 411.470309  1.384019
sounding_097_138       55.0140   30.3346   -1.0 411.436998  0.849145
sounding_097_139       54.9818   30.7219   -1.0 411.404903  0.695631
sounding_097_140       54.9485   31.1085   -1.0 411.370381 -0.645334
sounding_097_141       54.9139   31.4945   -1.0 411.342052 -0.668630
sounding_097_142       54.8782   31.8799   -1.0 411.321766 -0.167541
sounding_097_143       54.8413   32.2647   -1.0 411.309491  0.142955
sounding_097_144       54.8032   32.6487   -1.0 411.298263  1.558885
sounding_097_145       54.7640   33.0320   -1.0 411.287002  1.156152
sounding_097_146       54.7236   33.4146   -1.0 411.297897 -0.591192
sounding_098_137       55.2674   30.0002   -1.0 411.500119  0.626232
sounding_098_138       55.2362   30.3900   -1.0 411.470177  0.105461
sounding_098_139       55.2039   30.7793   -1.0 411.426792  0.441675
sounding_098_140       55.1703   31.1680   -1.0 411.382120 -0.400998
sounding_098_141       55.1356   31.5560   -1.0 411.352560 -0.698404
sounding_098_142       55.0996   31.9434   -1.0 411.341094 -0.648368
sounding_098_143       55.0626   32.3301   -1.0 411.325093 -1.415865
sounding_098_144       55.0243   32.7161   -1.0 411.314750  1.261945
sounding_098_145       54.9849   33.1014   -1.0 411.305024  0.878575
sounding_098_146       54.9443   33.4860   -1.0 411.303429  2.497377
sounding_098_147       54.9025   33.8698   -1.0 411.322722  1.416293
sounding_099_138       55.4583   30.4461   -1.0 411.464167 -0.177764
sounding_099_139       55.4258   30.8374   -1.0 411.423309 -0.420683
sounding_099_140       55.3921   31.2281   -1.0 411.392132 -0.411350
sounding_099_141       55.3571   31.6182   -1.0 411.368491 -0.663094
sounding_099_142       55.3210   32.0075   -1.0 411.348401 -3.196599
sounding_099_143       55.2838   32.3962   -1.0 411.328349  0.457357
sounding_099_144       55.2453   32.7842   -1.0 411.314611 -0.379714
sounding_099_145       55.2057   33.1715   -1.0 411.308795 -1.703106
sounding_099_146       55.1649   33.5580   -1.0 411.303393  0.918942
sounding_099_147       55.1229   33.9438   -1.0 411.300607 -0.510054
sounding_100_138       55.6803   30.5027   -1.0 411.467284 -0.027717
sounding_100_139       55.6476   30.8961   -1.0 411.428425 -1.095285
sounding_100_140       55.6137   31.2889   -1.0 411.390313 -1.045727
sounding_100_141       55.5786   31.6809   -1.0 411.360461  0.106334
sounding_100_142       55.5424   32.0724   -1.0 411.335865  1.502921
sounding_100_143       55.5049   32.4631   -1.0 411.323527  0.581947
sounding_100_144       55.4663   32.8531   -1.0 411.316597 -0.777261
sounding_100_145       55.4264   33.2423   -1.0 411.306845  1.859312
sounding_100_146       55.3854   33.6309   -1.0 411.295755  0.963126
sounding_100_147       55.3432   34.0185   -1.0 411.268158 -0.175696
sounding_101_138       55.9023   30.5600   -1.0 411.500163 -0.524848
sounding_101_139       55.8694   30.9554   -1.0 411.444968 -1.943056
sounding_101_140       55.8353   31.3502   -1.0 411.383566  0.298401
sounding_101_141       55.8000   31.7444   -1.0 411.342088 -1.041930
sounding_101_142       55.7636   32.1379   -1.0 411.318877  1.325483
sounding_101_143       55.7259   32.5306   -1.0 411.320115  0.440764
sounding_101_144       55.6871   32.9227   -1.0 411.326358 -0.900635
sounding_101_145       55.6471   33.3139   -1.0 411.313643  1.735379
sounding_101_146       55.6058   33.7044   -1.0 411.283266 -0.422847
sounding_101_147       55.5635   34.0942   -1.0 411.234196  1.600774
sounding_102_138       56.1241   30.6179   -1.0 411.510753 -0.038007
sounding_102_139       56.0911   31.0154   -1.0 411.445656  0.420946
sounding_102_140       56.0568   31.4123   -1.0 411.383064  0.512178
sounding_102_141       56.0213   31.8086   -1.0 411.339846  1.097587
sounding_102_142       55.9847   32.2041   -1.0 411.319110 -0.689039
sounding_102_143       55.9468   32.5989   -1.0 411.318430 -1.818377
sounding_102_144       55.9078   32.9930   -1.0 411.322188 -0.646691
sounding_102_145       55.8676   33.3863   -1.0 411.305103 -0.407248
sounding_102_146       55.8262   33.7788   -1.0 411.279692  0.608453
sounding_102_147       55.7836   34.1706   -1.0 411.223777  0.099129
sounding_103_138       56.3458   30.6764   -1.0 411.494356  0.093550
sounding_103_139       56.3126   31.0761   -1.0 411.439610  0.732572
sounding_103_140       56.2782   31.4751   -1.0 411.387504 -1.060133
sounding_103_141       56.2426   31.8734   -1.0 411.342594 -0.436888
sounding_103_142       56.2057   32.2711   -1.0 411.315708  0.467955
sounding_103_143       56.1677   32.6679   -1.0 411.301530 -0.154297
sounding_103_144       56.1284   33.0641   -1.0 411.286341 -0.144929
sounding_103_145       56.0880   33.4595   -1.0 411.268058 -0.850851
sounding_103_146       56.0464   33.8540   -1.0 411.255122  1.127958
sounding_103_147       56.0036   34.2478   -1.0 411.224706  0.229631
sounding_104_138       56.5675   30.7355   -1.0 411.475383 -0.146484
sounding_104_139       56.5341   31.1374   -1.0 411.424149 -0.709676
sounding_104_140       56.4995   31.5385   -1.0 411.379894 -0.029987
sounding_104_141       56.4637   31.9390   -1.0 411.333965  0.128793
sounding_104_142       56.4266   32.3387   -1.0 411.291107 -0.333217
sounding_104_143       56.3884   32.7377   -1.0 411.257211 -0.031333
sounding_104_144       56.3490   33.1360   -1.0 411.228673  0.660559
sounding_104_145       56.3083   33.5334   -1.0 411.224822 -0.717228
sounding_104_146       56.2665   33.9301   -1.0 411.231757 -1.727082
sounding_104_147       56.2234   34.3259   -1.0 411.223337 -0.749492
sounding_105_138       56.7890   30.7953   -1.0 411.462476 -0.405974
sounding_105_139       56.7554   31.1993   -1.0 411.393746  0.209090
sounding_105_140       56.7206   31.6027   -1.0 411.345667 -0.257444
sounding_105_141       56.6846   32.0053   -1.0 411.291825  0.617549
sounding_105_142       56.6474   32.4072   -1.0 411.234671 -1.095220
sounding_105_143       56.6090   32.8083   -1.0 411.195068 -1.014760
sounding_105_144       56.5694   33.2086   -1.0 411.179950  0.483574
sounding_105_145       56.5285   33.6082   -1.0 411.190033  0.081647
sounding_105_146       56.4864   34.0069   -1.0 411.207232 -0.868249
sounding_105_147       56.4432   34.4047   -1.0 411.216186  1.526000
sounding_106_138       57.0104   30.8558   -1.0 411.456794 -0.594404
sounding_106_139       56.9766   31.2620   -1.0 411.366814 -0.727586
sounding_106_140       56.9417   31.6675   -1.0 411.299978  0.760293
sounding_106_141       56.9055   32.0723   -1.0 411.234716 -2.452833
sounding_106_142       56.8681   32.4763   -1.0 411.171598 -0.034147
sounding_106_143       56.8295   32.8796   -1.0 411.137594  0.460352
sounding_106_144       56.7896   33.2821   -1.0 411.128466  0.505436
sounding_106_145       56.7486   33.6838   -1.0 411.144200  0.369534
sounding_106_146       56.7063   34.0846   -1.0 411.177335  1.722472
sounding_106_147       56.6628   34.4845   -1.0 411.211818  0.734064
sounding_106_148       56.6181   34.8836   -1.0 411.242921  0.698424
sounding_107_139       57.1978   31.3254   -1.0 411.389232 -0.507854
sounding_107_140       57.1626   31.7331   -1.0 411.289531  0.550995
sounding_107_141       57.1263   32.1401   -1.0 411.215079 -1.342502
sounding_107_142       57.0887   32.5463   -1.0 411.163725  0.769627
sounding_107_143       57.0498   32.9517   -1.0 411.126983  0.322946
sounding_107_144       57.0098   33.3563   -1.0 411.109055  0.959805
sounding_107_145       56.9685   33.7601   -1.0 411.118579 -0.111615
sounding_107_146       56.9260   34.1631   -1.0 411.156829 -0.066735
sounding_107_147       56.8823   34.5652   -1.0 411.207809  0.561950
sounding_107_148       56.8374   34.9664   -1.0 411.266003 -0.441173
sounding_108_139       57.4188   31.3895   -1.0 411.438110  0.084978
sounding_108_140       57.3835   31.7994   -1.0 411.329312  0.486461
sounding_108_141       57.3469   32.2086   -1.0 411.264044  0.079132
sounding_108_142       57.3091   32.6170   -1.0 411.218084  0.366260
sounding_108_143       57.2701   33.0246   -1.0 411.173380  0.645483
sounding_108_144       57.2298   33.4314   -1.0 411.147941  0.098415
sounding_108_145       57.1883   33.8374   -1.0 411.141003 -0.318345
sounding_108_146       57.1456   34.2425   -1.0 411.163380 -1.216332
sounding_108_147       57.1017   34.6467   -1.0 411.218494 -0.246736
sounding_108_148       57.0566   35.0500   -1.0 411.284098 -1.267839
sounding_109_139       57.6397   31.4543   -1.0 411.519444 -0.612642
sounding_109_140       57.6042   31.8665   -1.0 411.428183 -0.135585
sounding_109_141       57.5674   32.2779   -1.0 411.361819  0.265745
sounding_109_142       57.5294   32.6885   -1.0 411.311252  0.554638
sounding_109_143       57.4902   33.0984   -1.0 411.271466  0.440354
sounding_109_144       57.4497   33.5074   -1.0 411.243483  0.462329
sounding_109_145       57.4080   33.9155   -1.0 411.216331  0.027837
sounding_109_146       57.3651   34.3228   -1.0 411.219694  1.693742
sounding_109_147       57.3210   34.7292   -1.0 411.255238 -1.492784
sounding_109_148       57.2756   35.1346   -1.0 411.314765 -1.739847
sounding_110_139       57.8604   31.5198   -1.0 411.576515 -0.785090
sounding_110_140       57.8247   31.9343   -1.0 411.518859  0.222425
sounding_110_141       57.7878   32.3480   -1.0 411.450896 -1.021699
sounding_110_142       57.7496   32.7609   -1.0 411.408668  0.792030
sounding_110_143       57.7102   33.1729   -1.0 411.397366 -1.501245
sounding_110_144       57.6695   33.5842   -1.0 411.377245  0.962757
sounding_110_145       57.6276   33.9945   -1.0 411.349721 -0.066927
sounding_110_146       57.5844   34.4040   -1.0 411.344222  0.385620
sounding_110_147       57.5400   34.8125   -1.0 411.350775 -0.169872
sounding_110_148       57.4944   35.2201   -1.0 411.380126 -0.829629
sounding_111_139       58.0810   31.5861   -1.0 411.579999 -2.008916
sounding_111_140       58.0452   32.0029   -1.0 411.563533 -0.599594
sounding_111_141       58.0080   32.4188   -1.0 411.542779 -0.602192
sounding_111_142       57.9696   32.8340   -1.0 411.536635  0.347056
sounding_111_143       57.9300   33.2484   -1.0 411.552981 -0.626484
sounding_111_144       57.8891   33.6618   -1.0 411.560504  0.407452
sounding_111_145       57.8470   34.0744   -1.0 411.547286  0.795999
sounding_111_146       57.8036   34.4861   -1.0 411.523948  1.835329
sounding_111_147       57.7590   34.8969   -1.0 411.496097  0.941615
sounding_111_148       57.7131   35.3066   -1.0 411.474878 -0.601367
sounding_112_139       58.3015   31.6532   -1.0 411.545968  1.074321
sounding_112_140       58.2655   32.0722   -1.0 411.596588  0.130632
sounding_112_141       58.2281   32.4905   -1.0 411.642170  0.843884
sounding_112_142       58.1895   32.9080   -1.0 411.688115  1.083769
sounding_112_143       58.1497   33.3246   -1.0 411.724626  0.502901
sounding_112_144       58.1086   33.7404   -1.0 411.747149 -2.017300
sounding_112_145       58.0662   34.1552   -1.0 411.746836  1.047158
sounding_112_146       58.0226   34.5691   -1.0 411.702618 -0.746821
sounding_112_147       57.9778   34.9821   -1.0 411.642553 -1.320592
sounding_112_148       57.9317   35.3941   -1.0 411.584066  0.653472
sounding_113_139       58.5219   31.7210   -1.0 411.527115 -0.226267
sounding_113_140       58.4856   32.1424   -1.0 411.622931 -1.015152
sounding_113_141       58.4481   32.5630   -1.0 411.717470  1.886837
sounding_113_142       58.4093   32.9828   -1.0 411.804868 -2.457035
sounding_113_143       58.3692   33.4017   -1.0 411.866601  0.420312
sounding_113_144       58.3279   33.8198   -1.0 411.898468  1.406516
sounding_113_145       58.2854   34.2369   -1.0 411.898946  0.672113
sounding_113_146       58.2415   34.6531   -1.0 411.853947 -1.219113
sounding_113_147       58.1964   35.0683   -1.0 411.785463 -0.123105
sounding_113_148       58.1501   35.4825   -1.0 411.706935 -0.486071
sounding_114_139       58.7421   31.7896   -1.0 411.520379 -0.359722
sounding_114_140       58.7056   32.2134   -1.0 411.630907 -0.379435
sounding_114_141       58.6679   32.6364   -1.0 411.750858  0.604770
sounding_114_142       58.6289   33.0585   -1.0 411.864594 -0.148924
sounding_114_143       58.5886   33.4798   -1.0 411.945906  1.866169
sounding_114_144       58.5471   33.9001   -1.0 411.995030 -0.293301
sounding_114_145       58.5043   34.3195   -1.0 412.011309  0.452715
sounding_114_146       58.4602   34.7380   -1.0 411.978893  1.638366
sounding_114_147       58.4149   35.1555   -1.0 411.915494 -1.070271
sounding_114_148       58.3684   35.5720   -1.0 411.829416 -0.219497
sounding_114_149       58.3206   35.9875   -1.0 411.742039 -0.119575
sounding_115_140       58.9255   32.2852   -1.0 411.642319  0.535275
sounding_115_141       58.8875   32.7106   -1.0 411.748071  1.238598
sounding_115_142       58.8483   33.1351   -1.0 411.862589 -0.304070
sounding_115_143       58.8079   33.5587   -1.0 411.964201 -0.497156
sounding_115_144       58.7661   33.9814   -1.0 412.048648 -1.425981
sounding_115_146       58.6788   34.8239   -1.0 412.077240  0.367096
sounding_115_147       58.6333   35.2437   -1.0 412.025812  0.343490
sounding_115_148       58.5865   35.6625   -1.0 411.942154 -0.036833
sounding_115_149       58.5384   36.0802   -1.0 411.844903  0.816632
sounding_116_140       59.1452   32.3579   -1.0 411.662382 -2.000188
sounding_116_141       59.1071   32.7856   -1.0 411.758299  1.659574
sounding_116_142       59.0676   33.2126   -1.0 411.861148  1.282547
sounding_116_143       59.0269   33.6386   -1.0 411.968152 -0.849293
sounding_116_148       58.8044   35.7540   -1.0 412.034269 -0.616611
sounding_116_149       58.7561   36.1740   -1.0 411.936428  0.629628
sounding_117_142       59.2868   33.2910   -1.0 411.903262  0.789035
sounding_117_143       59.2459   33.7194   -1.0 411.986992 -0.297697
sounding_117_149       58.9736   36.2689   -1.0 412.013024  0.292955
sounding_118_144       59.4222   34.2310   -1.0 412.070828  0.281818
sounding_121_141       60.2020   33.1746   -1.0 412.036213 -0.091681
sounding_121_142       60.1615   33.6139   -1.0 412.007578 -1.692763
sounding_122_141       60.4205   33.2552   -1.0 412.072783 -0.884808
sounding_122_142       60.3798   33.6970   -1.0 412.042064 -0.936707
sounding_123_141       60.6388   33.3368   -1.0 412.088850  0.445126
sounding_123_142       60.5978   33.7812   -1.0 412.058981  0.721755
sounding_123_143       60.5556   34.2246   -1.0 412.012767  0.609740
sounding_124_141       60.8568   33.4193   -1.0 412.065780  1.413599
sounding_124_142       60.8157   33.8664   -1.0 412.040583  1.184341
sounding_125_142       61.0333   33.9527   -1.0 411.984025  1.954790
sounding_137_145       63.4866   36.5209   -1.0 411.028480 -2.626497
sounding_138_145       63.7004   36.6318   -1.0 411.022675  0.518184
sounding_139_152       63.5311   40.1022   -1.0 410.553707 -0.961352
sounding_141_152       63.9529   40.3731   -1.0 410.670184  0.750367
sounding_143_144       64.8152   36.7105   -1.0 410.844779  0.636938
sounding_144_144       65.0276   36.8275   -1.0 410.815778  0.418587
sounding_144_145       64.9771   37.3292   -1.0 410.693626 -0.336499
