sounding_014_149       36.3595   30.1175   -1.0 413.635737  1.434944
sounding_014_150       36.3290   30.3850   -1.0 413.695866  0.538725
sounding_015_149       36.5751   30.1549   -1.0 414.309101 -0.451768
sounding_015_150       36.5446   30.4234   -1.0 414.066943  0.911496
sounding_015_157       36.3087   32.2949   -1.0 413.244735  0.637366
sounding_015_158       36.2719   32.5610   -1.0 412.930800 -0.981292
sounding_015_159       36.2343   32.8267   -1.0 412.676562  1.622606
sounding_016_149       36.7910   30.1926   -1.0 415.138358  0.874891
sounding_016_150       36.7603   30.4621   -1.0 414.574689 -1.162248
sounding_016_156       36.5595   32.0729   -1.0 413.329414 -1.440977
sounding_016_157       36.5233   32.3402   -1.0 413.133374 -0.295569
sounding_016_158       36.4864   32.6073   -1.0 413.224084 -0.369356
sounding_016_159       36.4486   32.8740   -1.0 413.189960 -1.096634
sounding_017_150       36.9762   30.5010   -1.0 414.529010 -0.582687
sounding_017_151       36.9445   30.7712   -1.0 413.797292  0.977290
sounding_017_152       36.9121   31.0411   -1.0 413.519865 -1.142011
sounding_017_153       36.8789   31.3107   -1.0 413.638451  0.500949
sounding_017_154       36.8449   31.5800   -1.0 413.717732 -0.011298
sounding_017_155       36.8101   31.8490   -1.0 413.583062 -0.602560
sounding_017_156       36.7745   32.1176   -1.0 413.417551 -0.334996
sounding_017_157       36.7381   32.3859   -1.0 413.507330 -0.328004
sounding_017_158       36.7010   32.6539   -1.0 413.886898  0.609908
sounding_017_159       36.6631   32.9216   -1.0 414.084847  0.452714
sounding_018_150       37.1922   30.5403   -1.0 414.374051 -0.783552
sounding_018_151       37.1604   30.8115   -1.0 413.752939 -0.144947
sounding_018_152       37.1279   31.0823   -1.0 413.416679  0.725648
sounding_018_153       37.0945   31.3529   -1.0 413.408844  1.031567
sounding_018_154       37.0603   31.6232   -1.0 413.589813 -1.291778
sounding_018_155       37.0254   31.8931   -1.0 413.805263  0.828611
sounding_018_156       36.9896   32.1627   -1.0 413.962044  0.706116
sounding_018_157       36.9531   32.4320   -1.0 414.119157  0.454523
sounding_018_158       36.9158   32.7009   -1.0 414.375701 -0.408058
sounding_018_159       36.8777   32.9695   -1.0 414.484216 -0.122679
sounding_019_150       37.4084   30.5798   -1.0 414.442788 -0.158298
sounding_019_151       37.3765   30.8520   -1.0 414.068577  0.758837
sounding_019_152       37.3438   31.1238   -1.0 413.911114 -1.218881
sounding_019_153       37.3103   31.3954   -1.0 413.994513  0.329142
sounding_019_154       37.2760   31.6666   -1.0 414.127568  0.025548
sounding_019_155       37.2408   31.9375   -1.0 414.215839  0.136646
sounding_019_156       37.2049   32.2081   -1.0 414.255200 -0.247722
sounding_019_157       37.1682   32.4784   -1.0 414.282293 -0.685642
sounding_019_158       37.1307   32.7483   -1.0 414.319992 -0.278449
sounding_019_159       37.0925   33.0178   -1.0 414.376864 -0.048187
sounding_020_150       37.6248   30.6197   -1.0 414.560424 -1.782977
sounding_020_151       37.5928   30.8928   -1.0 414.468745  0.231835
sounding_020_152       37.5599   31.1656   -1.0 414.542478 -0.281064
sounding_020_153       37.5262   31.4382   -1.0 414.596825  0.831905
sounding_020_154       37.4917   31.7104   -1.0 414.468924  1.079615
sounding_020_155       37.4565   31.9823   -1.0 414.224865 -0.101454
sounding_020_156       37.4204   32.2538   -1.0 414.071664  0.727177
sounding_020_157       37.3835   32.5251   -1.0 413.995532  0.053708
sounding_020_158       37.3459   32.7960   -1.0 414.003595  0.537416
sounding_020_159       37.3074   33.0665   -1.0 414.101306 -1.029143
sounding_021_150       37.8414   30.6598   -1.0 414.588423  1.171285
sounding_021_151       37.8092   30.9340   -1.0 414.633067  0.430542
sounding_021_152       37.7761   31.2078   -1.0 414.667308 -0.444801
sounding_021_154       37.7077   31.7545   -1.0 414.336383 -1.307697
sounding_021_155       37.6722   32.0274   -1.0 414.099142 -0.082752
sounding_021_156       37.6360   32.3000   -1.0 413.834139  1.224757
sounding_021_157       37.5990   32.5721   -1.0 413.723121 -0.817283
sounding_021_158       37.5611   32.8440   -1.0 413.778487 -0.470661
sounding_021_159       37.5225   33.1155   -1.0 413.933962  0.353822
sounding_022_150       38.0581   30.7002   -1.0 414.508964 -0.540082
sounding_022_151       38.0257   30.9754   -1.0 414.559735 -2.117912
sounding_022_152       37.9925   31.2502   -1.0 414.541096  2.385547
sounding_022_153       37.9586   31.5248   -1.0 414.381693  0.848408
sounding_022_154       37.9238   31.7990   -1.0 414.232142  0.733181
sounding_022_155       37.8882   32.0729   -1.0 414.126226  0.676657
sounding_022_156       37.8518   32.3464   -1.0 413.847412  0.829324
sounding_022_157       37.8146   32.6196   -1.0 413.671183  0.663912
sounding_022_158       37.7766   32.8924   -1.0 413.730347  1.372368
sounding_022_159       37.7378   33.1649   -1.0 413.971559  0.947197
sounding_023_150       38.2749   30.7410   -1.0 414.454248 -0.325188
sounding_023_151       38.2424   31.0172   -1.0 414.418678 -1.570030
sounding_023_152       38.2091   31.2930   -1.0 414.408672 -0.489659
sounding_023_153       38.1750   31.5685   -1.0 414.334953 -1.010688
sounding_023_154       38.1400   31.8438   -1.0 414.257715 -0.779389
sounding_023_155       38.1043   32.1187   -1.0 414.171559  0.020108
sounding_023_156       38.0677   32.3932   -1.0 413.965737 -2.135918
sounding_023_157       38.0303   32.6674   -1.0 413.764516 -1.387790
sounding_023_158       37.9921   32.9412   -1.0 413.808307 -2.367618
sounding_023_159       37.9532   33.2146   -1.0 414.060034  1.743616
sounding_024_150       38.4920   30.7820   -1.0 414.362505  1.105404
sounding_024_151       38.4593   31.0592   -1.0 414.246218 -0.666559
sounding_024_152       38.4258   31.3361   -1.0 414.217790 -0.807308
sounding_024_153       38.3915   31.6127   -1.0 414.203127 -0.151679
sounding_024_154       38.3564   31.8889   -1.0 414.180504  0.614259
sounding_024_155       38.3205   32.1648   -1.0 414.107103 -1.934978
sounding_024_156       38.2837   32.4403   -1.0 413.942752  1.660786
sounding_024_157       38.2462   32.7155   -1.0 413.779396  1.285099
sounding_024_158       38.2079   32.9903   -1.0 413.810440  0.355950
sounding_024_159       38.1687   33.2647   -1.0 413.987151 -0.285735
sounding_025_150       38.7091   30.8234   -1.0 414.249351 -0.326263
sounding_025_151       38.6763   31.1016   -1.0 414.114650 -0.982575
sounding_025_152       38.6427   31.3795   -1.0 414.056163  0.735208
sounding_025_153       38.6082   31.6571   -1.0 414.093654 -0.877978
sounding_025_155       38.5369   32.2112   -1.0 414.039845 -0.437278
sounding_025_156       38.5000   32.4878   -1.0 413.921183  0.505423
sounding_025_157       38.4622   32.7640   -1.0 413.776772 -0.779308
sounding_025_158       38.4237   33.0398   -1.0 413.743296 -1.257779
sounding_025_159       38.3844   33.3152   -1.0 413.769594  0.092312
sounding_026_151       38.8935   31.1443   -1.0 414.089608 -0.760958
sounding_026_152       38.8597   31.4233   -1.0 414.076678  0.979305
sounding_026_153       38.8251   31.7019   -1.0 414.146083 -0.959109
sounding_026_154       38.7897   31.9802   -1.0 414.198044 -1.680481
sounding_026_155       38.7534   32.2581   -1.0 414.180476  1.126561
sounding_026_156       38.7163   32.5356   -1.0 414.062818  0.071639
sounding_026_157       38.6784   32.8128   -1.0 413.855670  0.205132
sounding_026_158       38.6397   33.0897   -1.0 413.689641  1.745335
sounding_026_159       38.6002   33.3661   -1.0 413.550892 -0.420751
sounding_027_152       39.0769   31.4673   -1.0 414.132372 -0.684054
sounding_027_153       39.0421   31.7470   -1.0 414.228785  0.559045
sounding_027_154       39.0065   32.0263   -1.0 414.316623 -1.586909
sounding_027_155       38.9701   32.3053   -1.0 414.350709  0.363354
sounding_027_156       38.9328   32.5839   -1.0 414.255890 -1.638068
sounding_027_157       38.8948   32.8621   -1.0 413.997211 -1.583415
sounding_027_158       38.8559   33.1399   -1.0 413.673751  0.447618
sounding_027_160       38.7757   33.6945   -1.0 413.053875 -1.577964
sounding_028_152       39.2941   31.5118   -1.0 414.118637  0.302184
sounding_028_153       39.2592   31.7925   -1.0 414.263247 -0.572020
sounding_028_154       39.2234   32.0728   -1.0 414.368570  0.017094
sounding_028_155       39.1869   32.3528   -1.0 414.425656 -0.700145
sounding_028_156       39.1495   32.6324   -1.0 414.350698  0.017542
sounding_028_157       39.1112   32.9117   -1.0 414.052057 -0.063884
sounding_028_158       39.0722   33.1906   -1.0 413.594288 -0.308461
sounding_028_159       39.0323   33.4691   -1.0 413.132166 -1.162191
sounding_028_160       38.9916   33.7471   -1.0 412.716777 -2.018724
sounding_029_150       39.5793   30.9920   -1.0 414.011714 -0.885285
sounding_029_153       39.4765   31.8383   -1.0 414.168587 -1.027299
sounding_029_154       39.4406   32.1197   -1.0 414.339960  1.137335
sounding_029_155       39.4038   32.4007   -1.0 414.415738  0.789037
sounding_029_158       39.2886   33.2416   -1.0 413.358684  0.186439
sounding_029_159       39.2485   33.5211   -1.0 412.911536 -0.507141
sounding_029_160       39.2077   33.8002   -1.0 412.570390 -0.027301
sounding_030_153       39.6939   31.8845   -1.0 413.957908 -1.648696
sounding_030_154       39.6578   32.1669   -1.0 414.181929 -0.004983
sounding_030_155       39.6209   32.4490   -1.0 414.219841 -1.114497
sounding_030_158       39.5052   33.2930   -1.0 413.040256  2.229207
sounding_030_159       39.4649   33.5735   -1.0 412.733232  0.980865
sounding_030_160       39.4239   33.8537   -1.0 412.588833 -1.020875
sounding_031_151       39.9814   31.3629   -1.0 413.614367  0.278329
sounding_031_154       39.8752   32.2145   -1.0 413.878919 -1.057386
sounding_031_155       39.8381   32.4977   -1.0 413.808370 -0.407265
sounding_031_160       39.6401   33.9076   -1.0 412.544052  1.324529
sounding_032_151       40.1994   31.4076   -1.0 413.625810 -0.483596
sounding_032_152       40.1647   31.6929   -1.0 413.457818  0.557518
sounding_032_155       40.0554   32.5467   -1.0 413.272001  0.741155
sounding_032_160       39.8566   33.9619   -1.0 412.459231  1.248797
sounding_033_152       40.3827   31.7391   -1.0 413.605792  0.672306
sounding_033_153       40.3469   32.0252   -1.0 413.408280 -1.934326
sounding_033_154       40.3103   32.3109   -1.0 413.138246  0.735139
sounding_033_158       40.1556   33.4496   -1.0 412.395646  2.286392
sounding_033_159       40.1148   33.7334   -1.0 412.386985 -0.814226
sounding_033_160       40.0731   34.0166   -1.0 412.386534 -1.139021
sounding_034_158       40.3726   33.5027   -1.0 412.285242  1.059721
sounding_034_159       40.3316   33.7875   -1.0 412.287342  0.087114
sounding_034_160       40.2898   34.0718   -1.0 412.353169  2.065974
sounding_035_160       40.5066   34.1274   -1.0 412.434429 -0.885284
sounding_038_152       41.4743   31.9755   -1.0 412.706410  0.718192
sounding_039_153       41.6562   32.3167   -1.0 412.635446 -0.525455
sounding_040_154       41.8371   32.6601   -1.0 412.731246  2.022445
sounding_055_155       45.0830   33.7899   -1.0 413.205262  0.972516
sounding_056_153       45.3849   33.2242   -1.0 413.587707  0.007906
sounding_056_154       45.3442   33.5371   -1.0 413.499876  0.544087
sounding_056_155       45.3025   33.8495   -1.0 413.350288  0.562108
sounding_056_156       45.2600   34.1614   -1.0 413.153826 -1.029236
sounding_057_153       45.6049   33.2817   -1.0 413.628895  0.081164
sounding_057_154       45.5640   33.5959   -1.0 413.569333  0.111469
sounding_057_155       45.5222   33.9096   -1.0 413.455879 -1.439840
sounding_057_156       45.4794   34.2228   -1.0 413.342360  0.779481
sounding_057_157       45.4357   34.5355   -1.0 413.219265 -0.664848
sounding_057_161       45.2516   35.7807   -1.0 413.287372 -0.431918
sounding_058_154       45.7838   33.6552   -1.0 413.590460  0.379402
sounding_058_155       45.7418   33.9703   -1.0 413.514911  1.497991
sounding_058_156       45.6988   34.2847   -1.0 413.432518  0.712129
sounding_058_157       45.6549   34.5987   -1.0 413.387576 -0.583236
sounding_058_158       45.6101   34.9121   -1.0 413.322711 -1.106511
sounding_059_154       46.0037   33.7151   -1.0 413.611715 -0.653167
sounding_059_155       45.9615   34.0314   -1.0 413.564140 -1.134486
sounding_059_156       45.9183   34.3472   -1.0 413.518678  0.612399
sounding_060_152       46.3056   33.1386   -1.0 413.782520 -1.769876
sounding_060_153       46.2651   33.4572   -1.0 413.733225 -2.982098
sounding_060_154       46.2236   33.7754   -1.0 413.686401  0.394533
sounding_061_153       46.4853   33.5168   -1.0 413.893547 -1.686340
sounding_061_154       46.4436   33.8363   -1.0 413.803616 -0.150037
sounding_061_155       46.4010   34.1553   -1.0 413.694939  0.845031
sounding_061_156       46.3574   34.4738   -1.0 413.618750  0.165901
sounding_061_157       46.3129   34.7916   -1.0 413.601466 -0.121860
sounding_062_153       46.7054   33.5769   -1.0 413.939254  0.978167
sounding_062_154       46.6636   33.8977   -1.0 413.851940  1.893548
sounding_062_155       46.6208   34.2181   -1.0 413.734415 -0.323516
sounding_062_156       46.5770   34.5378   -1.0 413.674424 -0.584889
sounding_063_153       46.9257   33.6375   -1.0 413.835056  1.313381
sounding_063_154       46.8836   33.9597   -1.0 413.788813  1.052667
sounding_064_153       47.1459   33.6986   -1.0 413.694729  0.056115
sounding_064_154       47.1037   34.0222   -1.0 413.692989 -0.605862
sounding_065_153       47.3663   33.7603   -1.0 413.656099  2.041683
sounding_065_154       47.3238   34.0853   -1.0 413.680482 -0.463032
sounding_066_153       47.5866   33.8225   -1.0 413.741593  1.482677
sounding_067_153       47.8069   33.8853   -1.0 413.878814  0.195474
sounding_067_154       47.7641   34.2131   -1.0 413.974748  0.489647
sounding_068_153       48.0273   33.9487   -1.0 413.983101 -0.506020
sounding_068_154       47.9842   34.2779   -1.0 414.092667 -0.954738
sounding_069_153       48.2477   34.0126   -1.0 414.072319 -0.115208
sounding_069_154       48.2044   34.3432   -1.0 414.171082 -1.676611
sounding_070_153       48.4680   34.0771   -1.0 414.103870 -0.022143
sounding_070_154       48.4246   34.4092   -1.0 414.211982 -0.142910
sounding_070_155       48.3801   34.7407   -1.0 414.320702 -1.362026
sounding_071_154       48.6448   34.4757   -1.0 414.220138  0.055489
sounding_071_155       48.6001   34.8087   -1.0 414.353054  0.481280
sounding_071_156       48.5544   35.1410   -1.0 414.446312 -0.883459
sounding_072_153       48.9088   34.2079   -1.0 414.078593  0.603558
sounding_072_157       48.7273   35.5442   -1.0 414.562709 -0.614877
sounding_073_153       49.1292   34.2742   -1.0 414.082619  1.569617
sounding_073_155       49.0400   34.9466   -1.0 414.340018 -0.809200
sounding_073_157       48.9468   35.6164   -1.0 414.605111  0.064032
sounding_074_153       49.3496   34.3411   -1.0 414.062914  0.040370
sounding_074_154       49.3053   34.6791   -1.0 414.139547  0.651793
sounding_074_155       49.2600   35.0165   -1.0 414.254140  0.222129
sounding_074_156       49.2137   35.3532   -1.0 414.400613  0.535486
sounding_074_157       49.1663   35.6892   -1.0 414.549657  0.571992
sounding_074_158       49.1180   36.0246   -1.0 414.661750  0.405119
sounding_075_153       49.5700   34.4087   -1.0 414.028177  0.230782
sounding_075_154       49.5255   34.7481   -1.0 414.085668 -0.652606
sounding_075_155       49.4799   35.0870   -1.0 414.163711 -0.557282
sounding_075_156       49.4334   35.4252   -1.0 414.277408  0.635831
sounding_075_157       49.3858   35.7627   -1.0 414.414168  1.076011
sounding_075_158       49.3372   36.0996   -1.0 414.545295  2.167324
sounding_076_153       49.7904   34.4768   -1.0 414.013561 -0.592100
sounding_076_154       49.7456   34.8178   -1.0 414.063481 -1.288861
sounding_076_155       49.6999   35.1582   -1.0 414.127305  0.135024
sounding_076_156       49.6531   35.4979   -1.0 414.207151 -0.453554
sounding_076_157       49.6053   35.8369   -1.0 414.304416  0.098110
sounding_076_158       49.5565   36.1752   -1.0 414.410955  1.433175
sounding_076_159       49.5067   36.5129   -1.0 414.511196  0.197807
sounding_077_153       50.0107   34.5456   -1.0 414.001171 -1.080845
sounding_077_154       49.9658   34.8882   -1.0 414.066674  1.675385
sounding_077_157       49.8248   35.9118   -1.0 414.256174 -1.571031
sounding_077_158       49.7757   36.2516   -1.0 414.328677  0.041553
sounding_077_159       49.7257   36.5907   -1.0 414.409483 -0.877923
sounding_078_153       50.2310   34.6151   -1.0 413.937521 -0.441168
sounding_078_154       50.1859   34.9592   -1.0 414.031505  0.579535
sounding_078_157       50.0442   35.9874   -1.0 414.201918  1.060310
sounding_078_158       49.9949   36.3287   -1.0 414.255001  0.765180
sounding_078_159       49.9447   36.6693   -1.0 414.310246 -0.622896
sounding_078_160       49.8933   37.0092   -1.0 414.364579  0.585411
sounding_079_154       50.4060   35.0309   -1.0 413.922615  0.727081
sounding_079_157       50.2636   36.0637   -1.0 414.067510 -0.632303
sounding_079_158       50.2141   36.4065   -1.0 414.092679 -1.570197
sounding_079_159       50.1636   36.7486   -1.0 414.112254 -1.299753
sounding_080_154       50.6260   35.1032   -1.0 413.812460  0.216453
sounding_080_155       50.5794   35.4497   -1.0 413.830129 -0.169664
sounding_080_157       50.4830   36.1407   -1.0 413.857666  1.614599
sounding_080_158       50.4333   36.4851   -1.0 413.858552  0.833297
sounding_080_159       50.3825   36.8287   -1.0 413.858130  0.724861
sounding_081_154       50.8461   35.1762   -1.0 413.818651  0.867655
sounding_081_155       50.7992   35.5243   -1.0 413.739521  1.425576
sounding_081_156       50.7513   35.8718   -1.0 413.683186  0.471971
sounding_081_157       50.7024   36.2184   -1.0 413.650817 -2.068088
sounding_081_158       50.6524   36.5643   -1.0 413.633470  1.834117
sounding_081_159       50.6014   36.9095   -1.0 413.633204  0.548742
sounding_082_154       51.0661   35.2500   -1.0 413.981562 -0.758274
sounding_082_155       51.0190   35.5997   -1.0 413.809488 -0.843066
sounding_082_156       50.9709   35.9487   -1.0 413.661518  0.198400
sounding_082_157       50.9217   36.2969   -1.0 413.559443 -2.526641
sounding_082_158       50.8715   36.6444   -1.0 413.508431  1.000852
sounding_082_159       50.8202   36.9911   -1.0 413.506116  0.305143
sounding_082_160       50.7679   37.3370   -1.0 413.531719 -0.834074
sounding_083_154       51.2861   35.3244   -1.0 414.218295  0.175281
sounding_083_155       51.2387   35.6758   -1.0 414.019845 -1.143291
sounding_083_158       51.0905   36.7252   -1.0 413.525956 -2.731885
sounding_083_159       51.0389   37.0735   -1.0 413.485218 -0.284209
sounding_083_160       50.9864   37.4210   -1.0 413.496862 -0.806222
sounding_083_161       50.9328   37.7676   -1.0 413.519700  0.651989
sounding_083_162       50.8782   38.1135   -1.0 413.506452 -1.545056
sounding_084_154       51.5060   35.3996   -1.0 414.411759  2.055098
sounding_084_155       51.4584   35.7525   -1.0 414.243990  0.764486
sounding_084_158       51.3094   36.8068   -1.0 413.672160  1.666657
sounding_084_159       51.2577   37.1566   -1.0 413.559142 -0.978961
sounding_084_160       51.2049   37.5057   -1.0 413.508075  0.955942
sounding_084_161       51.1510   37.8539   -1.0 413.492560 -0.697366
sounding_085_154       51.7258   35.4755   -1.0 414.510505  0.265479
sounding_085_155       51.6781   35.8300   -1.0 414.384622  2.815271
sounding_085_156       51.6292   36.1838   -1.0 414.235230 -1.684868
sounding_085_157       51.5793   36.5369   -1.0 414.060016 -0.724685
sounding_085_158       51.5284   36.8891   -1.0 413.874064  1.381513
sounding_085_159       51.4763   37.2406   -1.0 413.717606  0.985039
sounding_085_160       51.4233   37.5912   -1.0 413.609295 -0.080829
sounding_085_161       51.3692   37.9410   -1.0 413.535819 -0.098267
sounding_085_162       51.3140   38.2900   -1.0 413.467929 -0.186939
sounding_086_156       51.8486   36.2638   -1.0 414.317278  0.145083
sounding_086_157       51.7984   36.6184   -1.0 414.178676 -0.452086
sounding_086_158       51.7472   36.9723   -1.0 414.028615 -1.138460
sounding_086_159       51.6950   37.3253   -1.0 413.885069  0.851622
sounding_086_160       51.6416   37.6775   -1.0 413.771760 -0.690639
sounding_086_161       51.5873   38.0289   -1.0 413.684581 -0.640135
sounding_086_162       51.5319   38.3795   -1.0 413.588374  0.239667
sounding_086_163       51.4754   38.7292   -1.0 413.455850  1.136200
sounding_087_157       52.0175   36.7007   -1.0 414.207891 -2.189485
sounding_087_158       51.9660   37.0562   -1.0 414.087504  0.641307
sounding_087_159       51.9135   37.4109   -1.0 413.977164 -0.847590
sounding_087_160       51.8599   37.7647   -1.0 413.897869  0.871007
sounding_087_161       51.8053   38.1177   -1.0 413.851858  0.088267
sounding_087_162       51.7496   38.4698   -1.0 413.793685  1.508083
sounding_087_163       51.6929   38.8211   -1.0 413.667172  2.566846
sounding_088_158       52.1848   37.1410   -1.0 414.079080  1.991999
sounding_088_159       52.1320   37.4973   -1.0 414.000906 -0.871252
sounding_088_160       52.0782   37.8528   -1.0 413.967284 -0.041742
sounding_088_161       52.0233   38.2073   -1.0 413.973863  0.897463
sounding_088_162       51.9673   38.5610   -1.0 413.991091 -1.320909
sounding_088_163       51.9103   38.9139   -1.0 413.930485  0.714985
sounding_089_158       52.4034   37.2266   -1.0 414.046111 -0.388249
sounding_089_159       52.3504   37.5846   -1.0 413.999204  0.136417
sounding_089_160       52.2963   37.9417   -1.0 414.009591  0.249878
sounding_089_161       52.2411   38.2978   -1.0 414.062950 -1.301078
sounding_089_162       52.1849   38.6532   -1.0 414.121215  0.866231
sounding_089_163       52.1277   39.0076   -1.0 414.145385  0.287073
sounding_090_159       52.5687   37.6727   -1.0 414.044468  0.633602
sounding_090_160       52.5144   38.0314   -1.0 414.092230 -0.701818
sounding_090_161       52.4590   38.3892   -1.0 414.179166 -0.402917
sounding_090_162       52.4025   38.7462   -1.0 414.248233 -1.743668
sounding_090_163       52.3449   39.1022   -1.0 414.277043  0.638381
sounding_091_154       53.0438   35.9469   -1.0 414.363977 -0.529585
sounding_091_155       52.9947   36.3115   -1.0 414.312333  0.604075
sounding_091_156       52.9444   36.6753   -1.0 414.259994  0.388972
sounding_091_160       52.7324   38.1220   -1.0 414.261123  0.008800
sounding_091_161       52.6767   38.4815   -1.0 414.328671 -0.812229
sounding_091_162       52.6199   38.8401   -1.0 414.341072  0.925847
sounding_091_163       52.5621   39.1977   -1.0 414.260712  0.260595
sounding_092_154       53.2633   36.0282   -1.0 414.357148  0.580491
sounding_092_155       53.2139   36.3946   -1.0 414.360765 -2.677938
sounding_092_156       53.1633   36.7601   -1.0 414.384037  1.602346
sounding_092_157       53.1117   37.1248   -1.0 414.417151 -0.438731
sounding_092_162       52.8373   38.9349   -1.0 414.328164 -0.131709
sounding_092_163       52.7792   39.2942   -1.0 414.085355 -0.155532
sounding_093_154       53.4826   36.1103   -1.0 414.456723  0.698918
sounding_093_155       53.4329   36.4785   -1.0 414.511553  0.023234
sounding_093_156       53.3822   36.8457   -1.0 414.593043  1.050869
sounding_093_157       53.3303   37.2121   -1.0 414.682913 -0.608351
sounding_094_154       53.7019   36.1933   -1.0 414.639552  0.845715
sounding_094_155       53.6520   36.5632   -1.0 414.730640 -0.648834
sounding_094_156       53.6009   36.9322   -1.0 414.842763  1.079691
sounding_094_157       53.5488   37.3004   -1.0 414.965668  0.781470
sounding_094_158       53.4956   37.6676   -1.0 415.095357 -3.006191
sounding_095_154       53.9211   36.2771   -1.0 414.820413  0.459774
sounding_095_155       53.8709   36.6488   -1.0 414.925577 -2.608218
sounding_095_156       53.8196   37.0196   -1.0 415.045127 -1.034953
sounding_095_157       53.7672   37.3895   -1.0 415.184039  0.771596
sounding_095_158       53.7137   37.7585   -1.0 415.320320 -1.239263
sounding_095_159       53.6591   38.1266   -1.0 415.349664 -0.737027
sounding_096_154       54.1402   36.3618   -1.0 414.929700 -2.352438
sounding_096_155       54.0897   36.7352   -1.0 415.026355  0.176193
sounding_096_156       54.0382   37.1078   -1.0 415.148332 -1.106184
sounding_096_157       53.9856   37.4795   -1.0 415.286503 -0.697082
sounding_096_158       53.9318   37.8503   -1.0 415.401817  0.237570
sounding_096_159       53.8769   38.2201   -1.0 415.389086 -0.644810
sounding_096_160       53.8210   38.5890   -1.0 415.167003  0.520339
sounding_096_161       53.7639   38.9569   -1.0 414.744091 -1.409437
sounding_097_154       54.3591   36.4473   -1.0 415.013955  0.933847
sounding_097_155       54.3085   36.8226   -1.0 415.074122 -0.856489
sounding_097_156       54.2567   37.1970   -1.0 415.173292  0.697693
sounding_097_157       54.2038   37.5705   -1.0 415.298855 -1.014684
sounding_097_158       54.1498   37.9430   -1.0 415.376465  1.400924
sounding_097_159       54.0946   38.3146   -1.0 415.333819  1.849186
sounding_097_160       54.0384   38.6852   -1.0 415.126010 -0.140566
sounding_097_161       53.9810   39.0548   -1.0 414.794517 -0.616366
sounding_097_162       53.9226   39.4235   -1.0 414.379483 -1.659270
sounding_098_154       54.5780   36.5337   -1.0 415.102557  0.400425
sounding_098_155       54.5271   36.9109   -1.0 415.127053 -0.960421
sounding_098_156       54.4751   37.2871   -1.0 415.189505  1.210740
sounding_098_157       54.4219   37.6624   -1.0 415.275560  1.255093
sounding_098_158       54.3676   38.0367   -1.0 415.306946 -1.101476
sounding_098_159       54.3122   38.4100   -1.0 415.237046  1.184854
sounding_098_160       54.2557   38.7824   -1.0 415.060573  0.598284
sounding_098_161       54.1981   39.1538   -1.0 414.807839  0.579365
sounding_098_162       54.1393   39.5242   -1.0 414.500612  0.340801
sounding_098_163       54.0795   39.8935   -1.0 414.126799  0.792705
sounding_099_154       54.7968   36.6211   -1.0 415.189293  0.383338
sounding_099_155       54.7456   37.0000   -1.0 415.197769 -1.586502
sounding_099_156       54.6934   37.3781   -1.0 415.229428  0.600513
sounding_099_157       54.6399   37.7552   -1.0 415.258429 -1.422103
sounding_099_158       54.5854   38.1313   -1.0 415.243353 -0.772923
sounding_099_159       54.5297   38.5064   -1.0 415.150736 -1.486368
sounding_099_160       54.4729   38.8806   -1.0 415.002076 -0.436590
sounding_099_161       54.4150   39.2538   -1.0 414.818031 -0.791324
sounding_099_162       54.3559   39.6259   -1.0 414.587298  0.513366
sounding_099_163       54.2958   39.9970   -1.0 414.282621 -0.510247
sounding_100_154       55.0155   36.7093   -1.0 415.296405 -0.349422
sounding_100_155       54.9641   37.0901   -1.0 415.290554 -1.562190
sounding_100_156       54.9115   37.4700   -1.0 415.283113 -0.892099
sounding_100_157       54.8578   37.8489   -1.0 415.273448  0.951043
sounding_100_158       54.8030   38.2269   -1.0 415.214160  1.049989
sounding_100_159       54.7470   38.6039   -1.0 415.105987  0.121646
sounding_100_160       54.6900   38.9798   -1.0 414.971198  0.022970
sounding_100_161       54.6317   39.3547   -1.0 414.851589  0.108272
sounding_100_162       54.5724   39.7286   -1.0 414.699433 -0.610691
sounding_100_163       54.5120   40.1015   -1.0 414.443587 -0.057050
sounding_101_154       55.2341   36.7985   -1.0 415.390882  1.200660
sounding_101_155       55.1824   37.1812   -1.0 415.374903 -0.022452
sounding_101_156       55.1296   37.5629   -1.0 415.354251  0.286136
sounding_101_157       55.0756   37.9437   -1.0 415.316491  0.120613
sounding_101_158       55.0205   38.3235   -1.0 415.227761 -1.709181
sounding_101_159       54.9642   38.7023   -1.0 415.100980 -0.558751
sounding_101_160       54.9069   39.0800   -1.0 414.989775 -0.652892
sounding_101_161       54.8484   39.4568   -1.0 414.918919  1.545190
sounding_101_162       54.7888   39.8325   -1.0 414.850072 -0.531612
sounding_101_163       54.7281   40.2070   -1.0 414.681722 -1.283146
sounding_102_154       55.4525   36.8886   -1.0 415.464655 -0.630271
sounding_102_155       55.4006   37.2732   -1.0 415.432131 -0.700300
sounding_102_156       55.3475   37.6568   -1.0 415.411432  0.943025
sounding_102_157       55.2932   38.0395   -1.0 415.371555  0.073243
sounding_102_158       55.2379   38.4211   -1.0 415.272684 -0.260728
sounding_102_159       55.1814   38.8018   -1.0 415.149144 -1.031621
sounding_102_160       55.1237   39.1813   -1.0 415.050224 -0.412030
sounding_102_161       55.0649   39.5598   -1.0 415.018039 -1.456273
sounding_102_162       55.0050   39.9373   -1.0 415.031132  0.191901
sounding_102_163       54.9440   40.3137   -1.0 414.993390  1.842879
sounding_103_155       55.6186   37.3661   -1.0 415.475189 -0.287663
sounding_103_156       55.5653   37.7517   -1.0 415.451922 -2.306935
sounding_103_157       55.5108   38.1362   -1.0 415.414635 -1.113852
sounding_103_158       55.4551   38.5197   -1.0 415.326082  1.428406
sounding_103_159       55.3983   38.9022   -1.0 415.214458  1.140920
sounding_103_160       55.3404   39.2837   -1.0 415.131993  1.525063
sounding_103_161       55.2813   39.6640   -1.0 415.130229  0.835802
sounding_103_162       55.2211   40.0433   -1.0 415.205139  1.533709
sounding_103_163       55.1598   40.4215   -1.0 415.287159 -0.080513
sounding_104_155       55.8366   37.4601   -1.0 415.516058 -0.302695
sounding_104_156       55.7829   37.8476   -1.0 415.481500  0.659043
sounding_104_157       55.7282   38.2340   -1.0 415.451862  0.334703
sounding_104_158       55.6722   38.6194   -1.0 415.382519 -0.864302
sounding_104_159       55.6151   39.0038   -1.0 415.290595 -0.394194
sounding_104_160       55.5569   39.3871   -1.0 415.233846 -0.458336
sounding_104_161       55.4976   39.7693   -1.0 415.241015 -0.235610
sounding_104_162       55.4371   40.1503   -1.0 415.335687 -0.460652
sounding_104_163       55.3755   40.5303   -1.0 415.477102 -1.207602
sounding_104_164       55.3127   40.9091   -1.0 415.563231  1.124116
sounding_105_157       55.9454   38.3328   -1.0 415.518458 -0.378359
sounding_105_158       55.8892   38.7201   -1.0 415.484890 -1.151771
sounding_105_159       55.8318   39.1064   -1.0 415.406094  0.860104
sounding_105_160       55.7733   39.4915   -1.0 415.363561 -1.861304
sounding_105_161       55.7137   39.8756   -1.0 415.363433 -0.047071
sounding_105_162       55.6529   40.2585   -1.0 415.429224  0.290396
sounding_105_163       55.5910   40.6403   -1.0 415.557415 -0.188204
sounding_106_155       56.2720   37.6511   -1.0 415.552266  0.858840
sounding_106_156       56.2179   38.0424   -1.0 415.561297  1.241072
sounding_106_157       56.1625   38.4327   -1.0 415.606288  0.063905
sounding_106_158       56.1060   38.8220   -1.0 415.612941 -0.354058
sounding_106_159       56.0484   39.2101   -1.0 415.556191  1.112828
sounding_106_160       55.9896   39.5971   -1.0 415.517953 -0.941761
sounding_106_161       55.9296   39.9831   -1.0 415.501635 -0.283173
sounding_106_162       55.8685   40.3678   -1.0 415.525914  1.061544
sounding_106_163       55.8063   40.7515   -1.0 415.616226 -0.774446
sounding_106_164       55.7430   41.1339   -1.0 415.761912  0.512210
sounding_107_155       56.4895   37.7480   -1.0 415.427415 -0.927089
sounding_107_156       56.4351   38.1414   -1.0 415.520347  1.292900
sounding_107_157       56.3795   38.5337   -1.0 415.636966 -0.222267
sounding_107_158       56.3227   38.9248   -1.0 415.697669 -0.255207
sounding_107_159       56.2648   39.3149   -1.0 415.690803  0.814756
sounding_107_160       56.2057   39.7039   -1.0 415.661484  0.796058
sounding_107_161       56.1454   40.0917   -1.0 415.634091  0.632867
sounding_107_162       56.0840   40.4783   -1.0 415.631847 -0.335226
sounding_107_163       56.0215   40.8638   -1.0 415.686003  1.533643
sounding_107_164       55.9578   41.2481   -1.0 415.801559  0.296792
sounding_108_155       56.7069   37.8461   -1.0 415.172470 -0.838631
sounding_108_156       56.6522   38.2415   -1.0 415.314617 -1.811543
sounding_108_157       56.5963   38.6357   -1.0 415.498019 -0.697326
sounding_108_158       56.5392   39.0288   -1.0 415.657263 -0.936891
sounding_108_159       56.4810   39.4208   -1.0 415.737098 -0.980037
sounding_108_160       56.4216   39.8117   -1.0 415.749393  0.716171
sounding_108_161       56.3611   40.2014   -1.0 415.723607  0.680040
sounding_108_162       56.2994   40.5900   -1.0 415.709160  1.133657
sounding_108_163       56.2365   40.9773   -1.0 415.744478 -0.758951
sounding_108_164       56.1725   41.3635   -1.0 415.841810  0.213385
sounding_109_155       56.9241   37.9453   -1.0 414.915391 -0.915273
sounding_109_156       56.8691   38.3426   -1.0 415.037595 -0.812378
sounding_109_157       56.8130   38.7388   -1.0 415.238771 -0.995641
sounding_109_158       56.7556   39.1339   -1.0 415.462669 -0.308279
sounding_109_159       56.6971   39.5279   -1.0 415.631775  1.019498
sounding_109_160       56.6374   39.9207   -1.0 415.715840  0.684310
sounding_109_161       56.5766   40.3124   -1.0 415.727348  0.541168
sounding_109_162       56.5145   40.7028   -1.0 415.727211 -0.637825
sounding_109_163       56.4514   41.0920   -1.0 415.767716  1.282654
sounding_109_164       56.3871   41.4800   -1.0 415.851778 -0.712244
sounding_110_155       57.1412   38.0455   -1.0 414.796525  0.499798
sounding_110_156       57.0859   38.4449   -1.0 414.851970  0.651003
sounding_110_157       57.0295   38.8431   -1.0 414.997791 -0.740234
sounding_110_158       56.9718   39.2402   -1.0 415.219608 -0.680517
sounding_110_159       56.9130   39.6361   -1.0 415.408827  0.137492
sounding_110_160       56.8530   40.0309   -1.0 415.551069 -0.358444
sounding_110_161       56.7919   40.4245   -1.0 415.623968 -0.686161
sounding_110_162       56.7296   40.8168   -1.0 415.660288  0.887409
sounding_110_163       56.6661   41.2080   -1.0 415.716077  1.504451
sounding_110_164       56.6014   41.5979   -1.0 415.801822 -1.216377
sounding_111_155       57.3581   38.1468   -1.0 414.745874 -0.434743
sounding_111_156       57.3025   38.5482   -1.0 414.760781  0.077055
sounding_111_157       57.2458   38.9485   -1.0 414.849138 -0.525848
sounding_111_158       57.1879   39.3476   -1.0 415.013258  0.214084
sounding_111_159       57.1288   39.7455   -1.0 415.181255  0.415863
sounding_111_160       57.0685   40.1423   -1.0 415.329304 -1.751617
sounding_111_161       57.0070   40.5378   -1.0 415.432255  1.189835
sounding_111_162       56.9444   40.9321   -1.0 415.495460  0.528142
sounding_111_163       56.8806   41.3252   -1.0 415.567577  0.035610
sounding_111_164       56.8156   41.7170   -1.0 415.661504 -1.784295
sounding_112_155       57.5748   38.2492   -1.0 414.731609 -0.569886
sounding_112_156       57.5190   38.6527   -1.0 414.745689  0.402159
sounding_112_157       57.4620   39.0551   -1.0 414.813417 -0.021959
sounding_112_158       57.4038   39.4562   -1.0 414.906380  1.553623
sounding_112_159       57.3443   39.8561   -1.0 415.011073 -0.496079
sounding_112_160       57.2837   40.2549   -1.0 415.124346 -0.398827
sounding_112_161       57.2220   40.6524   -1.0 415.223183 -0.955578
sounding_112_162       57.1590   41.0487   -1.0 415.286216 -0.477768
sounding_112_163       57.0949   41.4436   -1.0 415.348236  0.907184
sounding_112_164       57.0296   41.8373   -1.0 415.438854 -1.078018
sounding_113_155       57.7914   38.3528   -1.0 414.729021 -0.026288
sounding_113_156       57.7353   38.7584   -1.0 414.764721 -0.722997
sounding_113_157       57.6780   39.1628   -1.0 414.818302 -1.819263
sounding_113_158       57.6195   39.5660   -1.0 414.865820  0.412960
sounding_113_159       57.5597   39.9680   -1.0 414.921298 -0.995285
sounding_113_160       57.4988   40.3687   -1.0 414.995599 -0.236203
sounding_113_161       57.4367   40.7682   -1.0 415.065144  1.931908
sounding_113_162       57.3735   41.1664   -1.0 415.111216  0.160624
sounding_113_163       57.3090   41.5634   -1.0 415.160638  0.793187
sounding_113_164       57.2434   41.9590   -1.0 415.221428 -0.011246
sounding_114_155       58.0078   38.4575   -1.0 414.770477 -1.814898
sounding_114_156       57.9514   38.8652   -1.0 414.777047  0.561761
sounding_114_157       57.8938   39.2717   -1.0 414.813829  0.434306
sounding_114_159       57.7749   40.0810   -1.0 414.883909 -0.705728
sounding_114_160       57.7137   40.4838   -1.0 414.923657  0.841989
sounding_114_161       57.6513   40.8853   -1.0 414.978683 -0.523098
sounding_114_162       57.5877   41.2855   -1.0 415.025862  2.033955
sounding_114_163       57.5230   41.6844   -1.0 415.045321 -0.742371
sounding_114_164       57.4570   42.0820   -1.0 415.074087 -0.038046
sounding_115_156       58.1673   38.9733   -1.0 414.797197  0.286326
sounding_115_159       57.9900   40.1953   -1.0 414.845923  0.016608
sounding_115_160       57.9284   40.6002   -1.0 414.865305 -0.072234
sounding_115_161       57.8657   41.0037   -1.0 414.910186  0.804703
sounding_115_162       57.8018   41.4059   -1.0 414.955441  0.060764
sounding_115_163       57.7367   41.8068   -1.0 414.970996 -0.212652
sounding_115_164       57.6704   42.2064   -1.0 414.990425 -1.218961
sounding_116_156       58.3831   39.0825   -1.0 414.833161 -0.865426
sounding_116_159       58.2048   40.3109   -1.0 414.799339  0.725128
sounding_116_160       58.1429   40.7178   -1.0 414.804850 -0.021467
sounding_116_161       58.0799   41.1234   -1.0 414.827566  0.560904
sounding_116_162       58.0157   41.5277   -1.0 414.866356 -0.307778
sounding_116_163       57.9502   41.9305   -1.0 414.901438  2.635307
sounding_116_164       57.8837   42.3321   -1.0 414.927715 -0.540696
sounding_117_155       58.6559   38.7789   -1.0 414.931144 -0.600167
sounding_117_156       58.5986   39.1930   -1.0 414.870806 -1.220221
sounding_117_157       58.5401   39.6059   -1.0 414.827293  0.290831
sounding_117_158       58.4804   40.0175   -1.0 414.794183 -1.914474
sounding_117_159       58.4194   40.4278   -1.0 414.772456  1.638877
sounding_117_160       58.3573   40.8368   -1.0 414.757186 -0.785573
sounding_117_161       58.2939   41.2444   -1.0 414.751611  0.781542
sounding_117_162       58.2293   41.6507   -1.0 414.766101 -0.439067
sounding_117_163       58.1636   42.0556   -1.0 414.796998 -0.158754
sounding_117_164       58.0966   42.4592   -1.0 414.828012 -1.484373
sounding_118_155       58.8715   38.8885   -1.0 414.989422  0.523356
sounding_118_156       58.8140   39.3048   -1.0 414.916235 -0.461875
sounding_118_157       58.7551   39.7198   -1.0 414.864841 -1.073698
sounding_118_158       58.6951   40.1336   -1.0 414.825738  0.369104
sounding_118_159       58.6339   40.5460   -1.0 414.786594  0.944622
sounding_118_160       58.5714   40.9571   -1.0 414.746734  0.762373
sounding_118_161       58.5077   41.3668   -1.0 414.713130 -2.091145
sounding_118_162       58.4428   41.7751   -1.0 414.694191 -0.838596
sounding_118_163       58.3767   42.1821   -1.0 414.692843  0.523716
sounding_118_164       58.3094   42.5876   -1.0 414.700490  1.679571
sounding_119_155       59.0870   38.9993   -1.0 415.053819  0.402141
sounding_119_156       59.0291   39.4178   -1.0 414.968646  0.737406
sounding_119_157       58.9700   39.8351   -1.0 414.911815  1.339130
sounding_119_158       58.9096   40.2510   -1.0 414.870497  0.132723
sounding_119_159       58.8481   40.6655   -1.0 414.825415  0.760874
sounding_119_160       58.7853   41.0787   -1.0 414.774080 -0.209905
sounding_119_161       58.7213   41.4906   -1.0 414.723969 -2.237243
sounding_119_162       58.6560   41.9010   -1.0 414.679870 -0.794804
sounding_119_163       58.5896   42.3100   -1.0 414.644913  0.624963
sounding_119_164       58.5220   42.7176   -1.0 414.622414 -1.124115
sounding_120_155       59.3022   39.1114   -1.0 415.107633  0.609686
sounding_120_156       59.2441   39.5321   -1.0 415.016774 -0.343114
sounding_120_157       59.1846   39.9516   -1.0 414.954139 -0.950407
sounding_120_158       59.1240   40.3697   -1.0 414.911397 -0.075247
sounding_120_159       59.0621   40.7864   -1.0 414.868865  0.184217
sounding_120_160       58.9990   41.2018   -1.0 414.818842  0.315097
sounding_120_161       58.9346   41.6157   -1.0 414.766276 -0.406349
sounding_120_162       58.8691   42.0283   -1.0 414.717432 -0.266299
sounding_120_163       58.8023   42.4394   -1.0 414.670512 -1.051180
sounding_120_164       58.7343   42.8490   -1.0 414.633734 -0.606343
sounding_121_155       59.5173   39.2248   -1.0 415.164376 -1.690676
sounding_121_156       59.4588   39.6478   -1.0 415.058865 -1.147997
sounding_121_157       59.3990   40.0695   -1.0 414.989580  1.302371
sounding_121_158       59.3381   40.4898   -1.0 414.942733  0.013790
sounding_121_159       59.2759   40.9087   -1.0 414.903909  1.366490
sounding_121_160       59.2124   41.3262   -1.0 414.862230 -0.994421
sounding_121_161       59.1477   41.7423   -1.0 414.821711  0.880433
sounding_121_162       59.0818   42.1570   -1.0 414.784441 -0.848372
sounding_121_163       59.0147   42.5701   -1.0 414.745851 -0.677854
sounding_121_164       58.9464   42.9818   -1.0 414.710279 -1.347351
sounding_122_155       59.7321   39.3395   -1.0 415.212896  0.207801
sounding_122_156       59.6733   39.7648   -1.0 415.105287 -0.212069
sounding_122_157       59.6133   40.1887   -1.0 415.019668  0.782772
sounding_122_158       59.5520   40.6113   -1.0 414.964490 -0.734125
sounding_122_159       59.4894   41.0324   -1.0 414.925873  0.112868
sounding_122_160       59.4256   41.4521   -1.0 414.896662  0.386945
sounding_122_161       59.3606   41.8704   -1.0 414.878137 -1.151020
sounding_122_162       59.2944   42.2871   -1.0 414.859854 -2.031879
sounding_122_163       59.2269   42.7024   -1.0 414.831059 -0.206179
sounding_122_164       59.1583   43.1162   -1.0 414.797692 -1.125021
sounding_123_155       59.9467   39.4555   -1.0 415.239233  1.313987
sounding_123_156       59.8876   39.8832   -1.0 415.139652  0.079423
sounding_123_157       59.8272   40.3094   -1.0 415.047905 -0.794737
sounding_123_158       59.7656   40.7341   -1.0 414.978002  1.441460
sounding_123_159       59.7028   41.1575   -1.0 414.933469 -1.068608
sounding_123_160       59.6386   41.5794   -1.0 414.915360  0.873003
sounding_123_161       59.5733   41.9999   -1.0 414.912901  0.568976
sounding_123_162       59.5067   42.4188   -1.0 414.913775  0.276059
sounding_123_163       59.4389   42.8362   -1.0 414.902776  0.851491
sounding_123_164       59.3699   43.2521   -1.0 414.873296 -0.269811
sounding_124_155       60.1611   39.5730   -1.0 415.250632 -1.383300
sounding_124_156       60.1016   40.0029   -1.0 415.159484  1.435926
sounding_124_157       60.0410   40.4314   -1.0 415.064143  2.389990
sounding_124_158       59.9790   40.8585   -1.0 414.988379  1.231244
sounding_124_159       59.9158   41.2841   -1.0 414.940952 -1.030765
sounding_124_160       59.8514   41.7082   -1.0 414.924600  2.652539
sounding_124_161       59.7857   42.1309   -1.0 414.933849 -0.297787
sounding_124_162       59.7188   42.5520   -1.0 414.948282 -0.487067
sounding_124_163       59.6506   42.9715   -1.0 414.946917  0.186919
sounding_124_164       59.5813   43.3895   -1.0 414.918061 -0.448803
sounding_125_155       60.3752   39.6918   -1.0 415.269026 -0.316844
sounding_125_156       60.3155   40.1240   -1.0 415.181344 -0.614443
sounding_125_157       60.2545   40.5549   -1.0 415.084342  0.642734
sounding_125_158       60.1922   40.9843   -1.0 415.006751 -0.787446
sounding_125_159       60.1287   41.4121   -1.0 414.962924 -0.792055
sounding_125_160       60.0639   41.8385   -1.0 414.948936 -0.512352
sounding_125_161       59.9979   42.2634   -1.0 414.954194 -1.150438
sounding_125_162       59.9306   42.6867   -1.0 414.961603  0.266228
sounding_125_163       59.8621   43.1084   -1.0 414.957595 -0.656594
sounding_125_164       59.7924   43.5286   -1.0 414.932252  1.091223
sounding_126_155       60.5891   39.8120   -1.0 415.309703  0.744944
sounding_126_156       60.5291   40.2467   -1.0 415.230558 -0.910280
sounding_126_157       60.4678   40.6798   -1.0 415.135636  0.849453
sounding_126_158       60.4052   41.1115   -1.0 415.057997 -0.300484
sounding_126_159       60.3413   41.5417   -1.0 415.014881  1.289025
sounding_126_160       60.2762   41.9703   -1.0 414.997858 -0.529415
sounding_126_161       60.2098   42.3974   -1.0 414.991174  0.884838
sounding_126_162       60.1422   42.8229   -1.0 414.982943 -0.417045
sounding_126_163       60.0733   43.2469   -1.0 414.970368 -0.392100
sounding_126_164       60.0033   43.6692   -1.0 414.943361  1.021120
sounding_127_155       60.8028   39.9337   -1.0 415.368853 -0.858069
sounding_127_156       60.7424   40.3707   -1.0 415.310186  0.987216
sounding_127_157       60.6808   40.8063   -1.0 415.226827  0.176642
sounding_127_158       60.6179   41.2403   -1.0 415.154885  0.829025
sounding_127_159       60.5537   41.6728   -1.0 415.110429 -1.570168
sounding_127_160       60.4882   42.1037   -1.0 415.083856  0.598019
sounding_127_161       60.4215   42.5331   -1.0 415.064043  0.877083
sounding_127_162       60.3535   42.9608   -1.0 415.042661 -0.533049
sounding_127_163       60.2843   43.3870   -1.0 415.018481  0.555188
sounding_128_155       61.0162   40.0568   -1.0 415.434057  0.389410
sounding_128_156       60.9555   40.4963   -1.0 415.401329 -0.731292
sounding_128_157       60.8936   40.9342   -1.0 415.338872  0.904718
sounding_128_158       60.8303   41.3706   -1.0 415.273279 -1.042440
sounding_128_159       60.7658   41.8054   -1.0 415.223638 -1.003016
sounding_128_160       60.7000   42.2387   -1.0 415.191436  0.438854
sounding_128_161       60.6329   42.6703   -1.0 415.165535 -0.222292
sounding_128_162       60.5646   43.1003   -1.0 415.136243 -1.307427
sounding_129_155       61.2294   40.1815   -1.0 415.492359 -0.633184
sounding_129_156       61.1684   40.6234   -1.0 415.483134  0.753867
sounding_129_157       61.1061   41.0637   -1.0 415.438872  0.057528
sounding_129_158       61.0425   41.5025   -1.0 415.380010 -0.133539
sounding_129_159       60.9776   41.9397   -1.0 415.328883 -1.829888
sounding_129_160       60.9115   42.3752   -1.0 415.293286  0.630565
sounding_129_161       60.8441   42.8092   -1.0 415.262738 -0.585107
sounding_129_162       60.7754   43.2415   -1.0 415.228831  0.417685
sounding_130_155       61.4423   40.3077   -1.0 415.541715  1.534585
sounding_130_156       61.3810   40.7520   -1.0 415.540802 -0.907104
sounding_130_157       61.3183   41.1948   -1.0 415.508485  0.567043
sounding_130_158       61.2544   41.6359   -1.0 415.456761  0.553550
sounding_130_159       61.1892   42.0755   -1.0 415.406715  1.167818
sounding_130_160       61.1227   42.5134   -1.0 415.366331 -0.330740
sounding_130_161       61.0549   42.9497   -1.0 415.329446 -0.622340
sounding_130_162       60.9859   43.3843   -1.0 415.292882 -1.551280
sounding_131_155       61.6549   40.4353   -1.0 415.582170 -0.936848
sounding_131_156       61.5933   40.8822   -1.0 415.578107  2.183420
sounding_131_157       61.5303   41.3274   -1.0 415.552820 -0.794950
sounding_131_158       61.4661   41.7710   -1.0 415.506288 -1.617231
sounding_131_159       61.4005   42.2130   -1.0 415.454604 -0.192643
sounding_131_160       61.3336   42.6533   -1.0 415.408766  1.254215
sounding_131_161       61.2655   43.0919   -1.0 415.365877 -0.781202
sounding_131_162       61.1961   43.5288   -1.0 415.332295  0.665519
sounding_132_155       61.8673   40.5646   -1.0 415.616202  0.433254
sounding_132_156       61.8053   41.0140   -1.0 415.608015 -0.124232
sounding_132_157       61.7420   41.4617   -1.0 415.586175 -1.358705
sounding_132_158       61.6774   41.9078   -1.0 415.540051  1.473751
sounding_132_159       61.6115   42.3521   -1.0 415.482069  1.567877
sounding_132_160       61.5443   42.7948   -1.0 415.432225 -0.130070
sounding_132_161       61.4758   43.2358   -1.0 415.388335  1.022346
sounding_132_162       61.4060   43.6750   -1.0 415.353872 -0.989257
sounding_133_155       62.0795   40.6955   -1.0 415.645691  0.572685
sounding_133_156       62.0171   41.1474   -1.0 415.636622 -0.716509
sounding_133_157       61.9535   41.5976   -1.0 415.610600 -0.837871
sounding_133_158       61.8885   42.0461   -1.0 415.563092  0.806862
sounding_133_159       61.8223   42.4930   -1.0 415.497537  0.674691
sounding_133_160       61.7547   42.9381   -1.0 415.436901  0.454429
sounding_133_161       61.6858   43.3815   -1.0 415.387593 -1.313116
sounding_133_162       61.6157   43.8231   -1.0 415.345346  0.471744
sounding_134_155       62.2913   40.8280   -1.0 415.646007  0.900212
sounding_134_156       62.2286   41.2824   -1.0 415.640196 -0.712758
sounding_134_157       62.1646   41.7352   -1.0 415.612407 -0.682433
sounding_134_158       62.0993   42.1863   -1.0 415.563704 -1.096329
sounding_134_159       62.0327   42.6356   -1.0 415.494734 -1.554807
sounding_134_160       61.9648   43.0831   -1.0 415.418650 -0.769788
sounding_134_161       61.8956   43.5289   -1.0 415.349310 -0.716866
sounding_134_162       61.8250   43.9729   -1.0 415.287430  0.226021
sounding_135_155       62.5029   40.9622   -1.0 415.607493  0.342190
sounding_135_156       62.4398   41.4192   -1.0 415.605999 -1.063636
sounding_135_157       62.3755   41.8745   -1.0 415.576438 -0.979909
sounding_135_158       62.3098   42.3281   -1.0 415.522798 -0.590730
sounding_135_159       62.2429   42.7799   -1.0 415.448927  0.803131
sounding_135_160       62.1746   43.2299   -1.0 415.365330 -0.195988
sounding_135_161       62.1050   43.6781   -1.0 415.275781 -0.704191
sounding_135_162       62.0341   44.1245   -1.0 415.188747 -0.099404
sounding_135_163       61.9619   44.5690   -1.0 415.130773 -0.292568
sounding_135_164       61.8884   45.0116   -1.0 415.101970  0.588429
sounding_136_155       62.7141   41.0980   -1.0 415.555931  1.935173
sounding_136_156       62.6508   41.5577   -1.0 415.528923 -1.052667
sounding_136_157       62.5861   42.0156   -1.0 415.486167  0.105196
sounding_136_158       62.5201   42.4717   -1.0 415.411108 -1.581180
sounding_136_159       62.4527   42.9260   -1.0 415.323232  0.369312
sounding_136_160       62.3841   43.3785   -1.0 415.239610  1.312224
sounding_136_161       62.3141   43.8292   -1.0 415.156252 -1.738749
sounding_136_162       62.2428   44.2780   -1.0 415.079720  0.915950
sounding_136_164       62.0964   45.1699   -1.0 414.982076  3.540415
sounding_136_165       62.0212   45.6129   -1.0 414.929075  0.787642
sounding_137_155       62.9251   41.2356   -1.0 415.521954 -2.171725
sounding_137_156       62.8614   41.6979   -1.0 415.423226 -1.495509
sounding_137_157       62.7963   42.1584   -1.0 415.313610 -0.932681
sounding_137_158       62.7300   42.6171   -1.0 415.199423  1.721942
sounding_137_159       62.6623   43.0740   -1.0 415.103535 -0.569081
sounding_137_160       62.5932   43.5290   -1.0 415.041714 -0.661472
sounding_137_161       62.5229   43.9821   -1.0 415.000571  0.991018
sounding_137_162       62.4512   44.4334   -1.0 414.963167  0.139861
sounding_138_156       63.0717   41.8399   -1.0 415.311269  1.661575
sounding_138_157       63.0063   42.3030   -1.0 415.117612  0.954509
sounding_138_158       62.9396   42.7643   -1.0 414.952012 -0.040573
sounding_138_159       62.8715   43.2238   -1.0 414.844694 -1.661263
sounding_138_160       62.8021   43.6814   -1.0 414.805545 -0.325559
sounding_138_161       62.7314   44.1370   -1.0 414.808818  0.427089
sounding_138_162       62.6593   44.5907   -1.0 414.804081 -1.258006
sounding_138_163       62.5860   45.0425   -1.0 414.792879  0.121093
sounding_138_164       62.5113   45.4922   -1.0 414.813511  0.641369
sounding_139_155       63.3461   41.5160   -1.0 415.454133 -0.382258
sounding_139_156       63.2817   41.9837   -1.0 415.232071 -0.471200
sounding_139_157       63.2159   42.4495   -1.0 414.990962  1.013516
sounding_139_158       63.1489   42.9134   -1.0 414.778090 -0.613022
sounding_139_159       63.0804   43.3755   -1.0 414.640314  0.685653
sounding_139_160       63.0106   43.8356   -1.0 414.593144  1.214377
sounding_139_161       62.9395   44.2938   -1.0 414.600614 -0.937624
sounding_139_162       62.8671   44.7500   -1.0 414.597695  0.556809
sounding_139_163       62.7933   45.2042   -1.0 414.619258  1.455717
sounding_139_164       62.7183   45.6563   -1.0 414.697893  2.172280
sounding_139_165       62.6419   46.1065   -1.0 414.787550 -0.564688
sounding_140_156       63.4914   42.1294   -1.0 415.205866 -0.255528
sounding_140_157       63.4253   42.5979   -1.0 414.972962  1.380530
sounding_140_158       63.3578   43.0645   -1.0 414.737935 -1.266784
sounding_140_159       63.2890   43.5291   -1.0 414.559011 -0.090388
sounding_140_160       63.2188   43.9918   -1.0 414.458596  1.014437
sounding_140_161       63.1473   44.4526   -1.0 414.415233  1.642209
sounding_140_162       63.0745   44.9113   -1.0 414.408319  1.220812
sounding_140_164       62.9249   45.8225   -1.0 414.544736  0.197721
sounding_140_165       62.8481   46.2751   -1.0 414.650935  1.678322
sounding_141_156       63.7008   42.2769   -1.0 415.183358 -1.860339
sounding_141_157       63.6343   42.7481   -1.0 414.992473  1.437664
sounding_141_158       63.5664   43.2174   -1.0 414.781672  0.744219
sounding_141_159       63.4973   43.6847   -1.0 414.576789  0.218572
sounding_141_160       63.4267   44.1500   -1.0 414.398824  0.984136
sounding_141_161       63.3548   44.6133   -1.0 414.296773 -0.300997
sounding_141_162       63.2816   45.0746   -1.0 414.257032 -1.133399
sounding_141_164       63.1312   45.9908   -1.0 414.335001  0.372854
sounding_141_165       63.0540   46.4458   -1.0 414.418314 -0.092883
sounding_142_156       63.9098   42.4264   -1.0 415.065227 -0.807043
sounding_142_157       63.8430   42.9004   -1.0 414.929210 -0.562356
sounding_142_158       63.7747   43.3723   -1.0 414.780170 -1.912836
sounding_142_159       63.7052   43.8423   -1.0 414.588934  0.877873
sounding_142_160       63.6342   44.3102   -1.0 414.391041 -0.305835
sounding_142_161       63.5620   44.7761   -1.0 414.250530  0.087974
sounding_142_162       63.4883   45.2399   -1.0 414.181462  0.403310
sounding_142_163       63.4134   45.7016   -1.0 414.141941  0.747725
sounding_142_164       63.3371   46.1612   -1.0 414.108868 -0.342931
sounding_142_165       63.2595   46.6186   -1.0 414.128698  1.837989
sounding_143_156       64.1185   42.5778   -1.0 414.945624 -2.900230
sounding_143_157       64.0513   43.0546   -1.0 414.854556 -0.006674
sounding_143_158       63.9827   43.5293   -1.0 414.735298  2.220242
sounding_143_159       63.9127   44.0019   -1.0 414.585577 -0.004997
sounding_143_160       63.8414   44.4725   -1.0 414.423891 -0.388004
sounding_143_161       63.7687   44.9410   -1.0 414.293346  0.093716
sounding_143_162       63.6947   45.4074   -1.0 414.197585  0.073554
sounding_143_163       63.6193   45.8716   -1.0 414.087965 -1.344443
sounding_143_164       63.5427   46.3337   -1.0 413.971564  0.736038
sounding_143_165       63.4647   46.7936   -1.0 413.921957 -1.685608
sounding_144_157       64.2593   43.2107   -1.0 414.705911 -2.215981
sounding_144_158       64.1903   43.6882   -1.0 414.623349 -0.017959
sounding_144_159       64.1200   44.1636   -1.0 414.552501 -1.737470
sounding_144_160       64.0482   44.6369   -1.0 414.479364 -1.318725
sounding_144_161       63.9752   45.1080   -1.0 414.393183  0.128836
sounding_144_163       63.8250   46.0438   -1.0 414.131662  1.662937
sounding_144_164       63.7479   46.5084   -1.0 413.980080 -0.072516
sounding_145_157       64.4669   43.3690   -1.0 414.517371 -0.804607
sounding_145_158       64.3976   43.8493   -1.0 414.492878 -0.196185
sounding_145_159       64.3268   44.3274   -1.0 414.514909 -1.908496
sounding_145_160       64.2547   44.8034   -1.0 414.521701  0.876244
sounding_145_161       64.1812   45.2772   -1.0 414.458800  0.691612
sounding_145_162       64.1064   45.7488   -1.0 414.373022 -0.322845
sounding_145_163       64.0302   46.2182   -1.0 414.265333  2.150003
sounding_146_157       64.6742   43.5294   -1.0 414.396509 -2.902700
sounding_146_158       64.6044   44.0125   -1.0 414.442960  1.332059
sounding_146_159       64.5333   44.4934   -1.0 414.504373 -0.674288
sounding_146_160       64.4608   44.9721   -1.0 414.536529  0.122815
sounding_146_161       64.3869   45.4486   -1.0 414.528129  0.742197
sounding_146_162       64.3117   45.9229   -1.0 414.508286  1.377057
sounding_146_163       64.2351   46.3949   -1.0 414.464578 -1.189367
sounding_146_164       64.1571   46.8646   -1.0 414.388305 -0.145345
sounding_147_158       64.8110   44.1778   -1.0 414.389519  0.857312
sounding_147_159       64.7395   44.6615   -1.0 414.449620  0.387347
sounding_147_160       64.6665   45.1430   -1.0 414.502248  0.079793
sounding_147_161       64.5922   45.6223   -1.0 414.567567  1.748347
sounding_147_162       64.5166   46.0992   -1.0 414.617882  0.170729
sounding_147_163       64.4395   46.5738   -1.0 414.628969 -0.600529
sounding_147_164       64.3612   47.0461   -1.0 414.585268 -0.421905
sounding_148_160       64.8719   45.3162   -1.0 414.425687 -0.312803
sounding_148_161       64.7972   45.7982   -1.0 414.509657 -0.050367
sounding_148_162       64.7211   46.2778   -1.0 414.605585  0.215760
sounding_149_160       65.0768   45.4917   -1.0 414.331943  0.425164
sounding_149_161       65.0017   45.9764   -1.0 414.341816 -0.022665
