sounding_014_118       36.9068   21.7223   -1.0 415.547086 -1.121612
sounding_014_120       36.8948   22.2676   -1.0 415.586233  0.944155
sounding_014_121       36.8877   22.5403   -1.0 415.529277 -0.579289
sounding_014_122       36.8797   22.8128   -1.0 415.409588  1.563834
sounding_015_118       37.1249   21.7287   -1.0 415.477240 -0.198300
sounding_015_119       37.1194   22.0024   -1.0 415.475083 -0.487171
sounding_015_120       37.1130   22.2761   -1.0 415.488785  2.271725
sounding_015_121       37.1058   22.5498   -1.0 415.447141  0.220085
sounding_015_122       37.0978   22.8233   -1.0 415.335210  2.075290
sounding_016_118       37.3433   21.7352   -1.0 415.445560 -1.620156
sounding_016_119       37.3377   22.0100   -1.0 415.434301 -0.637057
sounding_016_120       37.3313   22.2847   -1.0 415.430342  1.926027
sounding_016_121       37.3241   22.5593   -1.0 415.370615 -0.216609
sounding_017_118       37.5619   21.7418   -1.0 415.422952  1.484346
sounding_017_119       37.5563   22.0175   -1.0 415.403725 -2.952024
sounding_017_120       37.5498   22.2933   -1.0 415.379765 -0.515234
sounding_017_121       37.5425   22.5690   -1.0 415.297012  1.220771
sounding_017_122       37.5344   22.8446   -1.0 415.208956 -0.856588
sounding_017_123       37.5255   23.1201   -1.0 415.213680  2.635238
sounding_017_124       37.5158   23.3956   -1.0 415.306700 -0.419138
sounding_018_117       37.7854   21.4714   -1.0 415.464568 -0.572962
sounding_018_118       37.7806   21.7483   -1.0 415.384432  2.283923
sounding_018_119       37.7750   22.0252   -1.0 415.353105  0.024090
sounding_018_120       37.7685   22.3020   -1.0 415.325120 -0.734790
sounding_018_121       37.7612   22.5787   -1.0 415.249264 -0.612090
sounding_018_122       37.7531   22.8554   -1.0 415.178954  0.920153
sounding_018_123       37.7441   23.1320   -1.0 415.182512 -0.878362
sounding_019_118       37.9995   21.7550   -1.0 415.323548  0.436029
sounding_019_119       37.9939   22.0329   -1.0 415.279577 -0.511988
sounding_019_120       37.9874   22.3107   -1.0 415.246944  0.298590
sounding_019_121       37.9800   22.5885   -1.0 415.177802  0.459212
sounding_019_122       37.9719   22.8662   -1.0 415.134523 -0.124482
sounding_019_123       37.9629   23.1439   -1.0 415.148970  0.000216
sounding_019_125       37.9424   23.6988   -1.0 415.284676  0.405285
sounding_019_126       37.9309   23.9761   -1.0 415.309095 -1.660629
sounding_020_118       38.2186   21.7617   -1.0 415.281006 -1.190134
sounding_020_119       38.2129   22.0406   -1.0 415.206589 -0.365436
sounding_020_123       38.1818   23.1559   -1.0 415.082512 -1.723036
sounding_020_124       38.1719   23.4344   -1.0 415.154790  0.545705
sounding_020_125       38.1612   23.7129   -1.0 415.205049 -0.407200
sounding_020_126       38.1497   23.9913   -1.0 415.212812  0.408427
sounding_021_118       38.4379   21.7684   -1.0 415.220461  1.167110
sounding_021_119       38.4322   22.0485   -1.0 415.104438 -0.203505
sounding_021_120       38.4256   22.3284   -1.0 414.981563  0.462517
sounding_021_121       38.4182   22.6083   -1.0 414.901084  0.708135
sounding_021_122       38.4100   22.8882   -1.0 414.906996 -2.005387
sounding_021_123       38.4009   23.1679   -1.0 414.987299 -0.313930
sounding_021_124       38.3910   23.4476   -1.0 415.074893  1.126645
sounding_021_125       38.3802   23.7271   -1.0 415.107041  1.705073
sounding_021_126       38.3686   24.0066   -1.0 415.099887  0.178728
sounding_022_118       38.6574   21.7752   -1.0 415.038779 -0.243190
sounding_022_119       38.6516   22.0563   -1.0 414.908193 -0.139912
sounding_022_120       38.6450   22.3374   -1.0 414.769311 -0.132754
sounding_022_121       38.6376   22.6184   -1.0 414.710984  0.670167
sounding_022_122       38.6293   22.8993   -1.0 414.782640  0.212236
sounding_022_123       38.6202   23.1801   -1.0 414.903844 -0.062742
sounding_022_125       38.5994   23.7415   -1.0 414.993455 -1.304583
sounding_022_126       38.5877   24.0219   -1.0 414.961644  0.697201
sounding_023_118       38.8770   21.7821   -1.0 414.752260  1.078052
sounding_023_119       38.8712   22.0643   -1.0 414.633488  1.234827
sounding_023_120       38.8646   22.3464   -1.0 414.541919  0.559423
sounding_023_121       38.8571   22.6285   -1.0 414.539787  1.130718
sounding_023_123       38.8396   23.1924   -1.0 414.851583  0.326100
sounding_023_124       38.8296   23.4742   -1.0 414.928609 -0.264272
sounding_024_119       39.0910   22.0723   -1.0 414.344526 -1.454425
sounding_024_120       39.0843   22.3555   -1.0 414.336273 -0.957677
sounding_024_121       39.0768   22.6387   -1.0 414.382941  1.502782
sounding_024_122       39.0685   22.9217   -1.0 414.587314 -0.098472
sounding_025_119       39.3109   22.0803   -1.0 414.104818 -0.151109
sounding_025_120       39.3042   22.3647   -1.0 414.149920  0.307125
sounding_025_121       39.2967   22.6489   -1.0 414.241102 -0.473574
sounding_026_119       39.5310   22.0885   -1.0 413.968813 -1.496894
sounding_026_120       39.5243   22.3739   -1.0 413.991233  1.322959
sounding_026_121       39.5167   22.6593   -1.0 414.182013  0.321610
sounding_026_122       39.5083   22.9445   -1.0 414.620630 -0.053753
sounding_027_119       39.7513   22.0967   -1.0 413.926600 -0.146317
sounding_027_120       39.7445   22.3832   -1.0 413.905730 -0.203628
sounding_027_121       39.7369   22.6697   -1.0 414.230461 -0.443192
sounding_028_119       39.9717   22.1049   -1.0 413.935768 -1.383879
sounding_028_120       39.9649   22.3926   -1.0 413.883306 -0.820409
sounding_029_120       40.1854   22.4020   -1.0 413.857436 -2.024685
sounding_029_125       40.1383   23.8448   -1.0 414.737938 -0.173604
sounding_030_120       40.4061   22.4116   -1.0 413.835657  1.922378
sounding_030_122       40.3898   22.9913   -1.0 414.491942 -1.109289
sounding_030_123       40.3803   23.2809   -1.0 414.703180  0.907547
sounding_030_124       40.3700   23.5706   -1.0 414.729809 -0.217856
sounding_031_120       40.6270   22.4212   -1.0 413.868116 -1.816615
sounding_031_121       40.6192   22.7122   -1.0 414.167550  0.470551
sounding_031_122       40.6106   23.0032   -1.0 414.491556  0.685903
sounding_031_123       40.6011   23.2940   -1.0 414.640082  0.430275
sounding_031_124       40.5907   23.5848   -1.0 414.613196  0.340654
sounding_032_120       40.8480   22.4309   -1.0 414.013318  1.198288
sounding_032_121       40.8402   22.7231   -1.0 414.285435 -0.720686
sounding_032_122       40.8315   23.0152   -1.0 414.508648 -0.873601
sounding_032_123       40.8219   23.3072   -1.0 414.563036 -0.687943
sounding_032_124       40.8115   23.5991   -1.0 414.464340 -0.212581
sounding_032_125       40.8002   23.8909   -1.0 414.283889  0.061610
sounding_032_126       40.7880   24.1826   -1.0 414.157415  0.318519
sounding_033_120       41.0691   22.4406   -1.0 414.217164 -0.667825
sounding_033_121       41.0613   22.7340   -1.0 414.396523 -0.111625
sounding_033_122       41.0525   23.0273   -1.0 414.487670 -1.556034
sounding_033_123       41.0429   23.3205   -1.0 414.461044 -1.098957
sounding_033_124       41.0325   23.6135   -1.0 414.302970 -0.852636
sounding_033_125       41.0211   23.9065   -1.0 414.097036  0.839796
sounding_033_126       41.0088   24.1993   -1.0 413.965416 -0.281061
sounding_033_127       40.9957   24.4920   -1.0 414.025673 -1.181943
sounding_033_128       40.9816   24.7846   -1.0 414.206834  0.256235
sounding_033_130       40.9509   25.3692   -1.0 414.209239 -1.827895
sounding_034_121       41.2825   22.7450   -1.0 414.456642 -2.163169
sounding_034_122       41.2737   23.0395   -1.0 414.451187  0.619206
sounding_034_123       41.2641   23.3338   -1.0 414.353930  0.895219
sounding_034_124       41.2536   23.6281   -1.0 414.199208  1.320078
sounding_034_125       41.2421   23.9222   -1.0 414.027801 -0.577261
sounding_034_126       41.2298   24.2162   -1.0 413.913793 -0.718061
sounding_034_127       41.2166   24.5101   -1.0 413.922543  1.599763
sounding_034_128       41.2025   24.8038   -1.0 413.969061 -0.246831
sounding_034_129       41.1875   25.0974   -1.0 414.000659 -2.154260
sounding_034_130       41.1717   25.3908   -1.0 414.064784 -2.497652
sounding_035_121       41.5039   22.7561   -1.0 414.483778 -0.068032
sounding_035_122       41.4951   23.0518   -1.0 414.422578 -1.187810
sounding_035_123       41.4854   23.3473   -1.0 414.309541  1.467323
sounding_035_124       41.4748   23.6428   -1.0 414.187175  0.812849
sounding_035_125       41.4633   23.9381   -1.0 414.063494 -1.770329
sounding_035_126       41.4509   24.2333   -1.0 413.980500 -0.621133
sounding_035_127       41.4377   24.5283   -1.0 413.927222  0.976377
sounding_035_128       41.4235   24.8232   -1.0 413.890001 -1.021046
sounding_035_129       41.4085   25.1180   -1.0 413.939332 -0.109207
sounding_035_130       41.3925   25.4125   -1.0 414.085528 -0.985575
sounding_036_121       41.7254   22.7673   -1.0 414.473268 -0.163865
sounding_036_122       41.7166   23.0642   -1.0 414.418920  0.642449
sounding_036_123       41.7068   23.3609   -1.0 414.365085 -1.270577
sounding_036_124       41.6962   23.6575   -1.0 414.255720  2.126037
sounding_036_125       41.6846   23.9540   -1.0 414.140503 -0.861470
sounding_036_126       41.6722   24.2504   -1.0 414.123340 -0.463321
sounding_036_129       41.6295   25.1387   -1.0 414.122355  0.252956
sounding_036_130       41.6135   25.4345   -1.0 414.176541  0.979492
sounding_037_121       41.9470   22.7786   -1.0 414.436994 -0.550949
sounding_037_122       41.9382   23.0767   -1.0 414.401980 -1.978081
sounding_037_123       41.9284   23.3746   -1.0 414.415307  1.068107
sounding_037_124       41.9177   23.6725   -1.0 414.348554  0.479313
sounding_037_125       41.9061   23.9702   -1.0 414.204081  1.158242
sounding_037_126       41.8936   24.2678   -1.0 414.194252  0.572422
sounding_037_129       41.8507   25.1596   -1.0 414.299913  1.391825
sounding_037_130       41.8346   25.4566   -1.0 414.221036  0.331077
sounding_038_121       42.1688   22.7900   -1.0 414.459986  0.202201
sounding_038_122       42.1599   23.0893   -1.0 414.392649  0.181975
sounding_038_123       42.1501   23.3884   -1.0 414.427976 -0.729222
sounding_038_124       42.1393   23.6875   -1.0 414.402787  0.051838
sounding_038_125       42.1277   23.9864   -1.0 414.249437 -1.095138
sounding_038_126       42.1151   24.2852   -1.0 414.194141  0.530351
sounding_038_127       42.1017   24.5839   -1.0 414.245793  0.257161
sounding_038_128       42.0873   24.8823   -1.0 414.295066 -0.576279
sounding_038_129       42.0721   25.1807   -1.0 414.263181  1.244427
sounding_038_130       42.0559   25.4789   -1.0 414.167479 -0.212718
sounding_038_131       42.0388   25.7769   -1.0 414.080186 -1.594791
sounding_039_121       42.3907   22.8014   -1.0 414.558308 -0.269452
sounding_039_122       42.3818   23.1020   -1.0 414.445330 -0.853551
sounding_039_123       42.3719   23.4023   -1.0 414.426443 -1.192962
sounding_039_124       42.3611   23.7026   -1.0 414.397429 -1.182004
sounding_039_125       42.3494   24.0028   -1.0 414.298872 -0.670532
sounding_039_126       42.3368   24.3028   -1.0 414.183804 -0.832633
sounding_039_127       42.3233   24.6027   -1.0 414.130097 -1.220885
sounding_039_128       42.3088   24.9024   -1.0 414.121543 -0.104192
sounding_039_129       42.2935   25.2020   -1.0 414.092374  2.246903
sounding_039_130       42.2773   25.5013   -1.0 414.035034  1.411450
sounding_039_131       42.2601   25.8005   -1.0 414.009638  1.688963
sounding_040_122       42.6038   23.1148   -1.0 414.525502 -1.934183
sounding_040_123       42.5939   23.4164   -1.0 414.423835  0.597410
sounding_040_124       42.5830   23.7179   -1.0 414.366462 -0.274778
sounding_040_125       42.5712   24.0193   -1.0 414.321230  0.727744
sounding_040_126       42.5586   24.3206   -1.0 414.232845  0.506380
sounding_040_127       42.5450   24.6217   -1.0 414.119861  2.545608
sounding_040_128       42.5305   24.9226   -1.0 414.060772  0.078788
sounding_040_129       42.5151   25.2234   -1.0 413.999445  0.325922
sounding_040_130       42.4988   25.5240   -1.0 413.966189 -0.489757
sounding_040_131       42.4816   25.8244   -1.0 413.990155 -0.365149
sounding_041_126       42.7805   24.3384   -1.0 414.277235 -0.337661
sounding_041_127       42.7668   24.6408   -1.0 414.217495 -0.297209
sounding_041_128       42.7523   24.9430   -1.0 414.141852  2.682251
sounding_041_129       42.7368   25.2450   -1.0 414.055065 -1.163562
sounding_041_130       42.7204   25.5468   -1.0 414.040592 -0.288683
sounding_041_131       42.7031   25.8485   -1.0 414.095143 -0.766844
sounding_042_125       43.0153   24.0527   -1.0 414.248753  2.856377
sounding_042_126       43.0025   24.3565   -1.0 414.307728  2.524282
sounding_042_127       42.9888   24.6601   -1.0 414.297142  0.703035
sounding_042_128       42.9742   24.9635   -1.0 414.198396 -1.077485
sounding_042_129       42.9586   25.2668   -1.0 414.086451 -0.919015
sounding_042_130       42.9422   25.5699   -1.0 414.070902  0.252474
sounding_042_131       42.9248   25.8728   -1.0 414.156036 -1.556880
sounding_043_125       43.2375   24.0697   -1.0 414.241017 -1.474298
sounding_043_126       43.2247   24.3747   -1.0 414.341154 -1.192787
sounding_043_127       43.2109   24.6795   -1.0 414.358993  0.490802
sounding_043_128       43.1962   24.9842   -1.0 414.262004  2.603681
sounding_043_129       43.1806   25.2888   -1.0 414.134749 -0.657857
sounding_043_130       43.1640   25.5931   -1.0 414.074472 -1.584192
sounding_043_131       43.1465   25.8972   -1.0 414.140072  0.004348
sounding_044_125       43.4598   24.0867   -1.0 414.176787  1.265890
sounding_044_126       43.4469   24.3930   -1.0 414.325949 -0.130043
sounding_044_127       43.4331   24.6992   -1.0 414.411855 -0.652904
sounding_044_128       43.4183   25.0051   -1.0 414.376302  0.208050
sounding_044_129       43.4026   25.3109   -1.0 414.249935  1.069312
sounding_044_130       43.3860   25.6165   -1.0 414.121472 -0.465502
sounding_044_131       43.3684   25.9219   -1.0 414.121506 -0.145125
sounding_044_132       43.3499   26.2271   -1.0 414.258545  0.638360
sounding_045_124       43.6943   23.7962   -1.0 413.887342  0.800190
sounding_045_125       43.6823   24.1040   -1.0 414.011549  1.150921
sounding_045_126       43.6693   24.4115   -1.0 414.198537 -0.079785
sounding_045_127       43.6554   24.7189   -1.0 414.382327 -1.021803
sounding_045_128       43.6405   25.0262   -1.0 414.477834  1.347605
sounding_045_129       43.6248   25.3332   -1.0 414.431013 -0.112981
sounding_045_130       43.6081   25.6401   -1.0 414.273102 -0.206902
sounding_045_131       43.5904   25.9468   -1.0 414.190511  0.268191
sounding_045_132       43.5719   26.2533   -1.0 414.256460  0.615467
sounding_046_123       43.9280   23.5032   -1.0 413.741830 -1.295734
sounding_046_124       43.9169   23.8123   -1.0 413.759072 -1.382298
sounding_046_125       43.9048   24.1213   -1.0 413.829134  0.442545
sounding_046_126       43.8918   24.4302   -1.0 414.015422  0.434657
sounding_046_127       43.8778   24.7389   -1.0 414.300113 -1.902853
sounding_046_128       43.8629   25.0474   -1.0 414.539772 -0.482059
sounding_046_129       43.8470   25.3558   -1.0 414.612459  2.230805
sounding_046_130       43.8302   25.6639   -1.0 414.489995  0.666723
sounding_046_131       43.8125   25.9719   -1.0 414.309205  1.375539
sounding_046_132       43.7939   26.2797   -1.0 414.238630 -0.576902
sounding_047_123       44.1508   23.5181   -1.0 413.724110 -0.165016
sounding_047_124       44.1396   23.8285   -1.0 413.732500 -0.261293
sounding_047_125       44.1274   24.1388   -1.0 413.733813  0.667389
sounding_047_126       44.1143   24.4490   -1.0 413.857384  0.857861
sounding_047_127       44.1003   24.7590   -1.0 414.154796  0.440323
sounding_047_128       44.0853   25.0689   -1.0 414.496184  0.260226
sounding_047_129       44.0694   25.3785   -1.0 414.708877  1.219847
sounding_047_130       44.0525   25.6880   -1.0 414.663431  0.397893
sounding_047_131       44.0347   25.9972   -1.0 414.417516 -1.115905
sounding_047_132       44.0160   26.3063   -1.0 414.211013  1.695438
sounding_048_123       44.3736   23.5331   -1.0 413.786253  0.499462
sounding_048_124       44.3624   23.8449   -1.0 413.839949  1.281482
sounding_048_125       44.3502   24.1565   -1.0 413.799649 -1.773041
sounding_048_126       44.3370   24.4680   -1.0 413.816227  0.586990
sounding_048_127       44.3229   24.7793   -1.0 413.989587  1.187684
sounding_048_128       44.3079   25.0905   -1.0 414.344301 -0.820713
sounding_048_129       44.2919   25.4014   -1.0 414.667062 -0.110338
sounding_048_130       44.2749   25.7122   -1.0 414.706192  0.935557
sounding_048_131       44.2570   26.0227   -1.0 414.443564 -0.240899
sounding_048_132       44.2382   26.3331   -1.0 414.133897 -2.057807
sounding_049_123       44.5966   23.5482   -1.0 413.963313 -1.434383
sounding_049_124       44.5853   23.8613   -1.0 414.080850  0.894718
sounding_049_125       44.5730   24.1743   -1.0 414.044927 -2.171163
sounding_049_126       44.5598   24.4871   -1.0 413.935225  1.981739
sounding_049_127       44.5456   24.7997   -1.0 413.939115 -0.685745
sounding_049_128       44.5305   25.1122   -1.0 414.160920  1.015933
sounding_049_129       44.5144   25.4245   -1.0 414.474210  0.393484
sounding_049_130       44.4974   25.7366   -1.0 414.586123 -1.412454
sounding_049_131       44.4794   26.0485   -1.0 414.369021  0.211763
sounding_049_132       44.4605   26.3601   -1.0 414.020184  1.311393
sounding_049_133       44.4406   26.6716   -1.0 413.885212 -1.591038
sounding_050_124       44.8083   23.8780   -1.0 414.467584  0.268560
sounding_050_125       44.7959   24.1923   -1.0 414.410416  0.042011
sounding_050_126       44.7827   24.5064   -1.0 414.213182  0.492449
sounding_050_127       44.7684   24.8204   -1.0 414.035199  0.262219
sounding_050_128       44.7532   25.1342   -1.0 414.020694  0.811218
sounding_050_129       44.7371   25.4478   -1.0 414.185209  0.036812
sounding_050_130       44.7200   25.7612   -1.0 414.284357  1.845738
sounding_050_131       44.7019   26.0745   -1.0 414.149047 -0.256444
sounding_050_132       44.6829   26.3875   -1.0 413.874981 -2.057842
sounding_050_133       44.6630   26.7002   -1.0 413.767747  0.302527
sounding_051_127       44.9913   24.8412   -1.0 414.192396 -0.567423
sounding_051_128       44.9761   25.1564   -1.0 413.877985 -1.144719
sounding_051_131       44.9245   26.1007   -1.0 413.784913  0.338386
sounding_051_132       44.9054   26.4150   -1.0 413.674003  0.386316
sounding_052_124       45.2546   23.9116   -1.0 414.825680 -1.877671
sounding_052_125       45.2421   24.2286   -1.0 415.000392 -1.158039
sounding_052_126       45.2287   24.5455   -1.0 414.813854 -1.431641
sounding_052_127       45.2143   24.8622   -1.0 414.252904 -0.161379
sounding_052_128       45.1990   25.1787   -1.0 413.662861 -0.560509
sounding_053_125       45.4653   24.2471   -1.0 415.154629  0.395398
sounding_053_126       45.4519   24.5653   -1.0 414.936427 -0.350329
sounding_053_127       45.4374   24.8834   -1.0 414.303853  0.559636
sounding_053_128       45.4220   25.2013   -1.0 413.551041 -1.061720
sounding_053_129       45.4056   25.5190   -1.0 412.948361  0.723847
sounding_053_130       45.3883   25.8364   -1.0 412.717440  1.128644
sounding_054_125       45.6886   24.2657   -1.0 415.563707  0.566688
sounding_054_126       45.6751   24.5853   -1.0 415.261482  0.102599
sounding_054_128       45.6451   25.2240   -1.0 413.411803 -1.630298
sounding_054_129       45.6286   25.5431   -1.0 412.550061 -0.371757
sounding_054_130       45.6112   25.8619   -1.0 412.242583 -1.589256
sounding_054_131       45.5928   26.1806   -1.0 412.449302  1.790058
sounding_055_126       45.8984   24.6055   -1.0 415.586619 -0.431601
sounding_055_127       45.8838   24.9263   -1.0 414.453980 -0.328414
sounding_055_128       45.8683   25.2469   -1.0 413.141592  1.147055
sounding_055_129       45.8517   25.5674   -1.0 412.348246 -0.165631
sounding_055_130       45.8342   25.8877   -1.0 412.135859  0.744816
sounding_055_131       45.8157   26.2077   -1.0 412.285252 -2.389835
sounding_056_132       46.0192   26.5562   -1.0 412.176294 -0.024354
sounding_056_133       45.9986   26.8771   -1.0 412.313604  0.603645
sounding_056_134       45.9771   27.1977   -1.0 412.812054  0.523654
sounding_057_134       46.1999   27.2295   -1.0 412.542461 -0.726512
sounding_058_125       46.5826   24.3417   -1.0 416.141868 -1.618566
sounding_059_125       46.8063   24.3611   -1.0 415.926171 -1.279873
sounding_059_134       46.6456   27.2940   -1.0 412.484112  0.649830
sounding_060_125       47.0300   24.3807   -1.0 415.460813 -0.958974
sounding_060_134       46.8686   27.3267   -1.0 412.530310  0.617050
sounding_061_126       47.2398   24.7302   -1.0 414.006917 -0.060213
sounding_061_127       47.2248   25.0597   -1.0 413.362423 -0.779229
sounding_061_134       47.0916   27.3596   -1.0 412.621234 -0.369699
sounding_061_135       47.0686   27.6871   -1.0 412.847555 -0.168336
sounding_062_126       47.4636   24.7517   -1.0 413.668534 -0.343078
sounding_062_133       47.3369   27.0636   -1.0 412.539753 -0.190128
sounding_062_134       47.3147   27.3928   -1.0 412.735032 -1.130056
sounding_062_135       47.2916   27.7218   -1.0 412.910169 -0.286915
sounding_063_133       47.5601   27.0957   -1.0 412.649675  0.969136
sounding_063_134       47.5379   27.4264   -1.0 412.841770 -1.539229
sounding_063_135       47.5146   27.7568   -1.0 412.996399 -0.715667
sounding_064_132       47.8047   26.7955   -1.0 412.592577  0.031869
sounding_064_133       47.7834   27.1280   -1.0 412.731109  0.710255
sounding_064_134       47.7610   27.4602   -1.0 412.932713 -1.672650
sounding_064_135       47.7377   27.7921   -1.0 413.047994  0.906964
sounding_065_126       48.1353   24.8172   -1.0 412.932759  0.571092
sounding_065_127       48.1200   25.1527   -1.0 412.873686 -0.194315
sounding_065_129       48.0864   25.8230   -1.0 412.939380 -0.634224
sounding_065_130       48.0680   26.1579   -1.0 412.765804  1.236770
sounding_065_131       48.0486   26.4924   -1.0 412.638039 -1.016007
sounding_065_132       48.0282   26.8267   -1.0 412.693207  0.182095
sounding_065_133       48.0067   27.1607   -1.0 412.869144  0.050293
sounding_065_134       47.9843   27.4944   -1.0 413.063988  0.502747
sounding_065_135       47.9608   27.8278   -1.0 413.146500 -0.529785
sounding_066_126       48.3593   24.8394   -1.0 412.885613 -0.318112
sounding_066_127       48.3439   25.1765   -1.0 413.036509 -0.418359
sounding_066_128       48.3275   25.5133   -1.0 413.105515 -0.683288
sounding_066_129       48.3101   25.8499   -1.0 412.943440 -2.173254
sounding_066_130       48.2916   26.1863   -1.0 412.781045  1.262798
sounding_066_131       48.2722   26.5223   -1.0 412.765017 -0.074496
sounding_066_134       48.2075   27.5288   -1.0 413.208235 -0.702670
sounding_066_135       48.1840   27.8637   -1.0 413.253584 -0.263989
sounding_066_136       48.1594   28.1983   -1.0 413.245247  0.405039
sounding_067_127       48.5679   25.2005   -1.0 413.092423  1.034015
sounding_067_128       48.5514   25.5389   -1.0 413.095222 -1.254943
sounding_067_129       48.5339   25.8770   -1.0 412.972585 -1.247019
sounding_067_130       48.5154   26.2149   -1.0 412.891856 -0.858976
sounding_067_131       48.4958   26.5525   -1.0 412.933584  1.648185
sounding_067_132       48.4752   26.8899   -1.0 413.060435  0.677053
sounding_068_127       48.7919   25.2247   -1.0 412.956766  1.521589
sounding_068_133       48.6770   27.2605   -1.0 413.264085 -0.254290
sounding_069_132       48.9223   26.9542   -1.0 413.110496 -0.652790
sounding_070_129       49.2056   25.9598   -1.0 412.748820  0.843163
sounding_070_130       49.1867   26.3025   -1.0 412.812697  0.009062
sounding_070_131       49.1669   26.6448   -1.0 412.913131  0.611324
sounding_070_132       49.1459   26.9868   -1.0 413.058870 -0.746180
sounding_070_133       49.1240   27.3285   -1.0 413.209313 -0.331533
sounding_070_134       49.1010   27.6700   -1.0 413.343180 -0.909876
sounding_071_128       49.4474   25.6435   -1.0 412.445416 -0.701523
sounding_071_129       49.4295   25.9880   -1.0 412.548909  1.344876
sounding_071_130       49.4106   26.3322   -1.0 412.720539 -1.818723
sounding_071_131       49.3906   26.6761   -1.0 412.906934  0.858340
sounding_071_132       49.3696   27.0197   -1.0 413.098504 -1.424105
sounding_072_128       49.6714   25.6703   -1.0 412.411272 -0.027044
sounding_072_129       49.6534   26.0164   -1.0 412.558583  0.662336
sounding_072_130       49.6345   26.3622   -1.0 412.800722  0.018585
sounding_072_131       49.6144   26.7077   -1.0 413.049281  0.107896
sounding_073_128       49.8955   25.6973   -1.0 412.720441  0.448897
sounding_073_129       49.8774   26.0450   -1.0 412.846900  0.076253
sounding_073_130       49.8583   26.3925   -1.0 413.069000 -0.387626
sounding_073_131       49.8382   26.7397   -1.0 413.305152  0.492712
sounding_073_135       49.7469   28.1251   -1.0 413.753447 -0.265544
sounding_074_128       50.1196   25.7246   -1.0 413.174102  0.062473
sounding_074_129       50.1014   26.0740   -1.0 413.250117 -0.157949
sounding_074_130       50.0823   26.4231   -1.0 413.408948  0.474774
sounding_074_131       50.0620   26.7719   -1.0 413.597817  1.182285
sounding_074_132       50.0407   27.1204   -1.0 413.738807  2.130021
sounding_074_133       50.0183   27.4686   -1.0 413.855044 -0.327550
sounding_074_134       49.9948   27.8164   -1.0 413.939395  0.736117
sounding_074_135       49.9703   28.1639   -1.0 413.983503  1.587480
sounding_074_136       49.9447   28.5110   -1.0 414.016476  0.752200
sounding_075_128       50.3437   25.7522   -1.0 413.498518  0.955477
sounding_075_129       50.3255   26.1032   -1.0 413.567098  0.748133
sounding_075_130       50.3062   26.4540   -1.0 413.681996 -0.689009
sounding_075_131       50.2858   26.8044   -1.0 413.802850 -0.061756
sounding_075_132       50.2644   27.1546   -1.0 413.924057  1.004684
sounding_075_133       50.2419   27.5044   -1.0 414.044392 -0.660653
sounding_075_134       50.2183   27.8539   -1.0 414.142502 -0.694531
sounding_075_136       50.1680   28.5518   -1.0 414.204254 -0.837924
sounding_075_137       50.1412   28.9001   -1.0 414.199003 -0.711055
sounding_076_128       50.5678   25.7800   -1.0 413.677589  0.296007
sounding_076_129       50.5495   26.1327   -1.0 413.743661  0.249243
sounding_076_130       50.5301   26.4852   -1.0 413.816483 -0.237291
sounding_076_131       50.5097   26.8373   -1.0 413.874605 -0.403341
sounding_076_132       50.4881   27.1891   -1.0 413.978184  0.704208
sounding_076_133       50.4655   27.5406   -1.0 414.112280  0.952732
sounding_076_134       50.4418   27.8917   -1.0 414.216000  1.319999
sounding_076_135       50.4171   28.2425   -1.0 414.284976  0.102456
sounding_076_136       50.3913   28.5929   -1.0 414.328225  0.449089
sounding_076_137       50.3644   28.9429   -1.0 414.335488  0.188751
sounding_077_128       50.7919   25.8081   -1.0 413.753541  0.162184
sounding_077_129       50.7735   26.1625   -1.0 413.795167 -0.110147
sounding_077_130       50.7541   26.5166   -1.0 413.831254 -0.212283
sounding_077_131       50.7335   26.8705   -1.0 413.868553 -0.288613
sounding_077_132       50.7119   27.2240   -1.0 413.949683 -0.671234
sounding_077_133       50.6892   27.5771   -1.0 414.058313  0.395903
sounding_077_134       50.6653   27.9300   -1.0 414.179035  0.586705
sounding_077_135       50.6405   28.2824   -1.0 414.259332 -0.628774
sounding_077_136       50.6145   28.6345   -1.0 414.338064 -0.375539
sounding_077_137       50.5875   28.9861   -1.0 414.394713 -1.145211
sounding_078_129       50.9976   26.1926   -1.0 413.800538 -1.142156
sounding_078_130       50.9780   26.5484   -1.0 413.815095 -1.145657
sounding_078_131       50.9574   26.9040   -1.0 413.825656  0.075007
sounding_078_132       50.9356   27.2592   -1.0 413.853315 -1.724888
sounding_078_133       50.9128   27.6140   -1.0 413.928554  0.394631
sounding_078_134       50.8889   27.9685   -1.0 414.036835  1.315371
sounding_078_135       50.8639   28.3227   -1.0 414.131374 -0.978299
sounding_078_136       50.8378   28.6764   -1.0 414.251730  0.296262
sounding_078_137       50.8106   29.0297   -1.0 414.374489 -1.561174
sounding_079_129       51.2216   26.2230   -1.0 413.846060 -0.978883
sounding_079_130       51.2020   26.5805   -1.0 413.850388  0.686264
sounding_079_131       51.1812   26.9378   -1.0 413.840279  0.365635
sounding_079_132       51.1594   27.2947   -1.0 413.840295  0.961095
sounding_079_133       51.1364   27.6513   -1.0 413.878692  0.029124
sounding_079_134       51.1124   28.0075   -1.0 413.954706  1.335674
sounding_079_135       51.0873   28.3633   -1.0 414.047549  0.805922
sounding_079_136       51.0611   28.7188   -1.0 414.179952  0.889541
sounding_079_137       51.0338   29.0738   -1.0 414.334918  0.067623
sounding_080_129       51.4457   26.2536   -1.0 413.993171  0.098327
sounding_080_130       51.4259   26.6130   -1.0 414.050175 -0.027794
sounding_080_131       51.4051   26.9719   -1.0 414.068699 -1.567743
sounding_080_132       51.3831   27.3306   -1.0 414.056750  0.550063
sounding_080_133       51.3600   27.6889   -1.0 414.065838  0.123871
sounding_080_134       51.3359   28.0468   -1.0 414.106868 -0.621400
sounding_080_135       51.3107   28.4044   -1.0 414.176395 -1.345956
sounding_080_136       51.2843   28.7615   -1.0 414.276957  0.239517
sounding_080_137       51.2569   29.1183   -1.0 414.397556 -1.767955
sounding_081_129       51.6697   26.2846   -1.0 414.285260 -0.338066
sounding_081_130       51.6499   26.6457   -1.0 414.397462 -1.223531
sounding_081_131       51.6289   27.0064   -1.0 414.446230 -0.332820
sounding_081_132       51.6068   27.3668   -1.0 414.443910 -0.750593
sounding_081_133       51.5837   27.7269   -1.0 414.434397 -0.328399
sounding_081_134       51.5594   28.0866   -1.0 414.434452 -0.947171
sounding_081_135       51.5340   28.4459   -1.0 414.454643 -0.497241
sounding_081_136       51.5076   28.8047   -1.0 414.493942 -0.370872
sounding_081_137       51.4800   29.1632   -1.0 414.555977 -1.092180
sounding_082_129       51.8938   26.3159   -1.0 414.576099 -0.642830
sounding_082_130       51.8738   26.6787   -1.0 414.651379 -1.376471
sounding_082_131       51.8527   27.0413   -1.0 414.607455  0.945038
sounding_082_132       51.8306   27.4034   -1.0 414.516436 -0.587506
sounding_082_133       51.8073   27.7653   -1.0 414.439456 -0.896220
sounding_082_134       51.7829   28.1267   -1.0 414.409204  0.536888
sounding_082_135       51.7574   28.4877   -1.0 414.413665  0.345231
sounding_082_136       51.7308   28.8484   -1.0 414.448850 -0.899240
sounding_082_137       51.7031   29.2085   -1.0 414.521875 -1.082796
sounding_083_129       52.1178   26.3475   -1.0 414.479771 -1.623553
sounding_083_130       52.0977   26.7121   -1.0 414.327425 -0.874273
sounding_083_131       52.0765   27.0765   -1.0 414.117668  1.771126
sounding_083_132       52.0543   27.4404   -1.0 413.975680 -2.054826
sounding_083_133       52.0309   27.8040   -1.0 413.919235 -0.482784
sounding_083_134       52.0063   28.1672   -1.0 413.903672  0.272619
sounding_083_135       51.9807   28.5300   -1.0 413.951308 -0.618188
sounding_083_136       51.9540   28.8924   -1.0 414.080845 -1.204468
sounding_084_130       52.3216   26.7459   -1.0 413.438389  0.819320
sounding_084_131       52.3003   27.1120   -1.0 413.220993 -0.999743
sounding_084_132       52.2779   27.4778   -1.0 413.206961  0.639125
sounding_084_133       52.2544   27.8431   -1.0 413.307492 -0.246966
sounding_084_134       52.2298   28.2081   -1.0 413.356674 -0.039521
sounding_084_135       52.2040   28.5727   -1.0 413.447098 -0.093659
sounding_084_136       52.1772   28.9369   -1.0 413.628570  1.499351
sounding_084_139       52.0899   30.0266   -1.0 414.455692  1.269543
sounding_085_130       52.5455   26.7799   -1.0 412.620244  0.339218
sounding_085_131       52.5241   27.1479   -1.0 412.634798 -0.097573
sounding_085_132       52.5016   27.5155   -1.0 412.847705  0.172240
sounding_085_133       52.4780   27.8827   -1.0 413.082784  1.410311
sounding_085_134       52.4532   28.2495   -1.0 413.205728  1.517791
sounding_085_135       52.4273   28.6159   -1.0 413.261275  0.839004
sounding_085_138       52.3430   29.7124   -1.0 413.726050 -0.207059
sounding_085_139       52.3127   30.0769   -1.0 414.145013  0.005085
sounding_086_130       52.7694   26.8143   -1.0 412.444353 -0.191531
sounding_086_131       52.7479   27.1841   -1.0 412.698638  0.751853
sounding_086_132       52.7252   27.5536   -1.0 413.022221  0.782614
sounding_086_133       52.7015   27.9226   -1.0 413.178685 -1.066368
sounding_086_134       52.6766   28.2912   -1.0 413.142807 -1.569900
sounding_086_135       52.6506   28.6594   -1.0 413.043464 -0.127387
sounding_086_137       52.5952   29.3945   -1.0 413.044902  0.086070
sounding_086_138       52.5658   29.7614   -1.0 413.319801  1.146810
sounding_086_139       52.5354   30.1277   -1.0 413.794076 -0.598691
sounding_087_130       52.9932   26.8491   -1.0 412.782077  1.944508
sounding_087_131       52.9716   27.2208   -1.0 413.090843 -0.758212
sounding_087_132       52.9489   27.5920   -1.0 413.291969  0.626104
sounding_087_133       52.9250   27.9629   -1.0 413.234578  1.617074
sounding_087_134       52.9000   28.3334   -1.0 412.973030  0.210197
sounding_087_135       52.8738   28.7035   -1.0 412.715759 -1.284332
sounding_087_136       52.8466   29.0731   -1.0 412.615734 -0.884358
sounding_087_137       52.8182   29.4422   -1.0 412.747155 -0.880970
sounding_087_138       52.7887   29.8108   -1.0 413.081273  1.573107
sounding_087_139       52.7580   30.1790   -1.0 413.470282 -0.129745
sounding_088_130       53.2170   26.8842   -1.0 413.172587  0.996688
sounding_088_131       53.1953   27.2578   -1.0 413.316968  2.650653
sounding_088_132       53.1724   27.6309   -1.0 413.376408 -1.458469
sounding_088_133       53.1484   28.0037   -1.0 413.233038  0.489962
sounding_088_134       53.1233   28.3760   -1.0 412.878438  0.835458
sounding_088_135       53.0970   28.7479   -1.0 412.510321  0.027227
sounding_088_136       53.0696   29.1194   -1.0 412.397480  0.090220
sounding_088_137       53.0411   29.4904   -1.0 412.612976 -0.822460
sounding_088_138       53.0115   29.8608   -1.0 412.948862 -0.435800
sounding_088_139       52.9806   30.2308   -1.0 413.252788 -1.408502
sounding_089_130       53.4407   26.9197   -1.0 413.408405  0.187381
sounding_089_131       53.4189   27.2951   -1.0 413.344826  1.886809
sounding_089_132       53.3960   27.6702   -1.0 413.283332 -0.530892
sounding_089_133       53.3719   28.0448   -1.0 413.133886  0.157707
sounding_089_134       53.3466   28.4190   -1.0 412.821489  1.423951
sounding_089_135       53.3202   28.7929   -1.0 412.443884 -0.029161
sounding_089_136       53.2927   29.1661   -1.0 412.244395  1.706554
sounding_089_137       53.2640   29.5390   -1.0 412.344577  1.131953
sounding_089_138       53.2342   29.9113   -1.0 412.696593  0.014669
sounding_089_139       53.2032   30.2831   -1.0 413.104351  1.626835
sounding_090_131       53.6425   27.3329   -1.0 413.268451  0.174111
sounding_090_132       53.6195   27.7098   -1.0 413.149713 -1.289649
sounding_090_133       53.5952   28.0864   -1.0 413.026538  0.311052
sounding_090_134       53.5699   28.4625   -1.0 412.816349  0.784047
sounding_090_135       53.5433   28.8382   -1.0 412.475512 -0.154526
sounding_090_136       53.5156   29.2134   -1.0 412.133664  0.164313
sounding_090_137       53.4868   29.5881   -1.0 412.046919  1.235297
sounding_090_138       53.4569   29.9623   -1.0 412.329362  0.664421
sounding_090_139       53.4258   30.3360   -1.0 412.844439 -0.561603
sounding_090_140       53.3935   30.7092   -1.0 413.442913 -0.296971
sounding_091_131       53.8661   27.3710   -1.0 413.186473  3.379198
sounding_091_132       53.8429   27.7499   -1.0 413.030441  0.822882
sounding_091_133       53.8186   28.1284   -1.0 412.916944 -0.173628
sounding_091_134       53.7931   28.5065   -1.0 412.799993 -0.421455
sounding_091_135       53.7664   28.8841   -1.0 412.552867 -1.625969
sounding_091_136       53.7386   29.2612   -1.0 412.183652 -2.066111
sounding_091_137       53.7096   29.6378   -1.0 411.931563 -1.102317
sounding_091_138       53.6795   30.0139   -1.0 412.020274  0.685489
sounding_091_139       53.6482   30.3895   -1.0 412.441195 -0.364760
sounding_091_140       53.6159   30.7645   -1.0 412.984276  0.916054
sounding_092_131       54.0896   27.4096   -1.0 413.145901  0.273895
sounding_092_132       54.0663   27.7904   -1.0 412.970705  0.011992
sounding_092_133       54.0418   28.1709   -1.0 412.854615 -0.741344
sounding_092_134       54.0162   28.5508   -1.0 412.778908  0.175240
sounding_092_135       53.9894   28.9304   -1.0 412.660815 -0.510826
sounding_092_136       53.9615   29.3094   -1.0 412.427262 -0.082336
sounding_092_137       53.9323   29.6879   -1.0 412.136972  0.445980
sounding_092_138       53.9021   30.0660   -1.0 411.988625  0.053520
sounding_092_139       53.8707   30.4434   -1.0 412.194240 -0.824248
sounding_092_140       53.8381   30.8203   -1.0 412.631187 -1.120904
sounding_093_131       54.3131   27.4486   -1.0 413.204098  0.936625
sounding_093_132       54.2897   27.8314   -1.0 413.052852  0.248045
sounding_093_133       54.2651   28.2138   -1.0 412.921141  0.332001
sounding_093_134       54.2393   28.5957   -1.0 412.824557  0.108988
sounding_093_135       54.2124   28.9772   -1.0 412.788726 -0.380470
sounding_093_136       54.1843   29.3581   -1.0 412.748368 -1.752022
sounding_093_137       54.1550   29.7386   -1.0 412.577187 -1.664510
sounding_093_138       54.1246   30.1186   -1.0 412.355552  1.434838
sounding_093_139       54.0930   30.4980   -1.0 412.371556  1.817257
sounding_093_140       54.0603   30.8768   -1.0 412.636630 -1.493338
sounding_094_131       54.5365   27.4879   -1.0 413.344221  0.110224
sounding_094_132       54.5130   27.8727   -1.0 413.233389  0.579668
sounding_094_133       54.4882   28.2571   -1.0 413.070481 -0.366497
sounding_094_134       54.4624   28.6410   -1.0 412.945006 -0.002375
sounding_094_135       54.4353   29.0245   -1.0 412.933499 -0.656842
sounding_094_136       54.4070   29.4074   -1.0 413.016968 -2.207986
sounding_094_137       54.3776   29.7899   -1.0 413.039712  0.422457
sounding_094_138       54.3471   30.1717   -1.0 412.934225  0.075657
sounding_094_139       54.3154   30.5531   -1.0 412.891737  0.430201
sounding_094_140       54.2825   30.9338   -1.0 412.996906 -0.897910
sounding_095_131       54.7599   27.5277   -1.0 413.447013 -1.580018
sounding_095_132       54.7362   27.9145   -1.0 413.381131 -0.113371
sounding_095_133       54.7114   28.3009   -1.0 413.244003  0.849745
sounding_095_134       54.6853   28.6868   -1.0 413.121192  1.221679
sounding_095_135       54.6581   29.0723   -1.0 413.096022 -0.991308
sounding_095_136       54.6298   29.4572   -1.0 413.211831  1.432078
sounding_095_137       54.6002   29.8416   -1.0 413.370874  0.065563
sounding_095_138       54.5695   30.2255   -1.0 413.445977 -0.118089
sounding_095_139       54.5376   30.6087   -1.0 413.431742  1.351569
sounding_095_140       54.5045   30.9914   -1.0 413.432631 -0.400670
sounding_096_132       54.9594   27.9568   -1.0 413.433718 -0.431017
sounding_096_133       54.9344   28.3452   -1.0 413.379109 -1.105949
sounding_096_134       54.9082   28.7331   -1.0 413.314578  0.157460
sounding_096_135       54.8809   29.1206   -1.0 413.297736 -0.913751
sounding_096_136       54.8524   29.5075   -1.0 413.384435  1.151692
sounding_096_137       54.8227   29.8939   -1.0 413.556419 -0.662700
sounding_096_138       54.7918   30.2797   -1.0 413.719315 -1.390354
sounding_096_139       54.7597   30.6650   -1.0 413.799601 -1.091226
sounding_096_140       54.7265   31.0497   -1.0 413.776779  0.228399
sounding_096_141       54.6921   31.4337   -1.0 413.690866 -1.658075
sounding_097_132       55.1825   27.9994   -1.0 413.404009  0.532303
sounding_097_133       55.1574   28.3899   -1.0 413.455373 -0.903174
sounding_097_134       55.1311   28.7799   -1.0 413.482905  1.213896
sounding_097_135       55.1036   29.1694   -1.0 413.527158  0.611007
sounding_097_136       55.0749   29.5584   -1.0 413.593402 -1.066661
sounding_097_137       55.0451   29.9468   -1.0 413.702332  0.537644
sounding_097_138       55.0140   30.3346   -1.0 413.842066 -0.795103
sounding_097_139       54.9818   30.7219   -1.0 413.958992 -0.153049
sounding_097_140       54.9485   31.1085   -1.0 413.985588  0.379343
sounding_097_141       54.9139   31.4945   -1.0 413.927106 -0.369501
sounding_098_132       55.4055   28.0426   -1.0 413.317154  2.491389
sounding_098_133       55.3803   28.4352   -1.0 413.442763 -0.368771
sounding_098_134       55.3539   28.8272   -1.0 413.577370 -0.579547
sounding_098_135       55.3262   29.2187   -1.0 413.700327  0.464621
sounding_098_136       55.2974   29.6097   -1.0 413.790767 -0.305065
sounding_098_137       55.2674   30.0002   -1.0 413.873232  0.071515
sounding_098_138       55.2362   30.3900   -1.0 413.959214 -0.027184
sounding_098_139       55.2039   30.7793   -1.0 414.036578  0.863095
sounding_098_140       55.1703   31.1680   -1.0 414.090228  1.026745
sounding_098_141       55.1356   31.5560   -1.0 414.106068  0.671496
sounding_099_133       55.6031   28.4808   -1.0 413.385700  0.481974
sounding_099_134       55.5766   28.8750   -1.0 413.573017 -1.110839
sounding_099_135       55.5488   29.2686   -1.0 413.757534 -1.278720
sounding_099_136       55.5198   29.6617   -1.0 413.905411  3.103356
sounding_099_137       55.4897   30.0542   -1.0 414.013262 -0.542131
sounding_099_138       55.4583   30.4461   -1.0 414.083754 -0.563490
sounding_099_139       55.4258   30.8374   -1.0 414.126117 -0.001566
sounding_099_140       55.3921   31.2281   -1.0 414.156996 -0.550166
sounding_099_141       55.3571   31.6182   -1.0 414.175248  0.628006
sounding_100_133       55.8259   28.5270   -1.0 413.335746 -0.328845
sounding_100_134       55.7992   28.9233   -1.0 413.519717 -1.059607
sounding_100_135       55.7713   29.3190   -1.0 413.714673  1.054223
sounding_100_136       55.7422   29.7141   -1.0 413.895221 -0.627950
sounding_100_137       55.7118   30.1087   -1.0 414.039386 -0.114033
sounding_100_138       55.6803   30.5027   -1.0 414.130079 -0.224614
sounding_100_139       55.6476   30.8961   -1.0 414.168081 -0.320817
sounding_100_140       55.6137   31.2889   -1.0 414.159474  0.108605
sounding_100_141       55.5786   31.6809   -1.0 414.119886 -0.275887
sounding_101_134       56.0217   28.9721   -1.0 413.476235  1.737400
sounding_101_135       55.9937   29.3699   -1.0 413.640118  0.431483
sounding_101_136       55.9644   29.7672   -1.0 413.811417  1.210237
sounding_101_137       55.9339   30.1639   -1.0 413.960847 -1.558221
sounding_101_138       55.9023   30.5600   -1.0 414.055653  2.441239
sounding_101_139       55.8694   30.9554   -1.0 414.082758  1.272241
sounding_101_140       55.8353   31.3502   -1.0 414.055013 -0.416981
sounding_101_141       55.8000   31.7444   -1.0 413.985533  0.096070
sounding_102_134       56.2441   29.0215   -1.0 413.471304  0.343570
sounding_102_135       56.2159   29.4215   -1.0 413.587575  0.354056
sounding_102_136       56.1865   29.8209   -1.0 413.711053  0.498585
sounding_102_137       56.1559   30.2197   -1.0 413.822104 -0.637911
sounding_102_138       56.1241   30.6179   -1.0 413.890205  0.090679
sounding_102_139       56.0911   31.0154   -1.0 413.898981 -1.737882
sounding_102_140       56.0568   31.4123   -1.0 413.870083 -0.886287
sounding_102_141       56.0213   31.8086   -1.0 413.801678 -0.575711
sounding_102_142       55.9847   32.2041   -1.0 413.713301 -1.207439
sounding_103_134       56.4665   29.0714   -1.0 413.481499 -0.048423
sounding_103_135       56.4382   29.4735   -1.0 413.574885  1.052622
sounding_103_136       56.4086   29.8751   -1.0 413.639354 -1.028696
sounding_103_139       56.3126   31.0761   -1.0 413.705182  0.466653
sounding_103_140       56.2782   31.4751   -1.0 413.652726  0.217645
sounding_103_141       56.2426   31.8734   -1.0 413.576388 -0.500664
sounding_103_142       56.2057   32.2711   -1.0 413.504356  0.915965
sounding_104_134       56.6887   29.1219   -1.0 413.468975  0.161561
sounding_104_139       56.5341   31.1374   -1.0 413.536883 -0.556357
sounding_104_140       56.4995   31.5385   -1.0 413.453793 -1.350122
sounding_104_141       56.4637   31.9390   -1.0 413.360187 -0.802895
sounding_104_142       56.4266   32.3387   -1.0 413.287776 -0.728312
sounding_105_134       56.9109   29.1729   -1.0 413.437990  2.032164
sounding_105_139       56.7554   31.1993   -1.0 413.398812 -1.063685
sounding_105_140       56.7206   31.6027   -1.0 413.293097  0.046158
sounding_105_141       56.6846   32.0053   -1.0 413.202169 -0.643451
sounding_105_142       56.6474   32.4072   -1.0 413.140821  0.682445
sounding_106_139       56.9766   31.2620   -1.0 413.284457 -0.435667
sounding_106_140       56.9417   31.6675   -1.0 413.187352 -0.318529
sounding_106_141       56.9055   32.0723   -1.0 413.128069  0.060562
sounding_106_142       56.8681   32.4763   -1.0 413.095925  1.103889
sounding_107_135       57.3259   29.6877   -1.0 413.337550  1.075139
sounding_107_139       57.1978   31.3254   -1.0 413.219800 -1.157079
sounding_107_140       57.1626   31.7331   -1.0 413.139731 -0.727223
sounding_107_141       57.1263   32.1401   -1.0 413.117904 -0.194350
sounding_107_142       57.0887   32.5463   -1.0 413.130497 -0.402353
sounding_108_135       57.5476   29.7427   -1.0 413.254168  0.277556
sounding_108_136       57.5173   30.1554   -1.0 413.311067 -0.463641
sounding_108_139       57.4188   31.3895   -1.0 413.187483  0.469894
sounding_108_140       57.3835   31.7994   -1.0 413.137192  0.455484
sounding_108_141       57.3469   32.2086   -1.0 413.147948  1.096423
sounding_108_142       57.3091   32.6170   -1.0 413.186831 -0.792321
sounding_108_143       57.2701   33.0246   -1.0 413.236335  0.966495
sounding_109_135       57.7692   29.7984   -1.0 413.219770 -0.520498
sounding_109_136       57.7387   30.2134   -1.0 413.286150  0.336006
sounding_109_138       57.6739   31.0414   -1.0 413.271332  1.366134
sounding_109_139       57.6397   31.4543   -1.0 413.209234  0.909185
sounding_109_140       57.6042   31.8665   -1.0 413.185737  0.786110
sounding_109_141       57.5674   32.2779   -1.0 413.209902  0.517601
sounding_109_142       57.5294   32.6885   -1.0 413.258211  1.146456
sounding_109_143       57.4902   33.0984   -1.0 413.319910  0.043958
sounding_110_134       58.0200   29.4368   -1.0 413.188526  2.228714
sounding_110_135       57.9906   29.8547   -1.0 413.228586 -1.622997
sounding_110_138       57.8949   31.1046   -1.0 413.301988  1.713014
sounding_110_139       57.8604   31.5198   -1.0 413.264485 -0.305924
sounding_110_140       57.8247   31.9343   -1.0 413.259799  0.010118
sounding_110_141       57.7878   32.3480   -1.0 413.281416  1.239469
sounding_110_142       57.7496   32.7609   -1.0 413.332000  0.976104
sounding_110_143       57.7102   33.1729   -1.0 413.391543  0.062887
sounding_111_137       58.1490   30.7503   -1.0 413.381633  0.709170
sounding_111_138       58.1157   31.1686   -1.0 413.360275  0.148744
sounding_111_139       58.0810   31.5861   -1.0 413.335862  0.399249
sounding_111_140       58.0452   32.0029   -1.0 413.334407 -1.463793
sounding_111_141       58.0080   32.4188   -1.0 413.358857  0.463490
sounding_111_142       57.9696   32.8340   -1.0 413.398158 -1.828813
sounding_111_143       57.9300   33.2484   -1.0 413.445374  0.999860
sounding_112_137       58.3698   30.8127   -1.0 413.408271 -0.761577
sounding_112_139       58.3015   31.6532   -1.0 413.402316  0.575964
sounding_112_140       58.2655   32.0722   -1.0 413.393992  0.047265
sounding_112_141       58.2281   32.4905   -1.0 413.406051 -1.126659
sounding_112_142       58.1895   32.9080   -1.0 413.437496  0.443495
sounding_113_139       58.5219   31.7210   -1.0 413.441053 -0.916704
sounding_113_140       58.4856   32.1424   -1.0 413.412459 -0.222425
sounding_113_141       58.4481   32.5630   -1.0 413.401464 -1.026030
sounding_113_142       58.4093   32.9828   -1.0 413.424127 -0.144393
sounding_114_139       58.7421   31.7896   -1.0 413.408761 -0.854808
sounding_119_137       59.9116   31.2701   -1.0 413.297440 -0.279410
sounding_120_144       59.8587   34.4023   -1.0 413.410896  1.498915
sounding_121_144       60.0767   34.4895   -1.0 413.400886  0.168342
sounding_122_142       60.3798   33.6970   -1.0 413.433121 -2.339998
sounding_122_143       60.3378   34.1379   -1.0 413.405370 -0.428288
sounding_122_144       60.2944   34.5777   -1.0 413.373513  0.899209
sounding_122_145       60.2498   35.0165   -1.0 413.344591  0.013333
sounding_123_141       60.6388   33.3368   -1.0 413.435894  0.429710
sounding_123_142       60.5978   33.7812   -1.0 413.398985 -1.527349
sounding_123_143       60.5556   34.2246   -1.0 413.331038  0.282310
sounding_123_144       60.5120   34.6670   -1.0 413.269058  0.610388
sounding_123_145       60.4671   35.1083   -1.0 413.224659  0.871461
sounding_124_140       60.8966   32.9712   -1.0 413.556050  0.021477
sounding_124_141       60.8568   33.4193   -1.0 413.512431 -0.114956
sounding_124_142       60.8157   33.8664   -1.0 413.428966 -0.086404
sounding_124_143       60.7732   34.3125   -1.0 413.299156  0.771824
sounding_124_144       60.7294   34.7574   -1.0 413.160929 -1.197097
sounding_124_145       60.6843   35.2013   -1.0 413.050444  0.975844
sounding_125_139       61.1534   32.6004   -1.0 413.755479  0.527546
sounding_125_140       61.1147   33.0522   -1.0 413.727833  0.748341
sounding_125_141       61.0747   33.5029   -1.0 413.674725 -2.021252
sounding_125_142       61.0333   33.9527   -1.0 413.572724  0.482050
sounding_125_143       60.9906   34.4013   -1.0 413.401462  0.509759
sounding_126_137       61.4451   31.7677   -1.0 413.949863  0.639397
sounding_126_138       61.4090   32.2241   -1.0 413.936581 -0.173294
sounding_126_139       61.3715   32.6796   -1.0 413.909842  0.517755
sounding_126_140       61.3326   33.1341   -1.0 413.869183  0.640429
sounding_127_137       61.6634   31.8423   -1.0 414.016573 -0.299299
sounding_127_138       61.6271   32.3016   -1.0 413.998712  0.533093
sounding_127_139       61.5894   32.7598   -1.0 413.962892  0.830483
sounding_128_139       61.8071   32.8411   -1.0 413.961846 -0.872712
sounding_128_140       61.7678   33.3011   -1.0 413.898567 -1.161720
sounding_129_146       61.7191   36.1394   -1.0 413.464618 -1.306972
sounding_131_138       62.4974   32.6213   -1.0 414.334388  2.214123
sounding_132_137       62.7518   32.2301   -1.0 414.500041  0.884743
sounding_132_138       62.7144   32.7038   -1.0 414.468337  0.797631
sounding_132_139       62.6756   33.1764   -1.0 414.430924 -1.780767
sounding_132_140       62.6355   33.6479   -1.0 414.383143 -1.207981
sounding_132_141       62.5939   34.1183   -1.0 414.317168  1.104370
sounding_132_142       62.5509   34.5875   -1.0 414.227323 -0.089005
sounding_132_143       62.5065   35.0554   -1.0 414.124985 -0.773498
sounding_132_145       62.4136   35.9875   -1.0 413.929229 -1.512976
sounding_132_146       62.3651   36.4517   -1.0 413.860935  2.495663
sounding_133_137       62.9688   32.3107   -1.0 414.590949 -0.208097
sounding_133_138       62.9312   32.7874   -1.0 414.560491  0.133422
sounding_133_139       62.8922   33.2630   -1.0 414.521732  0.649371
sounding_133_140       62.8518   33.7375   -1.0 414.476068 -1.214189
sounding_133_141       62.8100   34.2107   -1.0 414.408828 -1.649614
sounding_133_144       62.6761   35.6232   -1.0 414.112435  0.152864
sounding_133_145       62.6287   36.0915   -1.0 414.037152 -0.352607
sounding_133_146       62.5799   36.5584   -1.0 413.989613 -0.025856
sounding_133_147       62.5298   37.0240   -1.0 413.962090  0.051066
sounding_134_137       63.1855   32.3924   -1.0 414.662942 -1.993607
sounding_134_138       63.1478   32.8721   -1.0 414.631232  0.491725
sounding_134_139       63.1085   33.3507   -1.0 414.593227 -0.018518
sounding_134_140       63.0679   33.8282   -1.0 414.550419  0.227086
sounding_134_141       63.0259   34.3044   -1.0 414.487630  0.536736
sounding_134_142       62.9824   34.7794   -1.0 414.391226 -0.183307
sounding_134_143       62.9375   35.2532   -1.0 414.274011  0.559678
sounding_134_144       62.8912   35.7257   -1.0 414.163713 -1.019019
sounding_134_145       62.8436   36.1968   -1.0 414.086316  1.391537
sounding_134_146       62.7945   36.6666   -1.0 414.053987  0.164620
sounding_134_147       62.7441   37.1350   -1.0 414.052076  1.503297
sounding_135_138       63.3641   32.9579   -1.0 414.702330 -0.750121
sounding_135_141       63.2415   34.3993   -1.0 414.573265  1.703791
sounding_135_142       63.1978   34.8773   -1.0 414.478784 -0.891084
sounding_135_143       63.1526   35.3540   -1.0 414.350283  0.845051
sounding_135_144       63.1061   35.8294   -1.0 414.213831  0.849812
sounding_135_145       63.0582   36.3034   -1.0 414.109862 -0.098254
sounding_135_146       63.0088   36.7761   -1.0 414.071013 -0.336426
sounding_135_147       62.9581   37.2473   -1.0 414.085975 -2.172232
sounding_136_138       63.5801   33.0449   -1.0 414.756067 -0.266016
sounding_136_139       63.5405   33.5296   -1.0 414.736773  0.622236
sounding_136_140       63.4994   34.0131   -1.0 414.710641  0.325252
sounding_136_141       63.4569   34.4954   -1.0 414.664841 -2.070621
sounding_136_143       63.3675   35.4562   -1.0 414.457122 -0.703433
sounding_136_144       63.3207   35.9345   -1.0 414.301224  0.796148
sounding_136_145       63.2725   36.4115   -1.0 414.159663  2.372397
sounding_136_146       63.2229   36.8871   -1.0 414.084060  0.320403
sounding_136_147       63.1719   37.3612   -1.0 414.087357  0.865913
sounding_137_138       63.7960   33.1330   -1.0 414.749801  0.125198
sounding_137_139       63.7561   33.6208   -1.0 414.762793 -0.284533
sounding_137_140       63.7147   34.1075   -1.0 414.764736 -0.002450
sounding_137_142       63.6277   35.0769   -1.0 414.694662 -0.031092
sounding_137_143       63.5821   35.5596   -1.0 414.593588  0.728378
sounding_137_144       63.5351   36.0410   -1.0 414.437448  1.089575
sounding_137_145       63.4866   36.5209   -1.0 414.263993  0.365207
sounding_137_146       63.4367   36.9995   -1.0 414.135211  1.761696
sounding_137_147       63.3854   37.4765   -1.0 414.093628 -0.011108
sounding_138_138       64.0115   33.2223   -1.0 414.677519 -0.529299
sounding_138_139       63.9714   33.7133   -1.0 414.717438 -1.261252
sounding_138_140       63.9298   34.2031   -1.0 414.754386  0.016496
sounding_138_141       63.8868   34.6916   -1.0 414.774937  0.359013
sounding_138_142       63.8424   35.1787   -1.0 414.769278  1.019581
sounding_138_143       63.7965   35.6645   -1.0 414.716461 -1.856321
sounding_138_144       63.7491   36.1489   -1.0 414.598194  1.364957
sounding_138_145       63.7004   36.6318   -1.0 414.425823 -0.832009
sounding_138_146       63.6502   37.1133   -1.0 414.252008 -0.856925
sounding_138_147       63.5986   37.5933   -1.0 414.142798 -0.848615
sounding_139_138       64.2268   33.3128   -1.0 414.597809  0.236007
sounding_139_139       64.1865   33.8070   -1.0 414.637707 -0.564752
sounding_139_140       64.1446   34.3000   -1.0 414.685140 -0.670167
sounding_139_141       64.1014   34.7916   -1.0 414.731090 -1.770028
sounding_139_142       64.0567   35.2819   -1.0 414.767786  1.376274
sounding_139_143       64.0105   35.7707   -1.0 414.778631 -1.417492
sounding_139_144       63.9629   36.2582   -1.0 414.732901 -2.230477
sounding_139_147       63.8116   37.7117   -1.0 414.269495  0.142899
sounding_140_138       64.4418   33.4045   -1.0 414.578570  0.467351
sounding_140_139       64.4013   33.9020   -1.0 414.586621  0.537321
sounding_140_140       64.3592   34.3981   -1.0 414.608658 -0.753689
sounding_140_141       64.3157   34.8930   -1.0 414.647230 -1.484568
sounding_140_142       64.2707   35.3864   -1.0 414.702175 -1.584188
sounding_140_143       64.2243   35.8785   -1.0 414.759438  0.452102
sounding_140_148       63.9706   38.3160   -1.0 414.308197  0.020985
sounding_141_138       64.6566   33.4975   -1.0 414.630215  1.166047
sounding_141_139       64.6158   33.9983   -1.0 414.603159 -0.508240
sounding_141_140       64.5735   34.4977   -1.0 414.583378  0.786800
sounding_141_148       64.1827   38.4406   -1.0 414.521285 -0.056686
sounding_142_139       64.8300   34.0959   -1.0 414.686952 -0.815900
sounding_142_140       64.7875   34.5986   -1.0 414.646188  0.880729
sounding_142_145       64.5527   37.0905   -1.0 414.742792  0.809466
sounding_142_146       64.5014   37.5842   -1.0 414.809054  0.634105
sounding_142_147       64.4486   38.0763   -1.0 414.811777 -0.561646
sounding_142_148       64.3944   38.5668   -1.0 414.726268 -0.182370
sounding_143_139       65.0440   34.1948   -1.0 414.773457 -0.259738
sounding_143_140       65.0012   34.7009   -1.0 414.750480 -0.007497
sounding_143_144       64.8152   36.7105   -1.0 414.609232 -0.569180
sounding_143_145       64.7651   37.2090   -1.0 414.652774 -0.167830
sounding_143_146       64.7135   37.7060   -1.0 414.734981 -0.688175
sounding_143_147       64.6604   38.2012   -1.0 414.813038 -0.300045
sounding_143_148       64.6059   38.6948   -1.0 414.833653 -1.908970
sounding_144_139       65.2576   34.2952   -1.0 414.822316  0.641835
sounding_144_144       65.0276   36.8275   -1.0 414.630822 -0.321727
sounding_144_145       64.9771   37.3292   -1.0 414.606081 -1.355796
sounding_144_146       64.9252   37.8293   -1.0 414.638542 -0.241296
sounding_145_139       65.4710   34.3969   -1.0 414.862079 -1.805728
sounding_146_139       65.6841   34.5001   -1.0 414.910732  0.115164
sounding_147_139       65.8969   34.6048   -1.0 414.964080 -0.407001
sounding_148_149       65.6007   39.8689   -1.0 414.634521 -1.335573
sounding_150_140       66.4887   35.4586   -1.0 415.146607 -1.023999
sounding_150_141       66.4425   35.9877   -1.0 415.103203  0.388793
sounding_150_142       66.3949   36.5150   -1.0 415.048026 -1.401253
sounding_150_143       66.3456   37.0406   -1.0 414.994383  0.495987
sounding_150_144       66.2949   37.5644   -1.0 414.950790 -0.532593
sounding_150_145       66.2426   38.0864   -1.0 414.916626  0.038547
sounding_150_146       66.1889   38.6065   -1.0 414.888382 -1.182937
sounding_150_147       66.1336   39.1247   -1.0 414.859576 -0.546068
sounding_151_140       66.6999   35.5732   -1.0 415.211975  0.732395
sounding_151_141       66.6535   36.1059   -1.0 415.175960  0.647909
sounding_151_142       66.6055   36.6369   -1.0 415.126478  0.371777
sounding_151_143       66.5560   37.1661   -1.0 415.069816 -0.879256
sounding_151_144       66.5049   37.6934   -1.0 415.015373 -0.347854
sounding_151_145       66.4524   38.2190   -1.0 414.967021 -0.480453
sounding_151_146       66.3983   38.7426   -1.0 414.925014 -0.841919
sounding_151_147       66.3427   39.2642   -1.0 414.889008  0.491379
sounding_151_148       66.2856   39.7838   -1.0 414.854196  1.174487
sounding_152_140       66.9108   35.6894   -1.0 415.289461  0.963046
sounding_152_141       66.8641   36.2259   -1.0 415.231962  0.840939
sounding_152_142       66.8158   36.7605   -1.0 415.178406 -3.782389
sounding_152_143       66.7660   37.2934   -1.0 415.130830  1.094474
sounding_152_144       66.7147   37.8243   -1.0 415.084055 -0.103230
sounding_152_145       66.6618   38.3534   -1.0 415.033461 -0.080742
sounding_152_146       66.6073   38.8805   -1.0 414.980796  1.250432
sounding_152_147       66.5514   39.4056   -1.0 414.933079 -1.110168
sounding_152_148       66.4940   39.9287   -1.0 414.888789  1.799311
sounding_153_140       67.1213   35.8074   -1.0 415.419419 -1.065582
sounding_153_141       67.0743   36.3476   -1.0 415.313831 -0.614599
sounding_153_142       67.0258   36.8860   -1.0 415.228007 -2.581752
sounding_153_143       66.9757   37.4226   -1.0 415.171366  0.003189
sounding_153_144       66.9240   37.9571   -1.0 415.127969 -1.718949
sounding_153_145       66.8708   38.4898   -1.0 415.086948 -0.177346
sounding_153_146       66.8161   39.0205   -1.0 415.041947 -1.010379
sounding_153_147       66.7598   39.5491   -1.0 414.993668  1.409688
sounding_153_148       66.7020   40.0757   -1.0 414.943689 -0.672027
sounding_153_149       66.6427   40.6001   -1.0 414.888061  0.244821
sounding_154_140       67.3315   35.9271   -1.0 415.599956  0.169008
sounding_154_141       67.2842   36.4712   -1.0 415.482984  0.160789
sounding_154_142       67.2354   37.0133   -1.0 415.339386 -0.463805
sounding_154_143       67.1850   37.5536   -1.0 415.225936 -1.720960
sounding_154_144       67.1330   38.0919   -1.0 415.158023 -2.049935
sounding_154_145       67.0795   38.6282   -1.0 415.118841 -1.003831
sounding_154_146       67.0244   39.1625   -1.0 415.090968  0.676659
sounding_154_147       66.9678   39.6947   -1.0 415.060830 -1.003339
sounding_154_148       66.9096   40.2248   -1.0 415.019310  0.993823
sounding_154_149       66.8500   40.7527   -1.0 414.959369 -0.563656
sounding_155_140       67.5413   36.0487   -1.0 415.736890  0.379993
sounding_155_141       67.4938   36.5966   -1.0 415.693269 -0.559496
sounding_155_142       67.4446   37.1426   -1.0 415.549206  0.404681
sounding_155_143       67.3939   37.6866   -1.0 415.373252 -0.265193
sounding_155_144       67.3416   38.2287   -1.0 415.241607  0.496292
sounding_155_145       67.2878   38.7687   -1.0 415.170287 -1.162561
sounding_155_146       67.2323   39.3066   -1.0 415.135990 -0.009570
sounding_155_147       67.1754   39.8425   -1.0 415.115318  2.288061
sounding_155_148       67.1169   40.3761   -1.0 415.090421  1.380474
sounding_155_149       67.0569   40.9075   -1.0 415.046302  0.195008
sounding_156_143       67.6025   37.8216   -1.0 415.613739 -0.920498
sounding_156_144       67.5499   38.3675   -1.0 415.429864  1.210688
sounding_156_145       67.4957   38.9113   -1.0 415.289332  0.590991
sounding_156_146       67.4399   39.4529   -1.0 415.206969 -0.964570
sounding_156_147       67.3826   39.9924   -1.0 415.164311  0.832543
sounding_156_148       67.3238   40.5296   -1.0 415.145141  1.007533
sounding_156_149       67.2634   41.0646   -1.0 415.119903 -1.163709
sounding_157_145       67.7032   39.0559   -1.0 415.379785  0.085177
sounding_157_146       67.6471   39.6013   -1.0 415.283112 -0.242176
sounding_157_147       67.5895   40.1445   -1.0 415.248635 -0.610435
sounding_157_148       67.5303   40.6854   -1.0 415.228295  0.624947
sounding_158_147       67.7959   40.2989   -1.0 415.308382  0.016940
sounding_159_141       68.3283   37.1175   -1.0 415.258181 -0.462432
sounding_159_142       68.2779   37.6793   -1.0 415.266957 -1.537012
sounding_160_141       68.5359   37.2528   -1.0 414.985460  0.824388
sounding_160_142       68.4852   37.8187   -1.0 415.000552  1.846582
sounding_161_141       68.7432   37.3902   -1.0 414.732882 -0.623515
