sounding_008_159       34.7390   32.5053   -1.0 413.331750  0.474238
sounding_008_160       34.7018   32.7644   -1.0 413.510574  0.170575
sounding_008_161       34.6639   33.0231   -1.0 413.710351 -1.441254
sounding_009_159       34.9521   32.5503   -1.0 413.109186 -0.330846
sounding_009_160       34.9147   32.8102   -1.0 413.389855 -1.692373
sounding_009_161       34.8767   33.0698   -1.0 413.782037  0.543624
sounding_009_162       34.8378   33.3290   -1.0 414.041102 -0.242265
sounding_010_160       35.1278   32.8563   -1.0 412.903742  0.183323
sounding_010_161       35.0896   33.1168   -1.0 413.336847  1.410951
sounding_010_162       35.0506   33.3770   -1.0 413.787837 -0.773020
sounding_010_163       35.0108   33.6368   -1.0 413.938531 -1.723665
sounding_011_161       35.3027   33.1642   -1.0 412.717471 -1.167532
sounding_011_162       35.2635   33.4253   -1.0 413.168299  0.975327
sounding_011_163       35.2236   33.6860   -1.0 413.534885  0.807498
sounding_012_164       35.3956   33.9968   -1.0 413.245284 -0.677939
sounding_015_158       36.2719   32.5610   -1.0 411.532198  1.610525
sounding_015_159       36.2343   32.8267   -1.0 411.351701  0.290315
sounding_015_160       36.1959   33.0921   -1.0 411.555117  0.373212
sounding_015_161       36.1568   33.3572   -1.0 412.023269 -0.183611
sounding_016_158       36.4864   32.6073   -1.0 411.199501 -0.280412
sounding_016_159       36.4486   32.8740   -1.0 411.304066  0.717927
sounding_016_160       36.4101   33.1403   -1.0 411.472978 -0.318957
sounding_016_161       36.3708   33.4063   -1.0 411.735590 -0.517002
sounding_016_162       36.3307   33.6719   -1.0 412.034975  0.578692
sounding_017_158       36.7010   32.6539   -1.0 411.289044 -0.176831
sounding_017_159       36.6631   32.9216   -1.0 411.406806 -0.035086
sounding_017_160       36.6243   33.1888   -1.0 411.452633  1.831986
sounding_017_161       36.5849   33.4558   -1.0 411.550852 -1.297884
sounding_017_162       36.5446   33.7223   -1.0 411.808055 -1.035193
sounding_017_163       36.5036   33.9885   -1.0 411.954266 -0.420022
sounding_018_158       36.9158   32.7009   -1.0 411.456900 -0.695148
sounding_018_159       36.8777   32.9695   -1.0 411.470781  0.158568
sounding_018_160       36.8388   33.2377   -1.0 411.496605 -1.859835
sounding_018_161       36.7991   33.5056   -1.0 411.596157  0.267821
sounding_018_162       36.7587   33.7731   -1.0 411.708806 -0.143297
sounding_018_163       36.7175   34.0403   -1.0 411.787468 -0.900329
sounding_018_164       36.6755   34.3070   -1.0 411.835082 -0.311464
sounding_019_158       37.1307   32.7483   -1.0 411.436022  0.219033
sounding_019_159       37.0925   33.0178   -1.0 411.409357 -0.542094
sounding_019_160       37.0534   33.2870   -1.0 411.493185 -0.083048
sounding_019_161       37.0136   33.5558   -1.0 411.630548  0.670789
sounding_019_162       36.9729   33.8243   -1.0 411.679561  1.628056
sounding_019_163       36.9315   34.0924   -1.0 411.654371 -0.201829
sounding_019_164       36.8894   34.3601   -1.0 411.657598  0.318529
sounding_019_165       36.8464   34.6273   -1.0 411.752548 -1.358245
sounding_020_158       37.3459   32.7960   -1.0 411.329407  0.426190
sounding_020_159       37.3074   33.0665   -1.0 411.237840 -0.025351
sounding_020_160       37.2682   33.3366   -1.0 411.265437 -0.831715
sounding_020_161       37.2281   33.6064   -1.0 411.384109 -0.128142
sounding_020_162       37.1874   33.8758   -1.0 411.478629 -0.098304
sounding_020_163       37.1458   34.1448   -1.0 411.457161  0.553860
sounding_020_164       37.1034   34.4134   -1.0 411.343765  0.281425
sounding_020_165       37.0602   34.6817   -1.0 411.375982  2.223317
sounding_021_158       37.5611   32.8440   -1.0 411.266461  0.227109
sounding_021_159       37.5225   33.1155   -1.0 411.096027 -0.545278
sounding_021_160       37.4831   33.3866   -1.0 411.021961  0.449777
sounding_021_161       37.4429   33.6574   -1.0 411.072133  0.563606
sounding_021_162       37.4019   33.9277   -1.0 411.161630  0.669352
sounding_021_163       37.3601   34.1977   -1.0 411.155249 -0.039937
sounding_021_164       37.3175   34.4673   -1.0 411.014992 -0.885762
sounding_021_165       37.2742   34.7365   -1.0 410.975205  0.715849
sounding_022_158       37.7766   32.8924   -1.0 411.297201  0.144766
sounding_022_159       37.7378   33.1649   -1.0 411.093806 -2.461394
sounding_022_160       37.6982   33.4370   -1.0 410.929522  2.155216
sounding_022_161       37.6578   33.7087   -1.0 410.868297 -1.210438
sounding_022_162       37.6166   33.9800   -1.0 410.867145  1.341240
sounding_022_163       37.5746   34.2510   -1.0 410.843749  1.293957
sounding_022_164       37.5319   34.5215   -1.0 410.752648  1.121684
sounding_022_165       37.4883   34.7917   -1.0 410.811577  0.241913
sounding_023_158       37.9921   32.9412   -1.0 411.366929  1.433172
sounding_023_159       37.9532   33.2146   -1.0 411.173025  0.173763
sounding_023_160       37.9134   33.4877   -1.0 410.965447  0.320058
sounding_023_161       37.8728   33.7604   -1.0 410.818318  1.217985
sounding_023_162       37.8314   34.0327   -1.0 410.736791  0.791639
sounding_023_163       37.7893   34.3046   -1.0 410.730410 -1.384777
sounding_023_164       37.7463   34.5761   -1.0 410.740355  1.245956
sounding_023_165       37.7026   34.8472   -1.0 410.913529 -0.147812
sounding_024_158       38.2079   32.9903   -1.0 411.376086  0.281044
sounding_024_159       38.1687   33.2647   -1.0 411.187388  1.958670
sounding_024_160       38.1288   33.5388   -1.0 410.983609  0.667334
sounding_024_161       38.0880   33.8125   -1.0 410.830547 -0.706345
sounding_024_162       38.0464   34.0857   -1.0 410.801183  2.257406
sounding_024_163       38.0041   34.3586   -1.0 410.887238  0.437741
sounding_024_164       37.9609   34.6311   -1.0 410.989870  0.440806
sounding_024_165       37.9170   34.9032   -1.0 411.217366 -1.280073
sounding_025_158       38.4237   33.0398   -1.0 411.327447 -0.065312
sounding_025_159       38.3844   33.3152   -1.0 411.088260 -0.683188
sounding_025_160       38.3443   33.5903   -1.0 410.928841  0.901015
sounding_025_161       38.3033   33.8650   -1.0 410.893281  0.394980
sounding_025_162       38.2616   34.1392   -1.0 410.960391  0.315022
sounding_025_163       38.2190   34.4131   -1.0 411.127527  1.398729
sounding_025_164       38.1757   34.6866   -1.0 411.311108  1.607468
sounding_025_165       38.1315   34.9596   -1.0 411.490066  1.305695
sounding_026_158       38.6397   33.0897   -1.0 411.278353  0.594704
sounding_026_159       38.6002   33.3661   -1.0 411.037470 -1.094488
sounding_026_160       38.5599   33.6422   -1.0 410.941245  0.199136
sounding_026_161       38.5188   33.9179   -1.0 411.038210 -0.769421
sounding_026_162       38.4768   34.1931   -1.0 411.151169  0.610491
sounding_026_163       38.4341   34.4680   -1.0 411.263579  0.552308
sounding_026_164       38.3906   34.7424   -1.0 411.453581 -0.130058
sounding_026_165       38.3462   35.0164   -1.0 411.657304 -1.896739
sounding_027_158       38.8559   33.1399   -1.0 411.274157  1.231264
sounding_027_160       38.7757   33.6945   -1.0 411.039237 -0.126751
sounding_027_161       38.7344   33.9711   -1.0 411.119234 -0.467529
sounding_027_162       38.6923   34.2474   -1.0 411.205974 -1.841430
sounding_027_163       38.6493   34.5232   -1.0 411.309595 -0.485738
sounding_027_164       38.6056   34.7987   -1.0 411.503548 -1.253498
sounding_027_165       38.5610   35.0737   -1.0 411.756744  0.751147
sounding_028_158       39.0722   33.1906   -1.0 411.264554  0.682187
sounding_028_159       39.0323   33.4691   -1.0 411.117249  1.377690
sounding_028_160       38.9916   33.7471   -1.0 411.078410  0.964338
sounding_028_161       38.9501   34.0248   -1.0 411.124799 -0.649186
sounding_028_162       38.9078   34.3021   -1.0 411.230090  0.464958
sounding_028_163       38.8647   34.5790   -1.0 411.422326 -1.526498
sounding_028_164       38.8207   34.8554   -1.0 411.642469 -0.564541
sounding_028_165       38.7760   35.1314   -1.0 411.843923  1.901783
sounding_029_158       39.2886   33.2416   -1.0 411.205121  1.759783
sounding_029_159       39.2485   33.5211   -1.0 411.107812  0.357091
sounding_029_160       39.2077   33.8002   -1.0 411.114200  1.285211
sounding_029_161       39.1660   34.0789   -1.0 411.206400  0.853172
sounding_029_162       39.1235   34.3572   -1.0 411.370879 -0.679136
sounding_029_163       39.0801   34.6351   -1.0 411.583039 -1.005241
sounding_029_164       39.0360   34.9125   -1.0 411.787767  0.040544
sounding_029_165       38.9911   35.1895   -1.0 411.919251  0.575509
sounding_030_158       39.5052   33.2930   -1.0 411.126562  1.613539
sounding_030_159       39.4649   33.5735   -1.0 411.071556  1.745166
sounding_030_160       39.4239   33.8537   -1.0 411.109607  0.323982
sounding_030_161       39.3820   34.1334   -1.0 411.243005  0.065672
sounding_030_162       39.3392   34.4128   -1.0 411.413052 -0.248932
sounding_030_163       39.2957   34.6917   -1.0 411.618258 -0.441215
sounding_030_164       39.2514   34.9701   -1.0 411.820553 -1.795241
sounding_030_165       39.2062   35.2481   -1.0 411.943005 -0.243209
sounding_031_158       39.7218   33.3448   -1.0 411.105014  1.253796
sounding_031_159       39.6814   33.6264   -1.0 411.014362  0.445035
sounding_031_160       39.6401   33.9076   -1.0 410.995755 -1.714014
sounding_031_161       39.5981   34.1883   -1.0 411.116763  0.284362
sounding_031_162       39.5552   34.4687   -1.0 411.327045  0.095325
sounding_031_163       39.5115   34.7486   -1.0 411.589817 -0.524327
sounding_031_164       39.4669   35.0281   -1.0 411.804842 -0.491718
sounding_031_165       39.4216   35.3071   -1.0 411.911073  0.095893
sounding_032_158       39.9386   33.3970   -1.0 411.112258 -0.277853
sounding_032_159       39.8980   33.6797   -1.0 410.981905  2.483568
sounding_032_160       39.8566   33.9619   -1.0 410.889698  0.478256
sounding_032_161       39.8143   34.2437   -1.0 410.987474 -0.117155
sounding_032_162       39.7712   34.5251   -1.0 411.273094  0.132972
sounding_032_163       39.7273   34.8060   -1.0 411.582997 -0.197505
sounding_032_164       39.6826   35.0866   -1.0 411.773674 -0.538570
sounding_032_165       39.6370   35.3666   -1.0 411.824270 -0.438479
sounding_033_158       40.1556   33.4496   -1.0 411.067330  1.326162
sounding_033_159       40.1148   33.7334   -1.0 410.939480 -0.383540
sounding_033_160       40.0731   34.0166   -1.0 410.843753  0.616623
sounding_033_161       40.0307   34.2995   -1.0 410.948818  1.185618
sounding_033_162       39.9874   34.5819   -1.0 411.238070 -0.101036
sounding_033_163       39.9433   34.8639   -1.0 411.506280 -1.231325
sounding_033_164       39.8983   35.1454   -1.0 411.671904  1.092800
sounding_033_165       39.8526   35.4265   -1.0 411.695903  2.126199
sounding_034_159       40.3316   33.7875   -1.0 410.898409  0.227609
sounding_034_160       40.2898   34.0718   -1.0 410.840421 -1.435601
sounding_034_161       40.2471   34.3557   -1.0 410.915164  1.219563
sounding_034_162       40.2037   34.6392   -1.0 411.121806 -0.083455
sounding_034_163       40.1593   34.9222   -1.0 411.328744  1.025146
sounding_034_164       40.1142   35.2048   -1.0 411.477963 -2.268933
sounding_034_165       40.0682   35.4869   -1.0 411.505636 -0.749132
sounding_035_159       40.5486   33.8420   -1.0 411.030675  0.718201
sounding_035_160       40.5066   34.1274   -1.0 410.965748 -0.162695
sounding_035_161       40.4637   34.4124   -1.0 410.924620 -0.360450
sounding_035_162       40.4201   34.6969   -1.0 411.010977 -1.601138
sounding_035_163       40.3755   34.9810   -1.0 411.167750 -1.363190
sounding_035_164       40.3302   35.2646   -1.0 411.256407 -0.135569
sounding_035_165       40.2840   35.5478   -1.0 411.247843  0.907952
sounding_036_159       40.7657   33.8969   -1.0 411.300281 -0.355728
sounding_036_160       40.7235   34.1834   -1.0 411.201619  0.727803
sounding_036_161       40.6805   34.4695   -1.0 411.045860 -0.987800
sounding_036_162       40.6366   34.7551   -1.0 410.993319 -0.902606
sounding_036_163       40.5918   35.0402   -1.0 411.091965 -0.295820
sounding_036_164       40.5463   35.3249   -1.0 411.076023 -0.274055
sounding_036_165       40.4999   35.6091   -1.0 410.992598 -1.732770
sounding_037_159       40.9829   33.9523   -1.0 411.487416 -0.766370
sounding_037_160       40.9405   34.2399   -1.0 411.376082  0.071961
sounding_037_161       40.8972   34.5270   -1.0 411.178896 -0.756212
sounding_037_162       40.8532   34.8137   -1.0 411.058008 -0.603094
sounding_037_163       40.8082   35.0999   -1.0 411.086141  0.744902
sounding_037_164       40.7625   35.3856   -1.0 410.980686  0.087034
sounding_037_165       40.7159   35.6709   -1.0 410.842094  1.029749
sounding_038_159       41.2002   34.0081   -1.0 411.522504  0.010233
sounding_038_160       41.1576   34.2968   -1.0 411.467804 -0.067274
sounding_038_161       41.1142   34.5850   -1.0 411.305362 -0.225578
sounding_038_162       41.0699   34.8727   -1.0 411.146993 -0.533485
sounding_038_163       41.0247   35.1600   -1.0 411.057155  0.956345
sounding_038_164       40.9788   35.4469   -1.0 410.904623 -0.404780
sounding_038_165       40.9319   35.7332   -1.0 410.767557  0.998869
sounding_039_159       41.4176   34.0644   -1.0 411.507020  0.558663
sounding_039_160       41.3748   34.3542   -1.0 411.509198 -0.040772
sounding_039_161       41.3312   34.6435   -1.0 411.390723  1.404081
sounding_039_162       41.2867   34.9323   -1.0 411.202887 -1.120738
sounding_039_163       41.2414   35.2207   -1.0 411.021715  0.950730
sounding_039_164       41.1952   35.5086   -1.0 410.821435  1.060310
sounding_039_165       41.1481   35.7960   -1.0 410.655582  1.202462
sounding_040_159       41.6351   34.1211   -1.0 411.550414 -0.010675
sounding_040_160       41.5922   34.4120   -1.0 411.526556 -1.192041
sounding_040_161       41.5483   34.7024   -1.0 411.437133 -0.538294
sounding_040_162       41.5036   34.9923   -1.0 411.284015  0.538652
sounding_040_163       41.4581   35.2818   -1.0 411.049895 -0.238888
sounding_040_164       41.4117   35.5708   -1.0 410.758691 -1.517119
sounding_040_165       41.3644   35.8593   -1.0 410.506630  0.352678
sounding_041_159       41.8528   34.1782   -1.0 411.510958  0.384289
sounding_041_160       41.8096   34.4703   -1.0 411.473450 -1.009028
sounding_041_161       41.7655   34.7618   -1.0 411.411450  0.858954
sounding_041_162       41.7206   35.0528   -1.0 411.290679  0.445991
sounding_041_163       41.6749   35.3434   -1.0 411.028804 -2.094477
sounding_041_164       41.6283   35.6335   -1.0 410.675817  0.235964
sounding_041_165       41.5808   35.9230   -1.0 410.376435 -1.077644
sounding_042_161       41.9828   34.8216   -1.0 411.288083  1.197103
sounding_055_159       44.9080   35.0293   -1.0 411.460190 -0.253939
sounding_056_159       45.1267   35.0940   -1.0 411.405069  0.514848
sounding_056_160       45.0804   35.4038   -1.0 411.222675  0.988631
sounding_057_159       45.3455   35.1592   -1.0 411.302882  0.386381
sounding_057_161       45.2516   35.7807   -1.0 411.036822 -0.001388
sounding_057_162       45.2032   36.0906   -1.0 410.897720  0.662328
sounding_058_162       45.4214   36.1601   -1.0 410.957437 -0.128324
sounding_058_163       45.3719   36.4706   -1.0 410.924457 -1.190462
sounding_058_165       45.2702   37.0899   -1.0 411.017467  0.722763
sounding_063_159       46.6589   35.5624   -1.0 411.035825 -0.113745
sounding_064_159       46.8779   35.6317   -1.0 411.022912 -0.669656
sounding_064_160       46.8299   35.9518   -1.0 410.936924 -1.636133
sounding_064_161       46.7809   36.2713   -1.0 410.860049 -1.622706
sounding_065_159       47.0970   35.7016   -1.0 411.014241 -1.175490
sounding_065_160       47.0487   36.0230   -1.0 410.957409  0.198017
sounding_065_161       46.9995   36.3439   -1.0 410.891784  1.554864
sounding_065_162       46.9493   36.6640   -1.0 410.843757 -1.371442
sounding_065_163       46.8982   36.9836   -1.0 410.835643 -0.852669
sounding_066_160       47.2675   36.0949   -1.0 410.979405  1.222502
sounding_066_161       47.2181   36.4171   -1.0 410.932148  0.202157
sounding_066_162       47.1677   36.7386   -1.0 410.880911  0.237568
sounding_066_163       47.1163   37.0594   -1.0 410.845386 -0.524044
sounding_066_164       47.0640   37.3796   -1.0 410.848467  0.096110
sounding_067_160       47.4864   36.1674   -1.0 411.013954  1.027634
sounding_067_161       47.4367   36.4909   -1.0 410.966899 -0.546098
sounding_067_162       47.3860   36.8137   -1.0 410.917579 -0.062597
sounding_067_163       47.3344   37.1359   -1.0 410.871186  0.058602
sounding_067_164       47.2819   37.4575   -1.0 410.862686 -1.327574
sounding_067_165       47.2284   37.7783   -1.0 410.892963  1.808523
sounding_068_159       47.7542   35.9149   -1.0 411.144929  0.019404
sounding_068_160       47.7052   36.2405   -1.0 411.081249  1.036914
sounding_068_161       47.6553   36.5654   -1.0 411.024411 -0.419370
sounding_068_162       47.6044   36.8896   -1.0 410.962382 -0.744743
sounding_068_163       47.5526   37.2131   -1.0 410.904630 -1.601116
sounding_068_164       47.4998   37.5360   -1.0 410.884330  1.486561
sounding_068_165       47.4460   37.8582   -1.0 410.901408 -0.510310
sounding_069_160       47.9241   36.3143   -1.0 411.163159 -1.074081
sounding_069_161       47.8739   36.6405   -1.0 411.109318  0.349222
sounding_069_162       47.8228   36.9661   -1.0 411.041395 -0.997657
sounding_069_163       47.7707   37.2910   -1.0 410.967269  1.894381
sounding_069_164       47.7176   37.6152   -1.0 410.917932 -0.874198
sounding_069_165       47.6636   37.9387   -1.0 410.921723  0.444089
sounding_070_160       48.1429   36.3887   -1.0 411.234738 -1.412848
sounding_070_161       48.0925   36.7164   -1.0 411.193130  0.365164
sounding_070_162       48.0412   37.0433   -1.0 411.140875 -1.078357
sounding_070_163       47.9888   37.3696   -1.0 411.063060 -0.715472
sounding_070_164       47.9355   37.6951   -1.0 410.989635 -1.650883
sounding_070_165       47.8813   38.0200   -1.0 410.959212 -0.297293
sounding_071_160       48.3618   36.4638   -1.0 411.296409  0.679211
sounding_071_161       48.3111   36.7929   -1.0 411.255460 -0.766295
sounding_071_162       48.2595   37.1212   -1.0 411.226250 -0.137528
sounding_071_163       48.2070   37.4489   -1.0 411.168724  1.089483
sounding_071_164       48.1534   37.7758   -1.0 411.091542  0.347462
sounding_071_165       48.0989   38.1020   -1.0 411.030526  0.813659
sounding_072_160       48.5806   36.5396   -1.0 411.359331 -0.235904
sounding_072_161       48.5297   36.8701   -1.0 411.297533 -0.435680
sounding_072_162       48.4779   37.1998   -1.0 411.273941  1.217048
sounding_072_163       48.4251   37.5288   -1.0 411.249170 -1.107330
sounding_072_164       48.3713   37.8571   -1.0 411.194316  2.009748
sounding_072_165       48.3165   38.1847   -1.0 411.129762  1.273335
sounding_073_160       48.7995   36.6161   -1.0 411.432872 -0.155501
sounding_073_161       48.7483   36.9480   -1.0 411.334567  0.079908
sounding_073_162       48.6962   37.2791   -1.0 411.286522  2.106251
sounding_073_163       48.6432   37.6096   -1.0 411.281500 -0.577367
sounding_073_164       48.5891   37.9392   -1.0 411.265135  0.189996
sounding_073_165       48.5341   38.2682   -1.0 411.225907  0.528134
sounding_074_160       49.0183   36.6933   -1.0 411.517178 -0.075213
sounding_074_161       48.9669   37.0266   -1.0 411.390361  0.657649
sounding_074_162       48.9146   37.3592   -1.0 411.293305  0.329228
sounding_074_163       48.8613   37.6910   -1.0 411.269148 -0.506766
sounding_074_164       48.8069   38.0221   -1.0 411.278810 -0.826979
sounding_074_165       48.7516   38.3524   -1.0 411.277117 -0.309505
sounding_075_160       49.2371   36.7712   -1.0 411.603557  0.692641
sounding_075_161       49.1855   37.1059   -1.0 411.475234  0.078889
sounding_075_162       49.1329   37.4399   -1.0 411.337081 -1.070693
sounding_075_163       49.0793   37.7732   -1.0 411.257780  0.570649
sounding_075_164       49.0247   38.1057   -1.0 411.249748  0.934870
sounding_075_165       48.9692   38.4374   -1.0 411.268830  1.970577
sounding_076_160       49.4558   36.8498   -1.0 411.681280  0.187122
sounding_076_161       49.4040   37.1860   -1.0 411.574376  0.715364
sounding_076_162       49.3512   37.5214   -1.0 411.427314  2.497414
sounding_076_163       49.2973   37.8561   -1.0 411.290893 -0.793504
sounding_076_164       49.2425   38.1901   -1.0 411.227091  0.363511
sounding_076_165       49.1867   38.5232   -1.0 411.233603 -0.122282
sounding_077_160       49.6746   36.9291   -1.0 411.752858 -0.482996
sounding_077_161       49.6225   37.2668   -1.0 411.665919  0.176316
sounding_077_162       49.5694   37.6037   -1.0 411.537870  1.882988
sounding_077_163       49.5153   37.9398   -1.0 411.376960  0.606876
sounding_077_164       49.4603   38.2752   -1.0 411.248966 -1.138706
sounding_077_165       49.4042   38.6098   -1.0 411.209905 -0.253896
sounding_078_160       49.8933   37.0092   -1.0 411.816002 -0.293050
sounding_078_161       49.8410   37.3483   -1.0 411.740902 -1.755662
sounding_078_162       49.7877   37.6867   -1.0 411.639720 -0.540154
sounding_078_163       49.7333   38.0243   -1.0 411.491057 -1.322190
sounding_078_164       49.6780   38.3611   -1.0 411.327406 -0.705574
sounding_078_165       49.6216   38.6971   -1.0 411.226413 -0.837264
sounding_079_160       50.1120   37.0900   -1.0 411.855766 -0.849330
sounding_079_161       50.0594   37.4306   -1.0 411.800512  1.205297
sounding_079_162       50.0059   37.7705   -1.0 411.716267  0.374998
sounding_079_163       49.9513   38.1095   -1.0 411.596282  0.350719
sounding_079_164       49.8956   38.4478   -1.0 411.434736  0.299013
sounding_079_165       49.8390   38.7853   -1.0 411.291518 -0.857455
sounding_080_160       50.3307   37.1716   -1.0 411.851391 -2.248437
sounding_080_161       50.2779   37.5137   -1.0 411.824372  0.724891
sounding_080_162       50.2240   37.8550   -1.0 411.753808 -0.423760
sounding_080_163       50.1691   38.1956   -1.0 411.653491  0.094860
sounding_080_164       50.1133   38.5353   -1.0 411.518732  0.507251
sounding_080_165       50.0564   38.8742   -1.0 411.369594 -1.792282
sounding_081_160       50.5493   37.2539   -1.0 411.795566  0.420642
sounding_081_161       50.4962   37.5976   -1.0 411.792786  1.152197
sounding_081_162       50.4421   37.9404   -1.0 411.736360 -0.855003
sounding_081_163       50.3870   38.2824   -1.0 411.640894 -0.129167
sounding_081_164       50.3308   38.6237   -1.0 411.532538 -1.215402
sounding_081_165       50.2737   38.9641   -1.0 411.405319 -0.677887
sounding_082_160       50.7679   37.3370   -1.0 411.708047 -0.933655
sounding_082_161       50.7145   37.6822   -1.0 411.707632 -0.084149
sounding_082_162       50.6602   38.0266   -1.0 411.658318 -1.547724
sounding_082_163       50.6048   38.3701   -1.0 411.565622 -1.331495
sounding_082_164       50.5484   38.7128   -1.0 411.464625  1.888944
sounding_082_165       50.4909   39.0547   -1.0 411.363418 -0.253004
sounding_083_160       50.9864   37.4210   -1.0 411.618598 -1.294921
sounding_083_161       50.9328   37.7676   -1.0 411.600083 -0.275870
sounding_083_162       50.8782   38.1135   -1.0 411.543723  0.827385
sounding_083_163       50.8225   38.4586   -1.0 411.447124 -0.870371
sounding_083_164       50.7659   38.8028   -1.0 411.337845  0.952756
sounding_083_165       50.7082   39.1462   -1.0 411.250550  0.026324
sounding_084_160       51.2049   37.5057   -1.0 411.549842  0.043153
sounding_084_161       51.1510   37.8539   -1.0 411.507504 -0.752301
sounding_084_162       51.0961   38.2013   -1.0 411.429484 -0.439166
sounding_084_163       51.0402   38.5479   -1.0 411.316697  0.442929
sounding_084_164       50.9833   38.8937   -1.0 411.194277  0.269814
sounding_084_165       50.9253   39.2385   -1.0 411.105112 -0.433310
sounding_085_160       51.4233   37.5912   -1.0 411.512573  0.653996
sounding_085_161       51.3692   37.9410   -1.0 411.453419 -1.025098
sounding_085_162       51.3140   38.2900   -1.0 411.349878 -1.016052
sounding_085_163       51.2578   38.6381   -1.0 411.213596 -0.766981
sounding_085_164       51.2006   38.9853   -1.0 411.068596  0.241178
sounding_085_165       51.1424   39.3318   -1.0 410.961223  0.749881
sounding_086_160       51.6416   37.6775   -1.0 411.497186  0.894347
sounding_086_161       51.5873   38.0289   -1.0 411.432757 -0.838765
sounding_086_162       51.5319   38.3795   -1.0 411.312909 -0.718541
sounding_086_163       51.4754   38.7292   -1.0 411.152336 -0.298674
sounding_086_164       51.4179   39.0779   -1.0 410.982741  2.370915
sounding_086_165       51.3594   39.4259   -1.0 410.851308 -0.781732
sounding_087_160       51.8599   37.7647   -1.0 411.470180 -0.944617
sounding_087_161       51.8053   38.1177   -1.0 411.412990  0.592012
sounding_087_162       51.7496   38.4698   -1.0 411.301049 -0.265159
sounding_087_163       51.6929   38.8211   -1.0 411.130743  1.571288
sounding_087_164       51.6351   39.1714   -1.0 410.943969 -1.695702
sounding_087_165       51.5763   39.5209   -1.0 410.796026 -1.258564
sounding_088_160       52.0782   37.8528   -1.0 411.411160 -0.194371
sounding_088_161       52.0233   38.2073   -1.0 411.364679 -0.621518
sounding_088_162       51.9673   38.5610   -1.0 411.282640 -0.012873
sounding_088_163       51.9103   38.9139   -1.0 411.131410 -0.519814
sounding_088_164       51.8523   39.2658   -1.0 410.949325  0.597632
sounding_088_165       51.7932   39.6168   -1.0 410.798980  1.653378
sounding_089_160       52.2963   37.9417   -1.0 411.325512  0.350731
sounding_089_161       52.2411   38.2978   -1.0 411.288333 -0.452126
sounding_089_162       52.1849   38.6532   -1.0 411.237451 -0.117569
sounding_089_163       52.1277   39.0076   -1.0 411.130108  0.559544
sounding_089_164       52.0693   39.3611   -1.0 410.983199  0.921122
sounding_089_165       52.0100   39.7137   -1.0 410.837454  1.182847
sounding_090_160       52.5144   38.0314   -1.0 411.240456 -0.472559
sounding_090_161       52.4590   38.3892   -1.0 411.205980  0.872061
sounding_090_162       52.4025   38.7462   -1.0 411.176157 -0.178245
sounding_090_163       52.3449   39.1022   -1.0 411.117462 -0.297575
sounding_090_164       52.2863   39.4573   -1.0 411.013655  1.832693
sounding_090_165       52.2266   39.8115   -1.0 410.890132  0.397472
sounding_091_160       52.7324   38.1220   -1.0 411.172919  0.102872
sounding_091_161       52.6767   38.4815   -1.0 411.138525  1.641816
sounding_091_162       52.6199   38.8401   -1.0 411.122566  1.901205
sounding_091_163       52.5621   39.1977   -1.0 411.097740  1.097326
sounding_091_164       52.5032   39.5544   -1.0 411.030488  0.846117
sounding_091_165       52.4432   39.9102   -1.0 410.934892  0.403533
sounding_092_160       52.9503   38.2136   -1.0 411.101474  1.707061
sounding_092_161       52.8943   38.5747   -1.0 411.080030  0.734601
sounding_092_162       52.8373   38.9349   -1.0 411.077760  0.769036
sounding_092_163       52.7792   39.2942   -1.0 411.072026  1.905782
sounding_092_164       52.7200   39.6525   -1.0 411.030986  0.061937
sounding_092_165       52.6598   40.0099   -1.0 410.960770 -1.075164
sounding_093_160       53.1681   38.3060   -1.0 410.944225  0.429564
sounding_093_161       53.1119   38.6688   -1.0 410.956292  1.066835
sounding_093_162       53.0545   39.0307   -1.0 410.981678 -1.669904
sounding_093_163       52.9962   39.3916   -1.0 411.000054 -0.349084
sounding_093_164       52.9367   39.7516   -1.0 410.987282  1.131529
sounding_093_165       52.8762   40.1106   -1.0 410.949736 -0.147851
sounding_094_160       53.3858   38.3994   -1.0 410.670717 -0.373820
sounding_094_161       53.3293   38.7639   -1.0 410.725163  0.160451
sounding_094_162       53.2717   39.1274   -1.0 410.789945 -0.921224
sounding_094_163       53.2130   39.4900   -1.0 410.846059 -2.407731
sounding_094_164       53.1533   39.8516   -1.0 410.878397  1.879928
sounding_094_165       53.0925   40.2122   -1.0 410.891697 -0.543258
sounding_095_160       53.6035   38.4937   -1.0 410.369899 -0.610806
sounding_095_161       53.5467   38.8599   -1.0 410.450726  0.793550
sounding_095_162       53.4888   39.2252   -1.0 410.542293 -0.121092
sounding_095_163       53.4298   39.5894   -1.0 410.634152 -1.278781
sounding_095_164       53.3698   39.9527   -1.0 410.722622  0.463534
sounding_095_165       53.3087   40.3149   -1.0 410.801949 -0.459211
sounding_096_160       53.8210   38.5890   -1.0 410.155844  0.376288
sounding_096_161       53.7639   38.9569   -1.0 410.233755  0.353621
sounding_096_162       53.7057   39.3238   -1.0 410.329652  1.003392
sounding_096_163       53.6465   39.6898   -1.0 410.440115  1.720839
sounding_096_164       53.5862   40.0547   -1.0 410.564416  1.249204
sounding_096_165       53.5247   40.4186   -1.0 410.685481 -1.032860
sounding_097_160       54.0384   38.6852   -1.0 410.032765 -0.597302
sounding_097_161       53.9810   39.0548   -1.0 410.089755  1.803173
sounding_097_162       53.9226   39.4235   -1.0 410.170203 -0.487178
sounding_097_163       53.8631   39.7911   -1.0 410.275431 -0.243237
sounding_097_164       53.8024   40.1578   -1.0 410.385391  1.012870
sounding_097_165       53.7407   40.5234   -1.0 410.467985 -1.017505
sounding_098_160       54.2557   38.7824   -1.0 409.909463  0.282294
sounding_098_161       54.1981   39.1538   -1.0 409.935721  0.471529
sounding_098_162       54.1393   39.5242   -1.0 409.975257  0.917045
sounding_098_163       54.0795   39.8935   -1.0 410.022579  0.695097
sounding_098_164       54.0186   40.2619   -1.0 410.058490  1.456062
sounding_098_165       53.9566   40.6292   -1.0 410.067040  0.012358
sounding_099_160       54.4729   38.8806   -1.0 409.716367 -0.028521
sounding_099_161       54.4150   39.2538   -1.0 409.698571  1.405731
sounding_099_162       54.3559   39.6259   -1.0 409.679457 -1.809089
sounding_099_163       54.2958   39.9970   -1.0 409.648360  0.091437
sounding_099_164       54.2346   40.3670   -1.0 409.606582 -0.875894
sounding_099_165       54.1723   40.7360   -1.0 409.573503  0.645743
sounding_100_160       54.6900   38.9798   -1.0 409.486958  1.265629
sounding_100_161       54.6317   39.3547   -1.0 409.426337  0.712909
sounding_100_162       54.5724   39.7286   -1.0 409.357412 -0.544698
sounding_100_163       54.5120   40.1015   -1.0 409.273838  0.239630
sounding_100_164       54.4505   40.4732   -1.0 409.197266  0.592328
sounding_100_165       54.3879   40.8439   -1.0 409.173826  1.054954
sounding_101_160       54.9069   39.0800   -1.0 409.288014  0.515950
sounding_101_161       54.8484   39.4568   -1.0 409.201966 -1.246296
sounding_101_162       54.7888   39.8325   -1.0 409.114470 -0.955760
sounding_101_163       54.7281   40.2070   -1.0 409.031139 -1.350559
sounding_101_164       54.6663   40.5805   -1.0 408.972302  1.326364
sounding_101_165       54.6033   40.9529   -1.0 408.973986 -0.924844
sounding_102_160       55.1237   39.1813   -1.0 409.171406 -1.247810
sounding_102_161       55.0649   39.5598   -1.0 409.074740  0.568438
sounding_102_162       55.0050   39.9373   -1.0 408.993192  1.419142
sounding_102_163       54.9440   40.3137   -1.0 408.929225  0.264699
sounding_102_164       54.8819   40.6890   -1.0 408.895396  1.555461
sounding_102_165       54.8187   41.0631   -1.0 408.909573  0.623030
sounding_103_160       55.3404   39.2837   -1.0 409.152502  1.133324
sounding_103_161       55.2813   39.6640   -1.0 409.032313  0.760845
sounding_103_162       55.2211   40.0433   -1.0 408.946761 -0.017605
sounding_103_163       55.1598   40.4215   -1.0 408.894227 -0.970623
sounding_103_164       55.0974   40.7985   -1.0 408.876483 -1.003702
sounding_103_165       55.0338   41.1744   -1.0 408.894365 -0.019975
sounding_104_160       55.5569   39.3871   -1.0 409.218465  1.462597
sounding_104_161       55.4976   39.7693   -1.0 409.053833  2.451867
sounding_104_162       55.4371   40.1503   -1.0 408.943458 -0.992570
sounding_104_163       55.3755   40.5303   -1.0 408.883966  2.689070
sounding_104_164       55.3127   40.9091   -1.0 408.871128  0.443241
sounding_104_165       55.2489   41.2868   -1.0 408.892717  0.800221
sounding_105_160       55.7733   39.4915   -1.0 409.379663 -0.487310
sounding_105_161       55.7137   39.8756   -1.0 409.140632  1.433671
sounding_105_162       55.6529   40.2585   -1.0 408.982182  0.413642
sounding_105_163       55.5910   40.6403   -1.0 408.892631  2.233959
sounding_105_164       55.5279   41.0209   -1.0 408.867584  0.461224
sounding_105_165       55.4637   41.4004   -1.0 408.892725  0.036669
sounding_106_160       55.9896   39.5971   -1.0 409.653890 -0.943573
sounding_106_161       55.9296   39.9831   -1.0 409.329035 -0.979750
sounding_106_162       55.8685   40.3678   -1.0 409.085465  1.157579
sounding_106_163       55.8063   40.7515   -1.0 408.931984 -1.142347
sounding_106_164       55.7430   41.1339   -1.0 408.871235 -0.362629
sounding_106_165       55.6785   41.5152   -1.0 408.888461  1.383001
sounding_107_160       56.2057   39.7039   -1.0 410.029779  1.782799
sounding_107_161       56.1454   40.0917   -1.0 409.650537 -0.174254
sounding_107_162       56.0840   40.4783   -1.0 409.317855  0.824421
sounding_107_163       56.0215   40.8638   -1.0 409.064087  0.246883
sounding_107_164       55.9578   41.2481   -1.0 408.912930 -0.220149
sounding_107_165       55.8930   41.6312   -1.0 408.880555 -0.729982
sounding_108_160       56.4216   39.8117   -1.0 410.394897 -1.372045
sounding_108_161       56.3611   40.2014   -1.0 410.070161 -1.359677
sounding_108_162       56.2994   40.5900   -1.0 409.711810  0.148480
sounding_108_163       56.2365   40.9773   -1.0 409.365724  1.414633
sounding_108_164       56.1725   41.3635   -1.0 409.086517  1.842395
sounding_108_165       56.1074   41.7484   -1.0 408.931694  0.565398
sounding_109_160       56.6374   39.9207   -1.0 410.623128  2.369574
sounding_109_161       56.5766   40.3124   -1.0 410.438300  0.563540
sounding_109_162       56.5145   40.7028   -1.0 410.165387  0.053833
sounding_109_163       56.4514   41.0920   -1.0 409.828372  0.339528
sounding_109_164       56.3871   41.4800   -1.0 409.464130  1.347038
sounding_109_165       56.3216   41.8668   -1.0 409.159680  1.332896
sounding_110_160       56.8530   40.0309   -1.0 410.688880  0.781637
sounding_110_161       56.7919   40.4245   -1.0 410.629912  0.738690
sounding_110_162       56.7296   40.8168   -1.0 410.498516 -0.388909
sounding_110_163       56.6661   41.2080   -1.0 410.277688  0.497793
sounding_110_164       56.6014   41.5979   -1.0 409.959477 -0.168246
sounding_110_165       56.5356   41.9865   -1.0 409.599416 -0.935113
sounding_111_160       57.0685   40.1423   -1.0 410.683310 -0.072195
sounding_111_161       57.0070   40.5378   -1.0 410.659343  0.114960
sounding_111_162       56.9444   40.9321   -1.0 410.621826 -0.699188
sounding_111_163       56.8806   41.3252   -1.0 410.540168 -1.449580
sounding_111_164       56.8156   41.7170   -1.0 410.367099 -0.649157
sounding_111_165       56.7495   42.1075   -1.0 410.092913 -1.280422
sounding_112_160       57.2837   40.2549   -1.0 410.692470 -0.998543
sounding_112_161       57.2220   40.6524   -1.0 410.645359 -1.787498
sounding_112_162       57.1590   41.0487   -1.0 410.615599 -0.549169
sounding_112_165       56.9632   42.2297   -1.0 410.441705 -0.459128
sounding_113_160       57.4988   40.3687   -1.0 410.744403 -0.482555
sounding_113_161       57.4367   40.7682   -1.0 410.670231 -1.513490
sounding_113_165       57.1766   42.3533   -1.0 410.566291 -0.097750
sounding_114_160       57.7137   40.4838   -1.0 410.827590 -0.313372
sounding_114_161       57.6513   40.8853   -1.0 410.745768 -0.785074
sounding_114_162       57.5877   41.2855   -1.0 410.660143  2.278961
sounding_114_163       57.5230   41.6844   -1.0 410.593416  0.264804
sounding_114_164       57.4570   42.0820   -1.0 410.559679  1.550280
sounding_114_165       57.3899   42.4783   -1.0 410.551005  1.433372
sounding_115_160       57.9284   40.6002   -1.0 410.921975 -0.106805
sounding_115_161       57.8657   41.0037   -1.0 410.841694  2.596494
sounding_115_162       57.8018   41.4059   -1.0 410.748728  1.567030
sounding_115_163       57.7367   41.8068   -1.0 410.657224 -1.233322
sounding_115_164       57.6704   42.2064   -1.0 410.579847  0.123758
sounding_115_165       57.6030   42.6046   -1.0 410.531389  0.190233
sounding_116_160       58.1429   40.7178   -1.0 411.015954 -0.232864
sounding_116_161       58.0799   41.1234   -1.0 410.943456  1.597325
sounding_116_162       58.0157   41.5277   -1.0 410.848470 -0.670422
sounding_116_163       57.9502   41.9305   -1.0 410.743344 -0.643249
sounding_116_164       57.8837   42.3321   -1.0 410.641453  1.173746
sounding_116_165       57.8159   42.7322   -1.0 410.559336  0.972906
sounding_117_160       58.3573   40.8368   -1.0 411.097466  0.842316
sounding_117_161       58.2939   41.2444   -1.0 411.034738 -0.516868
sounding_117_162       58.2293   41.6507   -1.0 410.939861  0.747898
sounding_117_163       58.1636   42.0556   -1.0 410.829618 -1.274771
sounding_117_164       58.0966   42.4592   -1.0 410.717812  0.082210
sounding_117_165       58.0285   42.8613   -1.0 410.616603  0.342467
sounding_118_160       58.5714   40.9571   -1.0 411.151091 -0.307148
sounding_118_161       58.5077   41.3668   -1.0 411.100798 -0.022743
sounding_118_162       58.4428   41.7751   -1.0 411.015989 -0.562877
sounding_118_163       58.3767   42.1821   -1.0 410.908309  1.653755
sounding_118_164       58.3094   42.5876   -1.0 410.793242 -0.154732
sounding_118_165       58.2409   42.9918   -1.0 410.679066  0.514399
sounding_119_160       58.7853   41.0787   -1.0 411.182002 -2.966345
sounding_119_161       58.7213   41.4906   -1.0 411.143064  0.723847
sounding_119_162       58.6560   41.9010   -1.0 411.077658  1.736965
sounding_119_163       58.5896   42.3100   -1.0 410.981494  0.214706
sounding_119_164       58.5220   42.7176   -1.0 410.864884  2.452251
sounding_119_165       58.4532   43.1237   -1.0 410.737295  0.777106
sounding_120_160       58.9990   41.2018   -1.0 411.221093  0.863384
sounding_120_161       58.9346   41.6157   -1.0 411.185236 -0.241124
sounding_120_162       58.8691   42.0283   -1.0 411.129587  0.900299
sounding_120_163       58.8023   42.4394   -1.0 411.042605 -0.955772
sounding_120_164       58.7343   42.8490   -1.0 410.928746 -0.863048
sounding_120_165       58.6651   43.2571   -1.0 410.795275  0.069611
sounding_121_160       59.2124   41.3262   -1.0 411.277799  1.387216
sounding_121_161       59.1477   41.7423   -1.0 411.240820 -0.619834
sounding_121_162       59.0818   42.1570   -1.0 411.181605 -0.855109
sounding_121_163       59.0147   42.5701   -1.0 411.095696  1.243484
sounding_121_164       58.9464   42.9818   -1.0 410.986514 -0.243598
sounding_121_165       58.8769   43.3920   -1.0 410.855060 -0.302286
sounding_122_160       59.4256   41.4521   -1.0 411.342643  0.356821
sounding_122_161       59.3606   41.8704   -1.0 411.308369  0.311864
sounding_122_162       59.2944   42.2871   -1.0 411.250959  0.307073
sounding_122_163       59.2269   42.7024   -1.0 411.166557  1.145089
sounding_122_164       59.1583   43.1162   -1.0 411.054787  0.884171
sounding_122_165       59.0884   43.5285   -1.0 410.920401  1.175527
sounding_123_160       59.6386   41.5794   -1.0 411.414887  3.032049
sounding_123_161       59.5733   41.9999   -1.0 411.381449 -0.700616
sounding_123_162       59.5067   42.4188   -1.0 411.330350 -0.171876
sounding_123_163       59.4389   42.8362   -1.0 411.254479  1.742316
sounding_123_164       59.3699   43.2521   -1.0 411.143414 -2.161612
sounding_123_165       59.2997   43.6664   -1.0 410.999169 -0.344277
sounding_124_162       59.7188   42.5520   -1.0 411.397036  0.753541
sounding_124_165       59.5107   43.8060   -1.0 411.079325 -1.051609
sounding_128_163       60.4950   43.5287   -1.0 411.460511  0.189371
sounding_129_163       60.7054   43.6721   -1.0 411.493236  0.146337
sounding_130_162       60.9859   43.3843   -1.0 411.581204 -0.730340
sounding_130_163       60.9156   43.8171   -1.0 411.506911 -0.915920
sounding_130_164       60.8440   44.2483   -1.0 411.417405 -0.804347
sounding_130_165       60.7712   44.6777   -1.0 411.321798 -0.467327
sounding_131_164       61.0535   44.3973   -1.0 411.412151  1.288126
sounding_131_165       60.9803   44.8290   -1.0 411.322203 -1.595919
sounding_132_160       61.5443   42.7948   -1.0 411.627622  0.535962
sounding_134_160       61.9648   43.0831   -1.0 411.527513 -2.070741
sounding_134_161       61.8956   43.5289   -1.0 411.519798 -1.229535
sounding_134_162       61.8250   43.9729   -1.0 411.480875  0.801385
sounding_135_160       62.1746   43.2299   -1.0 411.474258 -0.242764
sounding_135_161       62.1050   43.6781   -1.0 411.457657  0.468127
sounding_135_162       62.0341   44.1245   -1.0 411.422722  1.006296
sounding_135_163       61.9619   44.5690   -1.0 411.384157  0.690218
sounding_135_164       61.8884   45.0116   -1.0 411.345935 -0.380763
sounding_135_165       61.8137   45.4524   -1.0 411.278015 -0.489827
sounding_136_160       62.3841   43.3785   -1.0 411.431908 -0.527632
sounding_136_161       62.3141   43.8292   -1.0 411.404739 -1.564195
sounding_136_162       62.2428   44.2780   -1.0 411.369180 -1.400718
sounding_136_163       62.1702   44.7249   -1.0 411.338040 -0.432775
sounding_136_164       62.0964   45.1699   -1.0 411.313575  1.724845
sounding_136_165       62.0212   45.6129   -1.0 411.274244 -0.093511
sounding_137_160       62.5932   43.5290   -1.0 411.399402  1.195254
sounding_137_161       62.5229   43.9821   -1.0 411.370679  0.966483
sounding_137_163       62.3783   44.8827   -1.0 411.306372  1.699091
sounding_137_164       62.3040   45.3300   -1.0 411.284694 -0.450253
sounding_137_165       62.2285   45.7754   -1.0 411.265000 -0.261142
sounding_138_160       62.8021   43.6814   -1.0 411.366011 -0.241679
sounding_138_165       62.4354   45.9399   -1.0 411.243235 -1.466046
sounding_139_160       63.0106   43.8356   -1.0 411.302098 -0.594817
sounding_139_161       62.9395   44.2938   -1.0 411.313773  1.238516
sounding_140_160       63.2188   43.9918   -1.0 411.184373  0.860988
sounding_141_160       63.4267   44.1500   -1.0 411.015752  0.465777
sounding_141_161       63.3548   44.6133   -1.0 411.077601 -0.964421
sounding_141_162       63.2816   45.0746   -1.0 411.113121  0.271782
sounding_142_160       63.6342   44.3102   -1.0 410.854862 -0.563280
sounding_142_161       63.5620   44.7761   -1.0 410.898694  0.983075
sounding_142_162       63.4883   45.2399   -1.0 410.952344 -0.297337
sounding_142_163       63.4134   45.7016   -1.0 411.008319  0.827635
sounding_142_164       63.3371   46.1612   -1.0 411.061035  0.257209
sounding_142_165       63.2595   46.6186   -1.0 411.101779 -0.694840
sounding_143_161       63.7687   44.9410   -1.0 410.759565  0.196000
sounding_143_164       63.5427   46.3337   -1.0 410.954561  0.277764
sounding_143_165       63.4647   46.7936   -1.0 411.016370  0.066690
sounding_144_165       63.6694   46.9708   -1.0 410.920868 -0.483894
sounding_146_160       64.4608   44.9721   -1.0 410.831202  0.041378
sounding_146_161       64.3869   45.4486   -1.0 410.747357  1.242888
sounding_149_160       65.0768   45.4917   -1.0 410.373883 -1.336059
