sounding_071_006       43.9884  -13.9636   -1.0 416.735584  0.123657
sounding_072_006       44.1877  -14.1030   -1.0 416.770815  0.644893
sounding_080_016       46.7770  -12.3575   -1.0 416.363249  0.355592
sounding_081_017       47.0754  -12.2010   -1.0 416.339967 -1.701317
sounding_082_017       47.2782  -12.3419   -1.0 416.425026 -0.769230
sounding_083_018       47.5768  -12.1837   -1.0 416.409934  0.044940
sounding_084_018       47.7796  -12.3260   -1.0 416.495751 -2.068264
sounding_084_019       47.8752  -12.0236   -1.0 416.403170  0.720698
sounding_085_019       48.0784  -12.1661   -1.0 416.487084  1.680148
sounding_090_026       49.7547  -10.7036   -1.0 416.628536  0.752177
sounding_091_028       50.1422  -10.2060   -1.0 416.658083 -1.044185
sounding_091_031       50.4089   -9.2368   -1.0 416.481298  1.087382
sounding_092_029       50.4382  -10.0245   -1.0 416.677416 -0.659170
sounding_092_030       50.5275   -9.7002   -1.0 416.639185  0.041892
sounding_093_022       49.9911  -12.4084   -1.0 416.933515  1.676820
sounding_093_024       50.1821  -11.7741   -1.0 416.859368  1.988521
sounding_093_028       50.5536  -10.4902   -1.0 416.742961 -0.550675
sounding_093_030       50.7339   -9.8406   -1.0 416.676048 -0.577532
sounding_093_031       50.8227   -9.5139   -1.0 416.649997  1.469960
sounding_093_032       50.9106   -9.1860   -1.0 416.616860  0.704451
sounding_094_021       50.0968  -12.8752   -1.0 417.005893  0.905733
sounding_094_022       50.1940  -12.5590   -1.0 416.971672  1.112201
sounding_094_023       50.2904  -12.2415   -1.0 416.940247 -0.991591
sounding_094_026       50.5743  -11.2810   -1.0 416.837849  1.133044
sounding_094_029       50.8501  -10.3088   -1.0 416.755617 -0.528139
sounding_094_030       50.9402   -9.9822   -1.0 416.710321 -0.490363
sounding_094_031       51.0294   -9.6544   -1.0 416.670935 -1.736749
sounding_094_032       51.1176   -9.3252   -1.0 416.649476 -0.991025
sounding_094_033       51.2050   -8.9948   -1.0 416.605933  0.531461
sounding_095_022       50.3968  -12.7109   -1.0 417.007963  0.600142
sounding_095_023       50.4936  -12.3923   -1.0 416.981226  1.309670
sounding_095_024       50.5896  -12.0724   -1.0 416.957041  1.001448
sounding_095_025       50.6846  -11.7511   -1.0 416.928363 -0.734716
sounding_095_026       50.7788  -11.4285   -1.0 416.895733  1.099286
sounding_095_028       50.9644  -10.7794   -1.0 416.850701 -0.760006
sounding_095_030       51.1463  -10.1251   -1.0 416.774639 -0.267289
sounding_095_031       51.2359   -9.7961   -1.0 416.704379 -0.055954
sounding_095_032       51.3246   -9.4657   -1.0 416.650266 -1.021948
sounding_095_033       51.4123   -9.1341   -1.0 416.613178 -1.878468
sounding_095_034       51.4991   -8.8011   -1.0 416.550600  0.549935
sounding_096_023       50.6967  -12.5445   -1.0 417.031684  0.789567
sounding_096_024       50.7930  -12.2234   -1.0 417.012668  0.212992
sounding_096_025       50.8885  -11.9011   -1.0 416.989190  1.849933
sounding_096_026       50.9831  -11.5774   -1.0 416.958641 -0.741785
sounding_096_027       51.0767  -11.2523   -1.0 416.932569 -0.394388
sounding_096_028       51.1695  -10.9260   -1.0 416.921130  0.346157
sounding_096_030       51.3523  -10.2693   -1.0 416.867434  0.044600
sounding_096_031       51.4423   -9.9391   -1.0 416.777603 -0.389827
sounding_096_032       51.5314   -9.6075   -1.0 416.677333 -0.265661
sounding_096_033       51.6195   -9.2746   -1.0 416.605803 -0.178677
sounding_096_034       51.7067   -8.9404   -1.0 416.538706 -0.478034
sounding_096_035       51.7929   -8.6050   -1.0 416.487807  0.153657
sounding_097_023       50.8995  -12.6980   -1.0 417.094062  1.719398
sounding_097_024       50.9963  -12.3758   -1.0 417.079651 -0.253603
sounding_097_025       51.0922  -12.0524   -1.0 417.059546  0.996876
sounding_097_026       51.1872  -11.7275   -1.0 417.030968  0.357982
sounding_097_027       51.2813  -11.4014   -1.0 417.000922  0.482477
sounding_097_028       51.3745  -11.0739   -1.0 416.986746  0.515869
sounding_097_029       51.4667  -10.7450   -1.0 416.986720  0.419039
sounding_097_031       51.6485  -10.0834   -1.0 416.880626 -0.655528
sounding_097_032       51.7379   -9.7506   -1.0 416.759466  0.728191
sounding_097_033       51.8265   -9.4164   -1.0 416.631637 -2.127109
sounding_097_035       52.0007   -8.7443   -1.0 416.457274 -1.739766
sounding_098_024       51.1994  -12.5296   -1.0 417.147201 -0.785378
sounding_098_025       51.2957  -12.2050   -1.0 417.134507 -2.930244
sounding_098_026       51.3911  -11.8791   -1.0 417.110065  0.162151
sounding_098_027       51.4856  -11.5518   -1.0 417.075094  1.202984
sounding_098_028       51.5792  -11.2231   -1.0 417.047050  0.864274
sounding_098_029       51.6719  -10.8931   -1.0 417.040577  0.177072
sounding_098_031       51.8545  -10.2290   -1.0 416.978614 -0.156620
sounding_098_032       51.9444   -9.8949   -1.0 416.863930 -0.528658
sounding_098_033       52.0333   -9.5596   -1.0 416.711860  2.059311
sounding_098_036       52.2944   -8.5455   -1.0 416.384370 -0.234600
sounding_099_025       51.4990  -12.3590   -1.0 417.193346  2.326962
sounding_099_026       51.5948  -12.0320   -1.0 417.179915  0.211271
sounding_099_027       51.6898  -11.7035   -1.0 417.147832 -0.002478
sounding_099_028       51.7838  -11.3736   -1.0 417.105704 -0.130580
sounding_099_029       51.8769  -11.0424   -1.0 417.077383  2.007357
sounding_099_030       51.9691  -10.7098   -1.0 417.068119 -2.186270
sounding_099_031       52.0603  -10.3759   -1.0 417.042450  0.569104
sounding_099_032       52.1506  -10.0406   -1.0 416.962361  0.451133
sounding_099_033       52.2399   -9.7040   -1.0 416.827982 -0.407863
sounding_099_034       52.3283   -9.3660   -1.0 416.680615 -1.236723
sounding_099_035       52.4157   -9.0267   -1.0 416.528173 -2.625450
sounding_099_036       52.5022   -8.6861   -1.0 416.412971 -0.431878
sounding_100_026       51.7984  -12.1862   -1.0 417.219216  2.039446
sounding_100_027       51.8937  -11.8566   -1.0 417.202862  0.048098
sounding_100_028       51.9882  -11.5256   -1.0 417.163877 -0.826637
sounding_100_029       52.0817  -11.1931   -1.0 417.116090 -0.900567
sounding_100_030       52.1743  -10.8594   -1.0 417.084968  2.381607
sounding_100_031       52.2659  -10.5242   -1.0 417.069634  0.385771
sounding_100_032       52.3566  -10.1877   -1.0 417.034511  0.604823
sounding_100_033       52.4464   -9.8498   -1.0 416.951348 -0.278235
sounding_100_034       52.5352   -9.5106   -1.0 416.825664  1.909270
sounding_100_035       52.6230   -9.1700   -1.0 416.654587  0.552881
sounding_100_036       52.7099   -8.8280   -1.0 416.491110 -1.919908
sounding_101_027       52.0975  -12.0111   -1.0 417.224046  0.301666
sounding_101_028       52.1923  -11.6789   -1.0 417.206286  0.896281
sounding_101_029       52.2863  -11.3453   -1.0 417.163199 -0.150019
sounding_101_030       52.3793  -11.0103   -1.0 417.113593  0.479108
sounding_101_031       52.4714  -10.6739   -1.0 417.083507 -0.082225
sounding_101_032       52.5625  -10.3361   -1.0 417.071634 -0.850659
sounding_101_033       52.6526   -9.9970   -1.0 417.045370 -0.302195
sounding_101_034       52.7418   -9.6564   -1.0 416.964251 -0.115628
sounding_101_035       52.8301   -9.3145   -1.0 416.804506 -0.763536
sounding_101_036       52.9173   -8.9712   -1.0 416.613405  0.764344
sounding_102_028       52.3963  -11.8336   -1.0 417.217704  0.334977
sounding_102_029       52.4907  -11.4988   -1.0 417.199390  0.707725
sounding_102_030       52.5841  -11.1626   -1.0 417.156474 -0.782157
sounding_102_031       52.6766  -10.8249   -1.0 417.112584  2.015460
sounding_102_032       52.7681  -10.4859   -1.0 417.091551 -0.051793
sounding_102_033       52.8587  -10.1455   -1.0 417.083609  0.139364
sounding_102_034       52.9483   -9.8036   -1.0 417.037447 -1.094968
sounding_102_035       53.0370   -9.4604   -1.0 416.921951 -1.121222
sounding_102_036       53.1246   -9.1158   -1.0 416.757856 -1.220381
sounding_103_028       52.6001  -11.9897   -1.0 417.205445  0.735804
sounding_103_029       52.6949  -11.6537   -1.0 417.207789 -0.339256
sounding_103_030       52.7887  -11.3163   -1.0 417.187763  0.302999
sounding_103_031       52.8816  -10.9774   -1.0 417.147839 -0.144752
sounding_103_032       52.9736  -10.6371   -1.0 417.112690 -0.950860
sounding_103_033       53.0646  -10.2954   -1.0 417.090166  0.795591
sounding_103_034       53.1546   -9.9522   -1.0 417.053869 -0.278237
sounding_103_035       53.2437   -9.6077   -1.0 416.982090  0.517879
sounding_103_036       53.3317   -9.2618   -1.0 416.870171  1.417236
sounding_103_037       53.4188   -8.9145   -1.0 416.724742  0.802035
sounding_104_029       52.8989  -11.8101   -1.0 417.192315 -1.243599
sounding_104_030       52.9931  -11.4714   -1.0 417.189544  1.458250
sounding_104_031       53.0865  -11.1313   -1.0 417.165726 -0.844785
sounding_104_032       53.1788  -10.7897   -1.0 417.128858 -0.268271
sounding_104_033       53.2702  -10.4467   -1.0 417.094445 -0.929636
sounding_104_035       53.4501   -9.7564   -1.0 417.011241  1.767958
sounding_104_036       53.5386   -9.4092   -1.0 416.939406  0.112932
sounding_104_037       53.6261   -9.0605   -1.0 416.832384  2.063516
sounding_105_030       53.1973  -11.6280   -1.0 417.167988  1.256959
sounding_105_031       53.2911  -11.2866   -1.0 417.157498 -0.217472
sounding_105_032       53.3839  -10.9438   -1.0 417.132025  0.593545
sounding_105_033       53.4757  -10.5995   -1.0 417.098871  1.607668
sounding_105_034       53.5665  -10.2537   -1.0 417.066370  0.719410
sounding_105_035       53.6564   -9.9065   -1.0 417.025761  0.172842
sounding_105_036       53.7453   -9.5579   -1.0 416.976636 -0.774500
sounding_105_037       53.8332   -9.2079   -1.0 416.907906  0.888539
sounding_105_038       53.9201   -8.8564   -1.0 416.807938  1.434918
sounding_105_039       54.0060   -8.5035   -1.0 416.674927  0.497930
sounding_105_040       54.0909   -8.1492   -1.0 416.534873  0.349752
sounding_105_041       54.1747   -7.7935   -1.0 416.419462 -1.438467
sounding_106_031       53.4955  -11.4434   -1.0 417.137005  0.845279
sounding_106_032       53.5887  -11.0992   -1.0 417.124435 -0.556326
sounding_106_033       53.6809  -10.7537   -1.0 417.102826  1.394927
sounding_106_034       53.7722  -10.4066   -1.0 417.073800  0.920611
sounding_106_035       53.8625  -10.0580   -1.0 417.034858  0.770975
sounding_106_036       53.9518   -9.7081   -1.0 416.997187 -1.660337
sounding_106_037       54.0401   -9.3567   -1.0 416.954753  0.195132
sounding_106_038       54.1274   -9.0038   -1.0 416.889776 -0.877127
sounding_106_039       54.2137   -8.6495   -1.0 416.784960  1.765949
sounding_106_040       54.2990   -8.2938   -1.0 416.657488 -0.532874
sounding_106_041       54.3832   -7.9366   -1.0 416.535329 -1.182913
sounding_107_032       53.7933  -11.2562   -1.0 417.117529 -1.216638
sounding_107_033       53.8859  -10.9093   -1.0 417.105981 -0.483449
sounding_107_034       53.9776  -10.5609   -1.0 417.084619 -1.153522
sounding_107_035       54.0683  -10.2111   -1.0 417.050343 -0.991046
sounding_107_036       54.1581   -9.8597   -1.0 417.006782 -1.153433
sounding_107_037       54.2468   -9.5069   -1.0 416.967810  1.200729
sounding_107_038       54.3345   -9.1526   -1.0 416.920513 -1.369087
sounding_107_039       54.4212   -8.7969   -1.0 416.852146  1.024145
sounding_107_040       54.5069   -8.4397   -1.0 416.757055  1.344647
sounding_107_041       54.5915   -8.0811   -1.0 416.648131 -1.279035
sounding_107_042       54.6752   -7.7211   -1.0 416.541948 -1.258879
sounding_107_043       54.7578   -7.3597   -1.0 416.438943  1.282665
sounding_107_044       54.8393   -6.9968   -1.0 416.333236  1.231341
sounding_108_033       54.0907  -11.0665   -1.0 417.107991 -0.059370
sounding_108_034       54.1829  -10.7168   -1.0 417.091636  1.137784
sounding_108_035       54.2740  -10.3655   -1.0 417.065423 -1.126696
sounding_108_036       54.3641  -10.0128   -1.0 417.021642  0.687185
sounding_108_037       54.4532   -9.6586   -1.0 416.976286  0.827114
sounding_108_038       54.5414   -9.3029   -1.0 416.937710  1.510300
sounding_108_039       54.6285   -8.9458   -1.0 416.895394 -0.426461
sounding_108_040       54.7146   -8.5872   -1.0 416.829703  0.482425
sounding_108_041       54.7996   -8.2271   -1.0 416.739419  0.017351
sounding_108_042       54.8836   -7.8655   -1.0 416.649067 -0.962616
sounding_108_043       54.9666   -7.5026   -1.0 416.553465 -1.208924
sounding_108_044       55.0486   -7.1382   -1.0 416.438568  0.275885
sounding_109_033       54.2953  -11.2251   -1.0 417.114724 -1.406281
sounding_109_034       54.3878  -10.8741   -1.0 417.094223  0.532891
sounding_109_035       54.4794  -10.5215   -1.0 417.070008  0.400833
sounding_109_036       54.5699  -10.1674   -1.0 417.034057 -0.409905
sounding_109_037       54.6595   -9.8118   -1.0 416.989829  0.784250
sounding_109_038       54.7480   -9.4547   -1.0 416.947598 -0.198306
sounding_109_039       54.8355   -9.0961   -1.0 416.911643 -1.256204
sounding_109_040       54.9220   -8.7360   -1.0 416.869417  0.700292
sounding_109_041       55.0075   -8.3744   -1.0 416.808350  0.891765
sounding_109_042       55.0919   -8.0114   -1.0 416.738562  0.613574
sounding_109_043       55.1753   -7.6469   -1.0 416.657424 -0.334190
sounding_109_044       55.2576   -7.2810   -1.0 416.548598 -1.574056
sounding_109_045       55.3389   -6.9136   -1.0 416.407492  0.044212
sounding_110_034       54.5926  -11.0329   -1.0 417.101265 -0.310649
sounding_110_035       54.6846  -10.6790   -1.0 417.070535 -0.219405
sounding_110_036       54.7755  -10.3235   -1.0 417.034364  0.325439
sounding_110_037       54.8655   -9.9665   -1.0 416.991825 -0.718169
sounding_110_038       54.9544   -9.6080   -1.0 416.947408 -0.511326
sounding_110_040       55.1293   -8.8864   -1.0 416.883093 -2.848454
sounding_110_042       55.3000   -8.1588   -1.0 416.801509 -0.804338
sounding_110_043       55.3837   -7.7928   -1.0 416.731567  0.452881
sounding_110_044       55.4665   -7.4253   -1.0 416.638356 -0.178434
sounding_110_045       55.5481   -7.0563   -1.0 416.529882 -1.789187
sounding_110_046       55.6287   -6.6859   -1.0 416.402114 -1.364151
sounding_111_035       54.8895  -10.8380   -1.0 417.078289  0.014245
sounding_111_036       54.9809  -10.4811   -1.0 417.036067  0.504160
sounding_111_037       55.0713  -10.1227   -1.0 416.989820  0.721998
sounding_111_038       55.1606   -9.7627   -1.0 416.942725 -0.678790
sounding_111_039       55.2490   -9.4012   -1.0 416.901872 -0.619026
sounding_111_043       55.5920   -7.9401   -1.0 416.773113 -0.372402
sounding_111_044       55.6751   -7.5710   -1.0 416.700367 -0.813865
sounding_111_045       55.7571   -7.2005   -1.0 416.621668  0.090177
sounding_111_046       55.8381   -6.8285   -1.0 416.525787  1.368293
sounding_111_047       55.9181   -6.4550   -1.0 416.392014  0.102496
sounding_112_036       55.1860  -10.6403   -1.0 417.044305 -0.205239
sounding_112_037       55.2768  -10.2805   -1.0 416.994526 -0.495130
sounding_112_038       55.3666   -9.9191   -1.0 416.942702  0.443225
sounding_112_039       55.4554   -9.5561   -1.0 416.895927  0.260804
sounding_112_040       55.5431   -9.1916   -1.0 416.861487  0.812502
sounding_112_043       55.8000   -8.0888   -1.0 416.787451  1.468537
sounding_112_044       55.8835   -7.7182   -1.0 416.731047  0.753098
sounding_112_045       55.9659   -7.3461   -1.0 416.667408 -0.100703
sounding_112_046       56.0473   -6.9725   -1.0 416.597581  1.264284
sounding_112_047       56.1276   -6.5974   -1.0 416.498451 -1.137378
sounding_112_048       56.2068   -6.2208   -1.0 416.342183  1.229561
sounding_113_037       55.4821  -10.4398   -1.0 417.000840 -1.270127
sounding_113_038       55.5723  -10.0769   -1.0 416.950970 -0.724517
sounding_113_039       55.6615   -9.7125   -1.0 416.898919 -0.721003
sounding_113_040       55.7496   -9.3465   -1.0 416.855984 -1.089491
sounding_113_044       56.0917   -7.8669   -1.0 416.741775 -0.012136
sounding_113_045       56.1745   -7.4932   -1.0 416.682942 -1.013682
sounding_113_046       56.2563   -7.1180   -1.0 416.624674 -1.005343
sounding_113_047       56.3370   -6.7412   -1.0 416.553996  0.398850
sounding_113_048       56.4166   -6.3630   -1.0 416.430785 -0.611337
sounding_114_037       55.6872  -10.6007   -1.0 416.992793  0.472638
sounding_114_038       55.7778  -10.2364   -1.0 416.955533  0.581523
sounding_114_039       55.8674   -9.8704   -1.0 416.909153  0.611661
sounding_114_040       55.9559   -9.5030   -1.0 416.861178  0.008764
sounding_114_044       56.2996   -8.0172   -1.0 416.745307  0.919435
sounding_114_045       56.3829   -7.6418   -1.0 416.690574 -1.798631
sounding_114_046       56.4650   -7.2649   -1.0 416.628036  0.541315
sounding_114_047       56.5461   -6.8866   -1.0 416.564557  0.113472
sounding_114_049       56.7050   -6.1252   -1.0 416.311759 -0.130249
sounding_114_050       56.7828   -5.7423   -1.0 416.055850  1.842039
sounding_115_038       55.9830  -10.3974   -1.0 416.945952 -0.266104
sounding_115_039       56.0730  -10.0300   -1.0 416.912828 -1.024885
sounding_115_040       56.1620   -9.6610   -1.0 416.872494  0.282820
sounding_115_041       56.2499   -9.2904   -1.0 416.831430 -1.043812
sounding_115_042       56.3368   -8.9182   -1.0 416.799288  0.890929
sounding_115_043       56.4226   -8.5443   -1.0 416.775581 -1.663353
sounding_115_044       56.5073   -8.1690   -1.0 416.745908 -2.698142
sounding_115_045       56.5910   -7.7920   -1.0 416.699303  0.966083
sounding_115_046       56.6735   -7.4135   -1.0 416.635800  0.583466
sounding_115_047       56.7550   -7.0334   -1.0 416.565095 -0.920155
sounding_115_048       56.8354   -6.6518   -1.0 416.487669  1.406496
sounding_115_050       56.9928   -5.8840   -1.0 416.150700 -0.992638
sounding_116_039       56.2784  -10.1912   -1.0 416.904936 -0.086858
sounding_116_040       56.3678   -9.8207   -1.0 416.877933 -1.102625
sounding_116_041       56.4562   -9.4485   -1.0 416.843768  1.514119
sounding_116_042       56.5434   -9.0747   -1.0 416.807416  0.014986
sounding_116_043       56.6297   -8.6993   -1.0 416.775560  0.576730
sounding_116_044       56.7148   -8.3223   -1.0 416.746197 -0.237763
sounding_116_045       56.7989   -7.9437   -1.0 416.709960  1.751386
sounding_116_046       56.8818   -7.5635   -1.0 416.655895  0.315031
sounding_116_047       56.9637   -7.1818   -1.0 416.583887 -1.186701
sounding_116_048       57.0444   -6.7985   -1.0 416.498725 -0.402290
sounding_116_049       57.1241   -6.4136   -1.0 416.388207 -0.954296
sounding_117_040       56.5734   -9.9819   -1.0 416.871797 -1.573037
sounding_117_041       56.6621   -9.6082   -1.0 416.849544 -0.645684
sounding_117_042       56.7498   -9.2329   -1.0 416.816741 -0.366810
sounding_117_043       56.8365   -8.8559   -1.0 416.779434 -0.476677
sounding_117_044       56.9220   -8.4773   -1.0 416.747405 -2.147263
sounding_117_045       57.0065   -8.0970   -1.0 416.718839 -0.645620
sounding_117_046       57.0898   -7.7152   -1.0 416.680304  0.667688
sounding_117_047       57.1721   -7.3317   -1.0 416.620208  0.568898
sounding_117_048       57.2533   -6.9467   -1.0 416.528948  1.109152
sounding_117_049       57.3333   -6.5601   -1.0 416.410849  0.744303
sounding_117_051       57.4900   -5.7822   -1.0 416.038224  0.524038
sounding_117_052       57.5667   -5.3910   -1.0 415.765999  0.031846
sounding_118_041       56.8678   -9.7696   -1.0 416.839363  1.080064
sounding_118_042       56.9560   -9.3927   -1.0 416.817465  1.493841
sounding_118_043       57.0430   -9.0141   -1.0 416.782728  0.003203
sounding_118_044       57.1290   -8.6338   -1.0 416.746611  0.387254
sounding_118_045       57.2138   -8.2519   -1.0 416.718891 -1.328102
sounding_118_046       57.2976   -7.8684   -1.0 416.693144 -0.117424
sounding_118_047       57.3803   -7.4832   -1.0 416.652365  1.295510
sounding_118_048       57.4618   -7.0965   -1.0 416.570431 -0.164634
sounding_118_049       57.5423   -6.7082   -1.0 416.448887 -0.324145
sounding_118_050       57.6216   -6.3182   -1.0 416.306533  0.539825
sounding_119_042       57.1618   -9.5541   -1.0 416.800792 -0.871462
sounding_119_043       57.2493   -9.1739   -1.0 416.778975  0.837389
sounding_119_044       57.3357   -8.7920   -1.0 416.746375 -0.214192
sounding_119_045       57.4209   -8.4085   -1.0 416.715668  0.187102
sounding_119_046       57.5051   -8.0233   -1.0 416.693054  0.169151
sounding_119_047       57.5882   -7.6364   -1.0 416.665952 -0.372846
sounding_119_048       57.6702   -7.2479   -1.0 416.603510  0.208987
sounding_119_049       57.7510   -6.8578   -1.0 416.488206 -0.531046
sounding_119_050       57.8307   -6.4661   -1.0 416.350247 -0.787664
sounding_119_051       57.9093   -6.0728   -1.0 416.202438  0.771253
sounding_119_054       58.1381   -4.8834   -1.0 415.466642 -0.332218
sounding_120_042       57.3674   -9.7173   -1.0 416.766496  0.158991
sounding_120_043       57.4553   -9.3354   -1.0 416.763276 -0.475770
sounding_120_044       57.5421   -8.9519   -1.0 416.744222  0.231486
sounding_120_045       57.6278   -8.5666   -1.0 416.714506  0.390703
sounding_120_046       57.7124   -8.1798   -1.0 416.688014 -0.233465
sounding_120_047       57.7959   -7.7912   -1.0 416.663397 -1.770616
sounding_120_048       57.8782   -7.4009   -1.0 416.617688  0.467298
sounding_120_049       57.9595   -7.0090   -1.0 416.510805 -0.344959
sounding_120_050       58.0396   -6.6155   -1.0 416.358550  0.169628
sounding_120_051       58.1185   -6.2204   -1.0 416.224426 -0.954312
sounding_120_053       58.2730   -5.4253   -1.0 415.876648  0.242265
sounding_120_054       58.3485   -5.0254   -1.0 415.607253  1.447226
sounding_120_055       58.4229   -4.6239   -1.0 415.354660  0.147323
sounding_121_043       57.6610   -9.4987   -1.0 416.734602 -0.914557
sounding_121_044       57.7482   -9.1135   -1.0 416.734372  0.081129
sounding_121_045       57.8344   -8.7265   -1.0 416.713804 -0.095628
sounding_121_046       57.9194   -8.3379   -1.0 416.684405 -0.493160
sounding_121_047       58.0033   -7.9476   -1.0 416.655078  0.034755
sounding_121_048       58.0860   -7.5556   -1.0 416.615987 -1.376826
sounding_121_049       58.1677   -7.1619   -1.0 416.523067  0.291436
sounding_121_050       58.2482   -6.7666   -1.0 416.359795  0.531730
sounding_121_051       58.3275   -6.3696   -1.0 416.220913  0.067684
sounding_121_052       58.4057   -5.9710   -1.0 416.103962 -0.717083
sounding_121_054       58.5587   -5.1689   -1.0 415.752770 -0.244441
sounding_121_055       58.6334   -4.7655   -1.0 415.536729 -0.072468
sounding_122_044       57.9541   -9.2767   -1.0 416.712303  1.220611
sounding_122_045       58.0407   -8.8881   -1.0 416.706287 -1.267338
sounding_122_046       58.1261   -8.4978   -1.0 416.680279  1.192754
sounding_122_047       58.2104   -8.1057   -1.0 416.646290 -0.008307
sounding_122_048       58.2936   -7.7119   -1.0 416.604240  1.387159
sounding_122_049       58.3756   -7.3165   -1.0 416.526251  0.599851
sounding_122_050       58.4565   -6.9193   -1.0 416.386310 -1.672949
sounding_122_051       58.5363   -6.5205   -1.0 416.239552 -0.110511
sounding_122_052       58.6149   -6.1200   -1.0 416.112095 -1.203200
sounding_122_054       58.7686   -5.3141   -1.0 415.837861 -0.951812
sounding_122_055       58.8437   -4.9087   -1.0 415.665909 -0.780333
sounding_122_056       58.9176   -4.5017   -1.0 415.487141  0.175648
sounding_123_045       58.2467   -9.0514   -1.0 416.683102  0.285941
sounding_123_046       58.3325   -8.6593   -1.0 416.667430  0.421817
sounding_123_047       58.4173   -8.2655   -1.0 416.634094  0.764247
sounding_123_048       58.5008   -7.8700   -1.0 416.586907 -0.200851
sounding_123_049       58.5833   -7.4727   -1.0 416.513949 -1.060420
sounding_123_050       58.6646   -7.0737   -1.0 416.402881 -0.105229
sounding_123_051       58.7447   -6.6730   -1.0 416.268463 -0.498972
sounding_123_052       58.8237   -6.2706   -1.0 416.132212  0.221733
sounding_123_055       59.0537   -5.0535   -1.0 415.725500 -1.414655
sounding_123_056       59.1280   -4.6446   -1.0 415.564881  0.777129
sounding_123_057       59.2011   -4.2340   -1.0 415.408022 -0.546637
sounding_124_046       58.5387   -8.8227   -1.0 416.634777 -1.218790
sounding_124_047       58.6238   -8.4271   -1.0 416.609832 -0.927318
sounding_124_048       58.7078   -8.0297   -1.0 416.562307 -0.034695
sounding_124_049       58.7907   -7.6306   -1.0 416.491134 -0.333063
sounding_124_050       58.8724   -7.2298   -1.0 416.396033 -0.782294
sounding_124_051       58.9529   -6.8272   -1.0 416.282056 -0.475486
sounding_124_052       59.0323   -6.4229   -1.0 416.153733  1.110099
sounding_124_053       59.1105   -6.0169   -1.0 416.018523  0.863203
sounding_124_055       59.2634   -5.2000   -1.0 415.752387 -0.957435
sounding_124_056       59.3381   -4.7890   -1.0 415.607442 -0.083147
sounding_124_057       59.4116   -4.3764   -1.0 415.457648  1.711642
sounding_124_058       59.4838   -3.9621   -1.0 415.330698 -1.396282
sounding_125_046       58.7445   -8.9878   -1.0 416.572744  0.441812
sounding_125_047       58.8301   -8.5904   -1.0 416.561542 -2.537950
sounding_125_048       58.9145   -8.1912   -1.0 416.523792  0.613388
sounding_125_049       58.9978   -7.7903   -1.0 416.458270 -0.082819
sounding_125_050       59.0799   -7.3876   -1.0 416.372599 -1.215253
sounding_125_051       59.1609   -6.9831   -1.0 416.275372 -0.410039
sounding_125_052       59.2406   -6.5769   -1.0 416.160904  1.158245
sounding_125_053       59.3192   -6.1690   -1.0 416.030343  0.144483
sounding_125_056       59.5480   -4.9350   -1.0 415.637374  0.624457
sounding_125_057       59.6218   -4.5204   -1.0 415.495212  0.296021
sounding_125_058       59.6944   -4.1041   -1.0 415.363110 -1.431358
sounding_125_059       59.7659   -3.6861   -1.0 415.274360 -1.056296
sounding_126_047       59.0361   -8.7555   -1.0 416.480650  1.992141
sounding_126_048       59.1209   -8.3545   -1.0 416.462971 -0.107797
sounding_126_049       59.2046   -7.9517   -1.0 416.410384  2.860589
sounding_126_050       59.2871   -7.5471   -1.0 416.333860  0.848228
sounding_126_051       59.3685   -7.1408   -1.0 416.247924 -1.084025
sounding_126_052       59.4487   -6.7326   -1.0 416.149896 -1.538480
sounding_126_053       59.5277   -6.3228   -1.0 416.032364 -0.121237
sounding_126_054       59.6055   -5.9111   -1.0 415.904336 -0.691938
sounding_126_056       59.7576   -5.0828   -1.0 415.659246  1.327524
sounding_126_057       59.8318   -4.6660   -1.0 415.524047  0.062662
sounding_126_058       59.9048   -4.2476   -1.0 415.389066  0.084489
sounding_126_059       59.9766   -3.8276   -1.0 415.285717 -0.375450
sounding_127_048       59.3270   -8.5196   -1.0 416.372115 -0.160988
sounding_127_049       59.4111   -8.1150   -1.0 416.339730  0.537749
sounding_127_050       59.4941   -7.7085   -1.0 416.276090 -0.664549
sounding_127_051       59.5759   -7.3002   -1.0 416.198403  1.347434
sounding_127_052       59.6564   -6.8901   -1.0 416.115882  1.029846
sounding_127_053       59.7359   -6.4783   -1.0 416.017687 -0.194636
sounding_127_054       59.8141   -6.0646   -1.0 415.902308 -0.319405
sounding_127_057       60.0415   -4.8133   -1.0 415.539135 -1.990708
sounding_127_058       60.1149   -4.3928   -1.0 415.405811 -0.821211
sounding_127_059       60.1870   -3.9706   -1.0 415.293066  0.624069
sounding_127_060       60.2580   -3.5467   -1.0 415.235501  0.122442
sounding_128_049       59.6174   -8.2800   -1.0 416.240636 -1.293923
sounding_128_050       59.7007   -7.8716   -1.0 416.191986  1.593513
sounding_128_051       59.7829   -7.4614   -1.0 416.122772  0.712342
sounding_128_052       59.8639   -7.0494   -1.0 416.050613  0.323033
sounding_128_053       59.9437   -6.6355   -1.0 415.975147 -0.309669
sounding_128_054       60.0223   -6.2199   -1.0 415.882319 -0.353761
sounding_128_055       60.0998   -5.8025   -1.0 415.771335 -0.535851
sounding_128_057       60.2509   -4.9624   -1.0 415.537715 -0.414924
sounding_128_058       60.3247   -4.5397   -1.0 415.409845  0.249842
sounding_128_059       60.3972   -4.1154   -1.0 415.295554  0.589200
sounding_128_060       60.4685   -3.6893   -1.0 415.225158 -0.262519
sounding_128_061       60.5386   -3.2616   -1.0 415.222413 -0.492488
sounding_129_050       59.9071   -8.0366   -1.0 416.077453 -1.014764
sounding_129_052       60.0711   -7.2104   -1.0 415.963038  0.667869
sounding_129_053       60.1513   -6.7946   -1.0 415.902761 -1.282262
sounding_129_054       60.2303   -6.3769   -1.0 415.830582  0.124250
sounding_129_055       60.3081   -5.9575   -1.0 415.737318  0.023056
sounding_129_057       60.4601   -5.1131   -1.0 415.519548 -0.176741
sounding_129_058       60.5342   -4.6883   -1.0 415.400833  1.365464
sounding_129_059       60.6071   -4.2618   -1.0 415.292319  1.165518
sounding_129_060       60.6788   -3.8335   -1.0 415.217174 -0.049077
sounding_129_061       60.7492   -3.4035   -1.0 415.205432  0.546540
sounding_130_050       60.1131   -8.2035   -1.0 415.935635 -0.440212
sounding_130_053       60.3586   -6.9555   -1.0 415.807453  0.497618
sounding_130_054       60.4380   -6.5358   -1.0 415.748039 -0.160466
sounding_130_055       60.5162   -6.1142   -1.0 415.673142 -1.061675
sounding_130_057       60.6690   -5.2657   -1.0 415.485802  1.167841
sounding_130_058       60.7435   -4.8387   -1.0 415.380157 -0.609267
sounding_130_059       60.8168   -4.4099   -1.0 415.283025 -0.211494
sounding_130_060       60.8888   -3.9794   -1.0 415.210486  0.778010
sounding_130_061       60.9596   -3.5472   -1.0 415.190567 -2.281691
sounding_130_062       61.0291   -3.1133   -1.0 415.231607  0.496918
sounding_131_051       60.4023   -7.9561   -1.0 415.765742  0.394992
sounding_131_053       60.5656   -7.1182   -1.0 415.691419 -0.031612
sounding_131_054       60.6454   -6.6964   -1.0 415.638173 -0.381094
sounding_131_055       60.7240   -6.2728   -1.0 415.580196  1.026887
sounding_131_056       60.8014   -5.8473   -1.0 415.515104  1.493592
sounding_131_057       60.8775   -5.4200   -1.0 415.439444 -0.893517
sounding_131_058       60.9524   -4.9908   -1.0 415.352840 -1.494726
sounding_131_059       61.0261   -4.5598   -1.0 415.269053 -0.524683
sounding_131_060       61.0985   -4.1271   -1.0 415.203430 -0.870503
sounding_131_061       61.1697   -3.6926   -1.0 415.178091 -0.081206
sounding_131_062       61.2396   -3.2563   -1.0 415.210422  1.532969
sounding_131_063       61.3082   -2.8184   -1.0 415.272770  0.812959
sounding_132_054       60.8524   -6.8590   -1.0 415.512759 -0.746728
sounding_132_055       60.9315   -6.4332   -1.0 415.467755  0.984089
sounding_132_056       61.0092   -6.0056   -1.0 415.427630  0.709945
sounding_132_057       61.0858   -5.5761   -1.0 415.382175 -0.556858
sounding_132_058       61.1611   -5.1447   -1.0 415.321134  0.388357
sounding_132_059       61.2351   -4.7115   -1.0 415.253453  0.983455
sounding_132_060       61.3079   -4.2765   -1.0 415.196759 -0.170430
sounding_132_061       61.3795   -3.8397   -1.0 415.169048 -0.952863
sounding_132_062       61.4497   -3.4011   -1.0 415.189796 -1.014429
sounding_132_063       61.5187   -2.9608   -1.0 415.253768  0.479580
sounding_133_055       61.1386   -6.5956   -1.0 415.348493 -1.324651
sounding_133_056       61.2168   -6.1657   -1.0 415.328993 -0.354885
sounding_133_057       61.2938   -5.7340   -1.0 415.315920 -0.897873
sounding_133_058       61.3695   -5.3004   -1.0 415.286929  0.367435
sounding_133_059       61.4439   -4.8650   -1.0 415.239792  1.183375
sounding_133_060       61.5171   -4.4277   -1.0 415.192431 -0.995453
sounding_133_061       61.5890   -3.9886   -1.0 415.163963 -0.406981
sounding_133_062       61.6596   -3.5477   -1.0 415.173688  1.837360
sounding_133_063       61.7290   -3.1050   -1.0 415.231759 -0.693592
sounding_133_064       61.7970   -2.6606   -1.0 415.299328  0.620092
sounding_133_065       61.8638   -2.2144   -1.0 415.318468  0.213234
sounding_134_055       61.3455   -6.7598   -1.0 415.232905  0.935943
sounding_134_056       61.4241   -6.3278   -1.0 415.231906 -0.241421
sounding_134_057       61.5014   -5.8939   -1.0 415.246107  1.551564
sounding_134_058       61.5775   -5.4581   -1.0 415.251689 -0.994059
sounding_134_059       61.6523   -5.0204   -1.0 415.228189 -0.541006
sounding_134_060       61.7259   -4.5808   -1.0 415.191472  0.232761
sounding_134_061       61.7982   -4.1393   -1.0 415.163495 -0.446056
sounding_134_062       61.8692   -3.6960   -1.0 415.163271  0.254658
sounding_134_063       61.9389   -3.2509   -1.0 415.210494  0.443183
sounding_134_064       62.0073   -2.8041   -1.0 415.282018  0.453773
sounding_134_065       62.0744   -2.3554   -1.0 415.324940  0.505420
sounding_135_055       61.5520   -6.9260   -1.0 415.134937  0.615894
sounding_135_056       61.6310   -6.4918   -1.0 415.151464  1.012057
sounding_135_057       61.7087   -6.0557   -1.0 415.186445  1.038589
sounding_135_058       61.7852   -5.6175   -1.0 415.216214 -0.529390
sounding_135_059       61.8605   -5.1776   -1.0 415.216230  0.427587
sounding_135_060       61.9344   -4.7357   -1.0 415.193631  1.299601
sounding_135_061       62.0071   -4.2918   -1.0 415.168068 -0.027110
sounding_135_062       62.0785   -3.8462   -1.0 415.159894  1.230970
sounding_135_063       62.1486   -3.3986   -1.0 415.193560  0.160912
sounding_135_064       62.2173   -2.9493   -1.0 415.261578 -0.991762
sounding_135_065       62.2848   -2.4982   -1.0 415.320118 -0.685996
sounding_135_066       62.3510   -2.0453   -1.0 415.326723 -1.553171
sounding_136_055       61.7582   -7.0941   -1.0 415.066841 -0.479533
sounding_136_056       61.8376   -6.6578   -1.0 415.095981  0.681801
sounding_136_057       61.9158   -6.2194   -1.0 415.139300 -0.790015
sounding_136_058       61.9926   -5.7790   -1.0 415.181904  0.708528
sounding_136_059       62.0683   -5.3367   -1.0 415.202829 -0.630857
sounding_136_060       62.1426   -4.8924   -1.0 415.196709  0.972824
sounding_136_061       62.2157   -4.4462   -1.0 415.176084  2.030179
sounding_136_062       62.2874   -3.9982   -1.0 415.162886 -1.173212
sounding_136_063       62.3579   -3.5482   -1.0 415.183145 -1.545724
sounding_136_064       62.4271   -3.0964   -1.0 415.242389  0.203626
sounding_136_065       62.4949   -2.6427   -1.0 415.307176 -0.444541
sounding_136_066       62.5614   -2.1873   -1.0 415.334839  0.482055
sounding_137_056       62.0438   -6.8257   -1.0 415.049706 -0.015318
sounding_137_057       62.1224   -6.3850   -1.0 415.092711  0.176773
sounding_137_058       62.1997   -5.9424   -1.0 415.148601 -0.399328
sounding_137_059       62.2758   -5.4977   -1.0 415.189938  0.977999
sounding_137_060       62.3505   -5.0511   -1.0 415.202044 -0.615278
sounding_137_061       62.4239   -4.6025   -1.0 415.188297  1.389682
sounding_137_062       62.4961   -4.1520   -1.0 415.172474 -0.537780
sounding_137_063       62.5669   -3.6996   -1.0 415.181101 -1.301700
sounding_137_064       62.6365   -3.2453   -1.0 415.229224  0.557481
sounding_137_065       62.7047   -2.7891   -1.0 415.294240  0.624119
sounding_137_066       62.7715   -2.3311   -1.0 415.334064  0.848064
sounding_137_067       62.8371   -1.8713   -1.0 415.329770  1.159349
sounding_137_068       62.9013   -1.4096   -1.0 415.295689 -0.537201
sounding_138_057       62.3288   -6.5528   -1.0 415.058220  0.396731
sounding_138_058       62.4065   -6.1078   -1.0 415.123866  0.499268
sounding_138_059       62.4829   -5.6608   -1.0 415.183486  1.519659
sounding_138_060       62.5581   -5.2118   -1.0 415.212484  2.179226
sounding_138_061       62.6319   -4.7608   -1.0 415.206868 -0.068825
sounding_138_062       62.7044   -4.3078   -1.0 415.187525  0.290436
sounding_138_063       62.7757   -3.8529   -1.0 415.186387  0.436606
sounding_138_064       62.8456   -3.3961   -1.0 415.223666  1.425524
sounding_138_065       62.9141   -2.9373   -1.0 415.285154  1.646748
sounding_138_066       62.9814   -2.4767   -1.0 415.331030 -0.404404
sounding_138_067       63.0473   -2.0143   -1.0 415.339594  0.405701
sounding_138_068       63.1118   -1.5500   -1.0 415.321184  0.410425
sounding_138_069       63.1750   -1.0839   -1.0 415.299663  1.469921
sounding_139_058       62.6129   -6.2752   -1.0 415.116871 -0.987970
sounding_139_059       62.6897   -5.8258   -1.0 415.183347  0.166961
sounding_139_060       62.7653   -5.3744   -1.0 415.226449  1.175180
sounding_139_061       62.8395   -4.9210   -1.0 415.228396  0.061049
sounding_139_062       62.9124   -4.4656   -1.0 415.206037 -0.023922
sounding_139_063       62.9841   -4.0081   -1.0 415.196233  1.421753
sounding_139_064       63.0543   -3.5487   -1.0 415.224985 -2.240467
sounding_139_065       63.1233   -3.0874   -1.0 415.282240  1.883695
sounding_139_066       63.1909   -2.6242   -1.0 415.329779 -0.241497
sounding_139_067       63.2571   -2.1591   -1.0 415.346563 -0.982986
sounding_139_068       63.3220   -1.6921   -1.0 415.339305  1.601742
sounding_139_069       63.3856   -1.2233   -1.0 415.328016  1.134569
sounding_140_058       62.8190   -6.4447   -1.0 415.126735 -0.304412
sounding_140_059       62.8962   -5.9929   -1.0 415.188446 -0.943157
sounding_140_060       62.9721   -5.5391   -1.0 415.237702  0.315313
sounding_140_061       63.0468   -5.0832   -1.0 415.245449 -0.064685
sounding_140_062       63.1201   -4.6252   -1.0 415.222250 -0.890545
sounding_140_063       63.1921   -4.1653   -1.0 415.207117  0.742450
sounding_140_064       63.2628   -3.7033   -1.0 415.229872 -0.127495
sounding_140_065       63.3321   -3.2394   -1.0 415.284604 -2.045648
sounding_140_066       63.4001   -2.7735   -1.0 415.333699 -2.253963
sounding_140_067       63.4667   -2.3058   -1.0 415.354340 -0.849748
sounding_140_068       63.5320   -1.8361   -1.0 415.352543 -0.689178
sounding_140_069       63.5959   -1.3645   -1.0 415.348322 -0.179241
sounding_140_070       63.6584   -0.8911   -1.0 415.361605  1.292409
sounding_140_071       63.7195   -0.4159   -1.0 415.395220  0.578344
sounding_141_059       63.1023   -6.1621   -1.0 415.197718  1.052773
sounding_141_060       63.1787   -5.7058   -1.0 415.244908  0.774305
sounding_141_061       63.2537   -5.2474   -1.0 415.257744  0.612525
sounding_141_062       63.3274   -4.7870   -1.0 415.234756 -1.004100
sounding_141_063       63.3998   -4.3245   -1.0 415.215043  1.118400
sounding_141_064       63.4709   -3.8599   -1.0 415.234251  0.601867
sounding_141_065       63.5406   -3.3933   -1.0 415.288587 -1.216691
sounding_141_066       63.6089   -2.9248   -1.0 415.341856 -0.517096
sounding_141_067       63.6759   -2.4543   -1.0 415.364744 -0.240489
sounding_141_068       63.7415   -1.9819   -1.0 415.364203 -0.245831
sounding_141_069       63.8058   -1.5076   -1.0 415.361587  0.815742
sounding_141_070       63.8687   -1.0314   -1.0 415.380317 -1.004887
sounding_142_060       63.3849   -5.8746   -1.0 415.253555  1.168664
sounding_142_061       63.4603   -5.4138   -1.0 415.271198  0.182864
sounding_142_062       63.5344   -4.9507   -1.0 415.248863  1.969619
sounding_142_063       63.6072   -4.4857   -1.0 415.222049 -0.652315
sounding_142_064       63.6786   -4.0185   -1.0 415.234779  1.265482
sounding_142_065       63.7487   -3.5493   -1.0 415.289732  0.966117
sounding_142_066       63.8175   -3.0780   -1.0 415.349311 -0.844349
sounding_142_067       63.8848   -2.6048   -1.0 415.376861  0.949925
sounding_142_068       63.9508   -2.1296   -1.0 415.376969  1.939851
sounding_142_069       64.0154   -1.6525   -1.0 415.371892  0.021276
sounding_142_070       64.0786   -1.1735   -1.0 415.388798  0.107373
sounding_142_072       64.2009   -0.2098   -1.0 415.498605 -0.518084
sounding_143_061       63.6665   -5.5822   -1.0 415.290539 -1.104766
sounding_143_062       63.7411   -5.1166   -1.0 415.271113 -0.099747
sounding_143_063       63.8143   -4.6489   -1.0 415.235077  2.237664
sounding_143_064       63.8861   -4.1791   -1.0 415.234025 -1.010264
sounding_143_065       63.9566   -3.7072   -1.0 415.283594 -1.454909
sounding_143_066       64.0257   -3.2333   -1.0 415.349604  1.291695
sounding_143_067       64.0934   -2.7573   -1.0 415.386431 -1.194481
sounding_143_068       64.1598   -2.2793   -1.0 415.390498  1.296635
sounding_143_069       64.2247   -1.7994   -1.0 415.382551 -1.126009
sounding_143_070       64.2883   -1.3174   -1.0 415.393599  0.094068
sounding_143_071       64.3505   -0.8337   -1.0 415.445434 -0.928048
sounding_144_062       63.9473   -5.2846   -1.0 415.304473  0.044041
sounding_144_063       64.0209   -4.8143   -1.0 415.259910 -0.206601
sounding_144_064       64.0931   -4.3418   -1.0 415.239440 -0.291303
sounding_144_065       64.1640   -3.8672   -1.0 415.273201  0.444887
sounding_144_066       64.2335   -3.3905   -1.0 415.339251 -1.865141
sounding_144_067       64.3016   -2.9117   -1.0 415.388132 -0.890733
sounding_144_068       64.3684   -2.4310   -1.0 415.401775 -0.263834
sounding_144_069       64.4337   -1.9481   -1.0 415.395014 -0.774039
sounding_144_070       64.4976   -1.4633   -1.0 415.400197 -1.507986
sounding_144_071       64.5601   -0.9766   -1.0 415.446547 -0.747210
sounding_145_062       64.1532   -5.4548   -1.0 415.346315 -0.785138
sounding_145_063       64.2272   -4.9818   -1.0 415.297649  1.497100
sounding_145_064       64.2999   -4.5066   -1.0 415.256468  0.467330
sounding_145_065       64.3711   -4.0293   -1.0 415.267293  0.476884
sounding_145_066       64.4410   -3.5498   -1.0 415.323753 -0.211249
sounding_145_067       64.5095   -3.0683   -1.0 415.380046  0.339597
sounding_145_068       64.5766   -2.5846   -1.0 415.406761 -0.704176
sounding_145_069       64.6423   -2.0989   -1.0 415.408529  0.264679
sounding_145_070       64.7066   -1.6112   -1.0 415.411194 -0.511617
sounding_145_071       64.7695   -1.1215   -1.0 415.448763 -1.105553
sounding_145_072       64.8309   -0.6298   -1.0 415.519296 -1.290131
sounding_145_073       64.8910   -0.1362   -1.0 415.583909  0.436163
sounding_146_063       64.4332   -5.1515   -1.0 415.339199 -0.456681
sounding_146_064       64.5062   -4.6737   -1.0 415.283090 -0.103194
sounding_146_065       64.5779   -4.1935   -1.0 415.272221  0.967302
sounding_146_066       64.6482   -3.7113   -1.0 415.312707  1.700134
sounding_146_067       64.7170   -3.2269   -1.0 415.367558 -0.558579
sounding_146_068       64.7845   -2.7403   -1.0 415.404031  0.256046
sounding_146_069       64.8506   -2.2517   -1.0 415.418483  0.569157
sounding_146_070       64.9152   -1.7610   -1.0 415.426757  0.930916
sounding_146_071       64.9785   -1.2683   -1.0 415.456984  0.961631
sounding_146_072       65.0403   -0.7736   -1.0 415.517504 -0.963808
sounding_146_073       65.1007   -0.2769   -1.0 415.581739 -0.243887
sounding_147_064       64.7122   -4.8428   -1.0 415.312285 -1.433808
sounding_147_065       64.7843   -4.3600   -1.0 415.288040 -0.050206
sounding_147_066       64.8549   -3.8748   -1.0 415.312995 -1.243707
sounding_147_067       64.9242   -3.3876   -1.0 415.358801  0.494464
sounding_147_068       64.9921   -2.8981   -1.0 415.397836  0.778219
sounding_147_069       65.0585   -2.4066   -1.0 415.423662 -1.512690
sounding_147_070       65.1235   -1.9129   -1.0 415.443024  2.041022
sounding_147_071       65.1871   -1.4171   -1.0 415.471250 -1.180261
sounding_147_072       65.2493   -0.9193   -1.0 415.519844 -0.623570
sounding_147_073       65.3100   -0.4196   -1.0 415.577494 -0.517330
sounding_148_065       64.9903   -4.5286   -1.0 415.310356  0.993904
sounding_148_066       65.0613   -4.0406   -1.0 415.324319 -0.204975
sounding_148_067       65.1310   -3.5505   -1.0 415.359253 -0.262105
sounding_148_068       65.1992   -3.0580   -1.0 415.395035 -0.599136
sounding_148_069       65.2661   -2.5635   -1.0 415.427057 -0.849941
sounding_148_070       65.3315   -2.0668   -1.0 415.457262 -1.399324
sounding_148_071       65.3954   -1.5680   -1.0 415.488787  1.660941
sounding_148_072       65.4579   -1.0671   -1.0 415.527567 -1.183451
sounding_148_073       65.5190   -0.5642   -1.0 415.574808  0.625433
sounding_149_066       65.2674   -4.2086   -1.0 415.342358 -0.184758
sounding_149_067       65.3374   -3.7155   -1.0 415.369289  0.943997
sounding_149_068       65.4060   -3.2201   -1.0 415.398865  0.605051
sounding_149_069       65.4733   -2.7226   -1.0 415.431885  0.716830
sounding_149_070       65.5390   -2.2228   -1.0 415.469143 -0.698852
sounding_149_071       65.6034   -1.7209   -1.0 415.505313 -0.806862
sounding_149_072       65.6662   -1.2169   -1.0 415.539259 -1.466672
sounding_149_073       65.7277   -0.7108   -1.0 415.576035 -1.752597
sounding_149_074       65.7876   -0.2026   -1.0 415.619654  0.412903
sounding_149_075       65.8461    0.3076   -1.0 415.652053 -0.086985
sounding_150_067       65.5435   -3.8828   -1.0 415.384778  0.285854
sounding_150_068       65.6125   -3.3845   -1.0 415.409080 -0.444144
sounding_150_069       65.6801   -2.8838   -1.0 415.439812  0.826585
sounding_150_070       65.7462   -2.3810   -1.0 415.478848 -0.752640
sounding_150_071       65.8109   -1.8760   -1.0 415.518369 -0.322932
sounding_150_072       65.8742   -1.3688   -1.0 415.550691  1.489077
sounding_150_073       65.9360   -0.8594   -1.0 415.580909  2.333195
sounding_150_074       65.9963   -0.3480   -1.0 415.617482  0.460581
sounding_150_075       66.0551    0.1655   -1.0 415.648877 -1.711518
sounding_151_067       65.7491   -4.0525   -1.0 415.400658 -0.134690
sounding_151_068       65.8185   -3.5511   -1.0 415.423397 -2.348303
sounding_151_069       65.8865   -3.0474   -1.0 415.450683 -1.357088
sounding_151_070       65.9531   -2.5414   -1.0 415.487036 -1.737589
sounding_151_071       66.0181   -2.0332   -1.0 415.526802 -0.277645
sounding_151_072       66.0817   -1.5228   -1.0 415.559340  1.251702
sounding_151_073       66.1439   -1.0102   -1.0 415.585852  1.028085
sounding_151_074       66.2045   -0.4955   -1.0 415.615347  1.708069
sounding_151_075       66.2637    0.0213   -1.0 415.642670  0.633045
sounding_151_076       66.3214    0.5402   -1.0 415.651060  0.560531
sounding_152_068       66.0242   -3.7200   -1.0 415.437417  0.075252
sounding_152_069       66.0926   -3.2132   -1.0 415.462752  0.738544
sounding_152_070       66.1595   -2.7040   -1.0 415.494235  1.641359
sounding_152_071       66.2250   -2.1926   -1.0 415.530962 -0.764597
sounding_152_072       66.2889   -1.6790   -1.0 415.563777 -0.322576
sounding_152_073       66.3514   -1.1631   -1.0 415.588647 -0.436028
sounding_152_074       66.4125   -0.6450   -1.0 415.613201 -0.320528
sounding_152_075       66.4720   -0.1249   -1.0 415.634916 -0.087825
sounding_152_076       66.5300    0.3975   -1.0 415.642389 -1.081328
sounding_152_077       66.5865    0.9218   -1.0 415.629380 -0.460651
sounding_153_069       66.2982   -3.3813   -1.0 415.474937  1.565370
sounding_153_070       66.3655   -2.8690   -1.0 415.501833 -1.893676
sounding_153_071       66.4314   -2.3543   -1.0 415.533834 -1.278572
sounding_153_072       66.4958   -1.8373   -1.0 415.565104 -1.038709
sounding_153_073       66.5586   -1.3181   -1.0 415.589137 -0.712177
sounding_153_074       66.6200   -0.7967   -1.0 415.609576  0.157235
sounding_153_075       66.6799   -0.2731   -1.0 415.624180 -0.156214
sounding_153_076       66.7382    0.2526   -1.0 415.628969  0.215229
sounding_153_077       66.7951    0.7805   -1.0 415.621310 -0.994988
sounding_153_078       66.8504    1.3104   -1.0 415.607850 -0.125519
sounding_154_070       66.5712   -3.0362   -1.0 415.510987  0.570111
sounding_154_071       66.6374   -2.5183   -1.0 415.537605 -0.259804
sounding_154_072       66.7022   -1.9980   -1.0 415.565416  0.895465
sounding_154_073       66.7654   -1.4754   -1.0 415.587823 -0.329009
sounding_154_074       66.8272   -0.9506   -1.0 415.603511  0.567146
sounding_154_075       66.8874   -0.4235   -1.0 415.610760 -0.892929
sounding_154_076       66.9461    0.1057   -1.0 415.612312  0.271846
sounding_154_077       67.0033    0.6371   -1.0 415.609162 -0.378692
sounding_154_078       67.0589    1.1706   -1.0 415.603383 -0.504289
sounding_154_079       67.1130    1.7062   -1.0 415.593915 -0.872614
sounding_154_080       67.1656    2.2438   -1.0 415.572328 -0.388726
sounding_154_082       67.2661    3.3248   -1.0 415.472173  0.036060
sounding_155_070       66.7765   -3.2058   -1.0 415.520664 -0.268840
sounding_155_071       66.8431   -2.6846   -1.0 415.543268  2.007862
sounding_155_072       66.9082   -2.1610   -1.0 415.566274 -1.493246
sounding_155_073       66.9718   -1.6350   -1.0 415.584629  0.967783
sounding_155_074       67.0339   -1.1067   -1.0 415.594630 -0.878321
sounding_155_075       67.0945   -0.5761   -1.0 415.595577  2.147855
sounding_155_076       67.1536   -0.0433   -1.0 415.593938 -0.585820
sounding_155_077       67.2111    0.4916   -1.0 415.594062 -0.548607
sounding_155_078       67.2671    1.0288   -1.0 415.594789 -0.044876
sounding_155_079       67.3216    1.5680   -1.0 415.594088  0.796186
sounding_155_081       67.4257    2.6526   -1.0 415.543634 -0.992148
sounding_156_071       67.0483   -2.8533   -1.0 415.550609 -0.440935
sounding_156_072       67.1138   -2.3263   -1.0 415.568367  0.464808
sounding_156_073       67.1778   -1.7969   -1.0 415.580379 -1.214509
sounding_156_074       67.2403   -1.2651   -1.0 415.583253  1.019282
sounding_156_075       67.3013   -0.7310   -1.0 415.579206 -0.808876
sounding_156_076       67.3607   -0.1946   -1.0 415.575849  0.389747
sounding_156_077       67.4186    0.3440   -1.0 415.578100  0.561237
sounding_156_078       67.4749    0.8849   -1.0 415.584766 -0.209205
sounding_156_079       67.5297    1.4278   -1.0 415.591102 -1.096421
sounding_156_080       67.5829    1.9729   -1.0 415.579890 -0.204830
sounding_156_081       67.6345    2.5200   -1.0 415.545654 -0.684095
sounding_156_083       67.7330    3.6203   -1.0 415.427393  0.194648
sounding_157_072       67.3191   -2.4940   -1.0 415.572032 -0.563862
sounding_157_073       67.3834   -1.9611   -1.0 415.576465 -0.644310
sounding_157_074       67.4463   -1.4258   -1.0 415.571511 -0.179411
sounding_157_075       67.5076   -0.8881   -1.0 415.562471 -0.082152
sounding_157_076       67.5674   -0.3481   -1.0 415.558486 -1.458421
sounding_157_077       67.6256    0.1942   -1.0 415.562730 -0.584229
sounding_157_078       67.6823    0.7388   -1.0 415.575126 -0.202515
sounding_157_079       67.7374    1.2855   -1.0 415.586193  1.572326
sounding_157_080       67.7909    1.8344   -1.0 415.577346  1.213779
sounding_157_081       67.8429    2.3854   -1.0 415.542382  0.565545
sounding_157_082       67.8932    2.9385   -1.0 415.489292 -1.294566
sounding_157_084       67.9892    4.0505   -1.0 415.380949 -0.847480
sounding_157_085       68.0347    4.6094   -1.0 415.336928  0.000367
sounding_158_073       67.5886   -2.1278   -1.0 415.573722 -0.462800
sounding_158_074       67.6519   -1.5889   -1.0 415.562132 -2.489543
sounding_158_075       67.7136   -1.0476   -1.0 415.548434 -0.987722
sounding_158_076       67.7737   -0.5039   -1.0 415.541495  0.793263
sounding_158_077       67.8323    0.0421   -1.0 415.547408 -1.607871
sounding_158_078       67.8893    0.5905   -1.0 415.565541  2.834374
sounding_158_079       67.9448    1.1410   -1.0 415.580653  0.866094
sounding_158_080       67.9986    1.6938   -1.0 415.573378 -0.190886
sounding_158_081       68.0509    2.2487   -1.0 415.537871 -0.441641
sounding_158_082       68.1016    2.8058   -1.0 415.484235 -0.297134
sounding_158_084       68.1981    3.9259   -1.0 415.382423 -0.868303
sounding_159_074       67.8570   -1.7544   -1.0 415.554848  1.213701
sounding_159_075       67.9191   -1.2094   -1.0 415.536738  0.858138
sounding_159_076       67.9796   -0.6620   -1.0 415.526168 -0.001460
sounding_159_077       68.0386   -0.1122   -1.0 415.533408  0.077351
sounding_159_078       68.0959    0.4399   -1.0 415.555734 -0.262996
sounding_159_079       68.1517    0.9944   -1.0 415.573105  0.258054
sounding_159_080       68.2059    1.5511   -1.0 415.566885 -0.271134
sounding_159_081       68.2585    2.1100   -1.0 415.532117 -0.666067
sounding_159_082       68.3095    2.6710   -1.0 415.478641  1.919183
sounding_159_083       68.3589    3.2341   -1.0 415.421687 -0.560957
sounding_159_084       68.4066    3.7993   -1.0 415.375286 -1.134806
sounding_159_085       68.4528    4.3664   -1.0 415.339167 -0.519551
sounding_159_086       68.4972    4.9355   -1.0 415.298487 -1.660397
sounding_160_074       68.0618   -1.9224   -1.0 415.547492 -0.281879
sounding_160_075       68.1242   -1.3737   -1.0 415.525989 -0.431891
sounding_160_076       68.1851   -0.8225   -1.0 415.513724 -1.023197
sounding_160_077       68.2444   -0.2689   -1.0 415.522308  1.545359
sounding_160_078       68.3021    0.2871   -1.0 415.545861  0.293979
sounding_160_079       68.3583    0.8455   -1.0 415.562514 -0.085882
sounding_160_080       68.4128    1.4062   -1.0 415.556471 -1.093116
sounding_160_081       68.4657    1.9691   -1.0 415.525360  0.812659
sounding_160_082       68.5170    2.5342   -1.0 415.474689 -0.066789
sounding_160_083       68.5667    3.1014   -1.0 415.417343  0.028847
sounding_160_085       68.6612    4.2421   -1.0 415.322658 -0.641118
sounding_160_086       68.7060    4.8154   -1.0 415.283284  0.763226
sounding_160_087       68.7491    5.3906   -1.0 415.241074  1.452247
sounding_161_075       68.3289   -1.5405   -1.0 415.517311  0.723426
sounding_161_076       68.3902   -0.9855   -1.0 415.504598  0.245710
sounding_161_077       68.4499   -0.4280   -1.0 415.513750 -1.229723
sounding_161_078       68.5079    0.1320   -1.0 415.535002 -0.334149
sounding_161_079       68.5644    0.6943   -1.0 415.549316  2.357231
sounding_161_080       68.6193    1.2590   -1.0 415.545682 -0.480598
sounding_161_081       68.6726    1.8260   -1.0 415.519210 -1.094679
sounding_161_082       68.7242    2.3952   -1.0 415.472852 -2.010394
sounding_161_083       68.7742    2.9666   -1.0 415.415334  1.327905
sounding_161_084       68.8226    3.5402   -1.0 415.356286  0.100063
sounding_161_085       68.8693    4.1158   -1.0 415.304100 -1.047573
sounding_161_086       68.9143    4.6934   -1.0 415.261161  0.655353
sounding_161_087       68.9577    5.2730   -1.0 415.226346 -0.802605
sounding_162_076       68.5948   -1.1510   -1.0 415.497682  1.457493
sounding_162_077       68.6549   -0.5895   -1.0 415.506814  0.731024
sounding_162_078       68.7133   -0.0256   -1.0 415.525476  0.185012
sounding_162_079       68.7702    0.5407   -1.0 415.538692 -0.746227
sounding_162_080       68.8254    1.1095   -1.0 415.537661  1.580530
sounding_162_081       68.8790    1.6806   -1.0 415.514853 -0.345985
sounding_162_082       68.9309    2.2541   -1.0 415.472172  2.111635
sounding_162_083       68.9813    2.8297   -1.0 415.414466  0.361231
sounding_162_084       69.0299    3.4075   -1.0 415.349675  1.054784
sounding_162_085       69.0769    3.9875   -1.0 415.287926 -0.148334
sounding_162_086       69.1223    4.5695   -1.0 415.239682  0.145913
sounding_162_088       69.2080    5.7394   -1.0 415.194970  0.931297
sounding_163_077       68.8595   -0.7536   -1.0 415.503377 -1.206165
sounding_163_078       68.9183   -0.1857   -1.0 415.521662  0.028949
sounding_163_079       68.9755    0.3848   -1.0 415.533983  0.099921
sounding_163_080       69.0310    0.9577   -1.0 415.532922  0.400216
sounding_163_081       69.0850    1.5330   -1.0 415.512429 -0.456216
sounding_163_082       69.1373    2.1107   -1.0 415.471521 -0.054661
sounding_163_083       69.1879    2.6906   -1.0 415.413268 -0.282042
sounding_163_084       69.2369    3.2728   -1.0 415.343687 -0.344053
sounding_163_085       69.2842    3.8571   -1.0 415.274772 -0.757498
sounding_163_086       69.3299    4.4436   -1.0 415.222501  0.525891
sounding_163_087       69.3738    5.0321   -1.0 415.195597  1.698500
sounding_163_088       69.4161    5.6225   -1.0 415.189498 -0.957777
sounding_163_089       69.4567    6.2149   -1.0 415.181096 -1.281430
sounding_164_078       69.1228   -0.3482   -1.0 415.522973  2.037978
sounding_164_079       69.1804    0.2264   -1.0 415.532585 -1.236428
sounding_164_080       69.2363    0.8035   -1.0 415.529985 -0.057408
sounding_164_081       69.2906    1.3830   -1.0 415.510707  0.257858
sounding_164_082       69.3432    1.9650   -1.0 415.469688 -0.838676
sounding_164_083       69.3942    2.5493   -1.0 415.408894 -1.592478
sounding_164_084       69.4435    3.1359   -1.0 415.335259 -0.396873
sounding_164_085       69.4911    3.7247   -1.0 415.261862 -0.446063
sounding_164_086       69.5370    4.3156   -1.0 415.207606 -0.243495
sounding_164_087       69.5813    4.9087   -1.0 415.182482  0.496065
sounding_164_088       69.6238    5.5037   -1.0 415.177476  0.910161
sounding_164_089       69.6647    6.1007   -1.0 415.168621  0.482748
sounding_164_090       69.7038    6.6997   -1.0 415.146922  1.680086
sounding_165_078       69.3269   -0.5133   -1.0 415.524081 -1.270724
sounding_165_079       69.3848    0.0655   -1.0 415.531325  1.990561
sounding_165_080       69.4411    0.6468   -1.0 415.527439  0.674434
sounding_165_081       69.4957    1.2307   -1.0 415.506506  0.514884
sounding_165_082       69.5487    1.8170   -1.0 415.461944  0.446550
sounding_165_083       69.6000    2.4057   -1.0 415.397609 -0.296733
sounding_165_084       69.6496    2.9967   -1.0 415.321325 -1.863131
sounding_165_085       69.6976    3.5901   -1.0 415.247711  0.332870
sounding_165_086       69.7438    4.1856   -1.0 415.195326  1.413694
sounding_165_087       69.7883    4.7833   -1.0 415.169999  0.409755
sounding_165_088       69.8312    5.3830   -1.0 415.161570  1.127840
sounding_165_089       69.8723    5.9847   -1.0 415.150122  0.766867
sounding_165_091       69.9493    7.1939   -1.0 415.121521 -0.954429
sounding_166_079       69.5888   -0.0980   -1.0 415.528500  0.228944
sounding_166_080       69.6455    0.4876   -1.0 415.522218  1.827422
sounding_166_081       69.7005    1.0758   -1.0 415.495818 -0.221402
sounding_166_083       69.8054    2.2597   -1.0 415.379259 -0.171621
sounding_166_084       69.8554    2.8553   -1.0 415.303827  1.195847
sounding_166_085       69.9036    3.4533   -1.0 415.235271  0.689321
sounding_166_086       69.9502    4.0534   -1.0 415.188133  0.775809
sounding_166_087       69.9950    4.6558   -1.0 415.162101  1.066787
sounding_166_088       70.0381    5.2603   -1.0 415.145469 -1.039424
sounding_166_089       70.0795    5.8668   -1.0 415.128249  1.397319
sounding_167_080       69.8494    0.3258   -1.0 415.511199  0.308966
sounding_167_081       69.9048    0.9185   -1.0 415.479168  0.600472
sounding_167_083       70.0104    2.1114   -1.0 415.359387 -0.580077
sounding_167_084       70.0607    2.7116   -1.0 415.288038 -2.235879
sounding_167_085       70.1092    3.3142   -1.0 415.226787 -0.150109
sounding_167_086       70.1561    3.9190   -1.0 415.184811 -0.596910
sounding_167_087       70.2012    4.5262   -1.0 415.157243 -0.538279
sounding_167_088       70.2446    5.1354   -1.0 415.130135  0.155120
sounding_167_089       70.2863    5.7469   -1.0 415.103261  1.229349
sounding_168_081       70.1086    0.7585   -1.0 415.464091  0.112687
sounding_168_082       70.1626    1.3583   -1.0 415.407235 -0.536065
sounding_168_083       70.2149    1.9606   -1.0 415.336926  0.636978
sounding_168_084       70.2655    2.5655   -1.0 415.267370  1.097705
sounding_168_085       70.3144    3.1728   -1.0 415.213037 -0.107973
sounding_168_086       70.3616    3.7824   -1.0 415.177750  0.240955
sounding_168_087       70.4070    4.3944   -1.0 415.147772  0.550010
sounding_168_088       70.4507    5.0085   -1.0 415.112067 -0.059135
sounding_168_089       70.4926    5.6249   -1.0 415.078737 -0.701678
sounding_169_082       70.3664    1.2003   -1.0 415.378082 -0.024803
sounding_169_083       70.4190    1.8073   -1.0 415.301954  0.310958
sounding_169_084       70.4700    2.4169   -1.0 415.234718  0.163244
sounding_169_085       70.5192    3.0290   -1.0 415.189162  0.854250
sounding_169_086       70.5667    3.6435   -1.0 415.160183  0.760380
sounding_169_087       70.6124    4.2603   -1.0 415.130095 -1.282807
sounding_169_088       70.6564    4.8795   -1.0 415.094413  0.903551
sounding_169_089       70.6986    5.5009   -1.0 415.071017 -0.101943
sounding_170_082       70.5696    1.0397   -1.0 415.328383  1.055471
sounding_170_083       70.6227    1.6515   -1.0 415.261934  0.341079
sounding_170_084       70.6739    2.2658   -1.0 415.209469  0.083810
sounding_170_085       70.7235    2.8828   -1.0 415.172958  0.178993
sounding_170_086       70.7713    3.5022   -1.0 415.143013  1.721120
sounding_170_087       70.8173    4.1241   -1.0 415.112045 -1.062383
sounding_170_088       70.8616    4.7483   -1.0 415.089429  1.661258
sounding_170_089       70.9041    5.3747   -1.0 415.094526 -1.025799
sounding_171_083       70.8258    1.4929   -1.0 415.249070 -1.433207
sounding_171_084       70.8775    2.1122   -1.0 415.210296 -0.352363
sounding_171_085       70.9274    2.7341   -1.0 415.169282 -0.764577
sounding_171_086       70.9755    3.3585   -1.0 415.128748 -0.087892
sounding_171_087       71.0218    3.9854   -1.0 415.098548 -0.692617
sounding_171_088       71.0664    4.6147   -1.0 415.099287 -0.499400
