sounding_168_035       65.9675  -23.3239   -1.0 411.623910 -1.187236
sounding_168_036       66.0881  -22.8805   -1.0 411.577542 -1.252383
sounding_169_034       66.0248  -24.0644   -1.0 411.634431 -0.287108
sounding_169_035       66.1471  -23.6231   -1.0 411.615666  0.091053
sounding_169_036       66.2682  -23.1782   -1.0 411.576893  0.136065
sounding_169_037       66.3882  -22.7295   -1.0 411.495907  0.250664
sounding_169_038       66.5069  -22.2773   -1.0 411.373656 -0.315049
sounding_170_035       66.3259  -23.9260   -1.0 411.609804  0.878136
sounding_170_036       66.4477  -23.4795   -1.0 411.570237 -1.510918
sounding_170_037       66.5682  -23.0294   -1.0 411.500555 -0.950962
sounding_170_038       66.6876  -22.5755   -1.0 411.397130 -0.596106
sounding_170_039       66.8058  -22.1179   -1.0 411.273330  0.202889
sounding_171_035       66.5041  -24.2325   -1.0 411.613938 -0.197894
sounding_171_036       66.6265  -23.7846   -1.0 411.571992  1.120581
sounding_171_037       66.7476  -23.3330   -1.0 411.510585  1.031595
sounding_171_038       66.8676  -22.8775   -1.0 411.423577  0.130596
sounding_171_039       66.9864  -22.4183   -1.0 411.320726  2.544571
sounding_171_040       67.1039  -21.9553   -1.0 411.216933 -0.241054
