sounding_140_010       57.7446  -25.4598   -1.0 415.437774  0.678162
sounding_141_008       57.6628  -26.3826   -1.0 415.454822 -1.309080
sounding_141_009       57.7948  -26.0449   -1.0 415.416330 -1.131959
sounding_141_010       57.9260  -25.7049   -1.0 415.374730 -0.365306
sounding_141_011       58.0564  -25.3625   -1.0 415.339328  0.271418
sounding_142_008       57.8426  -26.6315   -1.0 415.397542 -0.904666
sounding_142_009       57.9752  -26.2930   -1.0 415.358526 -1.403314
sounding_142_010       58.1070  -25.9523   -1.0 415.326844  0.079670
sounding_142_011       58.2378  -25.6092   -1.0 415.304600  0.877603
sounding_142_012       58.3678  -25.2637   -1.0 415.289349 -0.327029
sounding_143_008       58.0218  -26.8827   -1.0 415.348331 -1.595988
sounding_143_009       58.1550  -26.5435   -1.0 415.324706  0.811082
sounding_143_010       58.2874  -26.2020   -1.0 415.310363  0.060102
sounding_143_011       58.4188  -25.8581   -1.0 415.297357  0.846805
sounding_143_012       58.5493  -25.5119   -1.0 415.282657  0.302051
sounding_143_013       58.6790  -25.1633   -1.0 415.270597  1.103206
sounding_143_014       58.8077  -24.8123   -1.0 415.265036  1.371165
sounding_144_008       58.2006  -27.1361   -1.0 415.325515  0.114724
sounding_144_009       58.3343  -26.7963   -1.0 415.314061  0.297498
sounding_144_010       58.4672  -26.4540   -1.0 415.304221  1.381959
sounding_144_011       58.5992  -26.1094   -1.0 415.292642  0.442842
sounding_144_012       58.7303  -25.7624   -1.0 415.282116 -0.004734
sounding_144_013       58.8605  -25.4130   -1.0 415.278445  2.462642
sounding_144_014       58.9898  -25.0612   -1.0 415.284076 -0.351587
sounding_144_015       59.1182  -24.7070   -1.0 415.296498 -0.648067
sounding_145_005       57.9706  -28.3994   -1.0 415.352014  0.713046
sounding_145_007       58.2436  -27.7302   -1.0 415.326181  1.029111
sounding_145_008       58.3788  -27.3920   -1.0 415.318976 -1.438000
sounding_145_009       58.5131  -27.0514   -1.0 415.310469  0.729430
sounding_145_010       58.6466  -26.7085   -1.0 415.301956  0.480247
sounding_145_011       58.7791  -26.3631   -1.0 415.298461 -0.704721
sounding_145_012       58.9108  -26.0153   -1.0 415.306209 -0.071985
sounding_145_013       59.0416  -25.6651   -1.0 415.323067 -0.598751
sounding_145_014       59.1715  -25.3125   -1.0 415.343841  0.615274
sounding_145_015       59.3004  -24.9574   -1.0 415.365561 -0.861349
sounding_145_016       59.4284  -24.5998   -1.0 415.387563  0.714005
sounding_145_017       59.5555  -24.2399   -1.0 415.412286 -0.066872
sounding_146_005       58.1465  -28.6595   -1.0 415.334246 -1.116098
sounding_146_006       58.2840  -28.3255   -1.0 415.327857 -1.671720
sounding_146_007       58.4207  -27.9890   -1.0 415.324837 -0.920610
sounding_146_008       58.5564  -27.6502   -1.0 415.320130 -0.861982
sounding_146_009       58.6913  -27.3090   -1.0 415.315658 -1.446721
sounding_146_010       58.8254  -26.9653   -1.0 415.321359 -0.023332
sounding_146_011       58.9585  -26.6192   -1.0 415.342424 -0.669242
sounding_146_012       59.0907  -26.2707   -1.0 415.373747 -0.863860
sounding_146_014       59.3525  -25.5662   -1.0 415.437758  0.959241
sounding_146_015       59.4820  -25.2103   -1.0 415.466255 -2.255206
sounding_146_016       59.6106  -24.8519   -1.0 415.492642  0.344085
sounding_146_017       59.7383  -24.4910   -1.0 415.519556 -0.052250
sounding_146_018       59.8649  -24.1276   -1.0 415.548267 -0.906544
sounding_147_005       58.3219  -28.9220   -1.0 415.332454  0.663288
sounding_147_006       58.4600  -28.5874   -1.0 415.332625 -0.575766
sounding_147_007       58.5972  -28.2503   -1.0 415.332036  0.741385
sounding_147_008       58.7335  -27.9109   -1.0 415.332137 -0.322412
sounding_147_009       58.8690  -27.5690   -1.0 415.346265  1.618585
sounding_147_010       59.0036  -27.2246   -1.0 415.379552 -0.728809
sounding_147_011       59.1373  -26.8778   -1.0 415.424851  0.801764
sounding_147_012       59.2701  -26.5285   -1.0 415.469432  0.036614
sounding_147_013       59.4021  -26.1767   -1.0 415.507378  0.564948
sounding_147_014       59.5331  -25.8224   -1.0 415.540089 -0.055192
sounding_147_015       59.6631  -25.4657   -1.0 415.570015  0.809624
sounding_147_016       59.7923  -25.1063   -1.0 415.595292 -0.270487
sounding_147_017       59.9205  -24.7446   -1.0 415.616328  1.324004
sounding_147_018       60.0478  -24.3802   -1.0 415.629693 -0.540256
sounding_147_019       60.1740  -24.0133   -1.0 415.629398 -1.704609
sounding_147_020       60.2994  -23.6439   -1.0 415.618345 -1.175824
sounding_148_005       58.4967  -29.1869   -1.0 415.340877 -0.279457
sounding_148_006       58.6354  -28.8517   -1.0 415.344983  0.332128
sounding_148_007       58.7732  -28.5141   -1.0 415.349591 -0.705686
sounding_148_008       58.9101  -28.1740   -1.0 415.367427  0.398264
sounding_148_009       59.0461  -27.8314   -1.0 415.408378  0.547261
sounding_148_010       59.1813  -27.4864   -1.0 415.465943 -0.888842
sounding_148_011       59.3156  -27.1388   -1.0 415.522129 -0.226424
sounding_148_012       59.4490  -26.7888   -1.0 415.562728 -1.794480
sounding_148_013       59.5815  -26.4362   -1.0 415.590915  0.167548
sounding_148_014       59.7131  -26.0812   -1.0 415.613793 -1.048760
sounding_148_015       59.8437  -25.7235   -1.0 415.637296  0.064794
sounding_148_016       59.9734  -25.3634   -1.0 415.657495 -0.768973
sounding_148_017       60.1022  -25.0007   -1.0 415.670534  0.674284
sounding_148_018       60.2300  -24.6354   -1.0 415.671638  0.752931
sounding_148_019       60.3569  -24.2676   -1.0 415.661351 -0.570448
sounding_148_020       60.4828  -23.8971   -1.0 415.648831  1.336466
sounding_148_021       60.6077  -23.5241   -1.0 415.643679  0.984540
sounding_149_006       58.8102  -29.1185   -1.0 415.365293 -0.158358
sounding_149_007       58.9485  -28.7802   -1.0 415.384885  0.826173
sounding_149_008       59.0860  -28.4395   -1.0 415.428519 -1.034677
sounding_149_009       59.2227  -28.0963   -1.0 415.492642  2.058569
sounding_149_010       59.3584  -27.7506   -1.0 415.557813 -0.107932
sounding_149_011       59.4933  -27.4023   -1.0 415.602213 -1.896796
sounding_149_012       59.6273  -27.0516   -1.0 415.621344  0.084561
sounding_149_013       59.7603  -26.6983   -1.0 415.631859 -0.752814
sounding_149_014       59.8925  -26.3424   -1.0 415.645750  1.290055
sounding_149_015       60.0237  -25.9840   -1.0 415.667611  0.101796
sounding_149_016       60.1540  -25.6230   -1.0 415.691036 -0.886380
sounding_149_017       60.2834  -25.2594   -1.0 415.707642 -0.351860
sounding_149_018       60.4117  -24.8932   -1.0 415.716710 -0.867062
sounding_150_007       59.1234  -29.0489   -1.0 415.442767 -0.608817
sounding_150_008       59.2614  -28.7076   -1.0 415.509898 -0.573541
sounding_150_009       59.3987  -28.3637   -1.0 415.579291  0.855556
sounding_150_010       59.5350  -28.0174   -1.0 415.623696 -1.082055
sounding_150_011       59.6704  -27.6684   -1.0 415.637517  0.652850
sounding_150_012       59.8050  -27.3169   -1.0 415.642377 -0.219933
sounding_150_013       59.9386  -26.9629   -1.0 415.654674  0.271930
sounding_150_014       60.0714  -26.6062   -1.0 415.681027  0.801308
sounding_151_008       59.4362  -28.9781   -1.0 415.594573  0.486551
sounding_151_009       59.5740  -28.6337   -1.0 415.639428 -0.324075
sounding_151_010       59.7110  -28.2867   -1.0 415.647688 -1.738894
sounding_151_011       59.8470  -27.9370   -1.0 415.649051 -0.576076
sounding_152_010       59.8863  -28.5585   -1.0 415.663917 -0.037783
sounding_154_014       60.7810  -27.6877   -1.0 416.018153  1.212021
sounding_155_029       62.8749  -22.2216   -1.0 416.101735 -1.931251
sounding_155_030       62.9945  -21.8157   -1.0 416.111740  0.958648
sounding_156_023       62.3155  -24.8679   -1.0 416.108956  1.899998
sounding_156_024       62.4420  -24.4783   -1.0 416.114115  0.816003
sounding_156_028       62.9377  -22.8908   -1.0 416.091929  1.123351
sounding_156_029       63.0590  -22.4866   -1.0 416.098598 -1.097897
sounding_156_030       63.1791  -22.0794   -1.0 416.114375 -0.196805
sounding_156_031       63.2982  -21.6693   -1.0 416.130439 -1.110247
sounding_156_032       63.4162  -21.2561   -1.0 416.138924  1.497571
sounding_157_019       61.9770  -26.6759   -1.0 416.067654  2.217185
sounding_157_023       62.4956  -25.1427   -1.0 416.113586  0.512273
sounding_157_028       63.1206  -23.1600   -1.0 416.090151 -1.281967
sounding_157_029       63.2425  -22.7545   -1.0 416.093753  0.146271
sounding_157_030       63.3633  -22.3460   -1.0 416.105573  0.058932
sounding_157_031       63.4829  -21.9346   -1.0 416.122080 -0.470241
sounding_157_032       63.6015  -21.5201   -1.0 416.139024 -0.347016
sounding_157_033       63.7189  -21.1025   -1.0 416.151435  0.218084
sounding_157_034       63.8353  -20.6820   -1.0 416.150476  1.758940
sounding_158_027       63.1795  -23.8359   -1.0 416.106554 -0.277817
sounding_158_028       63.3030  -23.4322   -1.0 416.102812 -0.250192
sounding_158_029       63.4254  -23.0255   -1.0 416.100782 -1.138547
sounding_158_030       63.5468  -22.6157   -1.0 416.103962 -0.244587
sounding_158_031       63.6670  -22.2029   -1.0 416.112052  0.413521
sounding_158_032       63.7862  -21.7870   -1.0 416.123094  0.142691
sounding_158_033       63.9042  -21.3680   -1.0 416.141410 -0.963750
sounding_158_034       64.0211  -20.9460   -1.0 416.154501 -0.999869
sounding_158_035       64.1369  -20.5209   -1.0 416.141044  1.185823
sounding_159_027       63.3606  -24.1123   -1.0 416.130250  0.636781
sounding_159_028       63.4847  -23.7074   -1.0 416.128123 -1.133005
sounding_159_029       63.6078  -23.2995   -1.0 416.119889 -0.852129
sounding_159_030       63.7297  -22.8884   -1.0 416.114675 -0.459455
sounding_159_031       63.8505  -22.4743   -1.0 416.113553 -0.498435
sounding_159_032       63.9703  -22.0570   -1.0 416.119654  1.893542
sounding_159_033       64.0888  -21.6367   -1.0 416.141209 -2.115510
sounding_159_034       64.2063  -21.2132   -1.0 416.152944 -0.443934
sounding_159_035       64.3227  -20.7866   -1.0 416.124701  0.718126
sounding_159_036       64.4379  -20.3568   -1.0 416.065581  1.002012
sounding_159_037       64.5519  -19.9240   -1.0 416.013529  0.537817
sounding_160_027       63.5412  -24.3918   -1.0 416.160527 -0.254732
sounding_160_028       63.6659  -23.9857   -1.0 416.161636 -0.877438
sounding_160_029       63.7895  -23.5765   -1.0 416.148990  0.191522
sounding_160_030       63.9120  -23.1642   -1.0 416.137525 -0.383514
sounding_160_031       64.0334  -22.7488   -1.0 416.137339  1.246505
sounding_160_032       64.1537  -22.3301   -1.0 416.150410 -0.141067
sounding_160_033       64.2729  -21.9084   -1.0 416.172118 -1.432810
sounding_160_034       64.3910  -21.4834   -1.0 416.182394  1.592614
sounding_160_035       64.5079  -21.0553   -1.0 416.143131 -1.334427
sounding_160_036       64.6237  -20.6240   -1.0 416.069588 -2.004280
sounding_160_037       64.7383  -20.1896   -1.0 416.022834 -0.128954
sounding_160_038       64.8517  -19.7519   -1.0 416.034199 -2.557544
sounding_161_027       63.7211  -24.6744   -1.0 416.189230  1.021066
sounding_161_028       63.8464  -24.2672   -1.0 416.197795  0.221268
sounding_161_029       63.9706  -23.8568   -1.0 416.186424  1.044878
sounding_161_030       64.0937  -23.4431   -1.0 416.175094 -0.369557
sounding_161_031       64.2157  -23.0264   -1.0 416.180724 -0.103456
sounding_161_032       64.3366  -22.6064   -1.0 416.202204 -0.032109
sounding_161_033       64.4564  -22.1832   -1.0 416.223135  1.591918
sounding_161_034       64.5750  -21.7568   -1.0 416.225694  0.044031
sounding_161_035       64.6925  -21.3272   -1.0 416.198038 -0.208042
sounding_161_038       65.0381  -20.0190   -1.0 416.144971 -1.552894
sounding_161_040       65.2625  -19.1307   -1.0 416.156554  0.623578
sounding_162_027       63.9004  -24.9601   -1.0 416.209850  0.890587
sounding_162_028       64.0263  -24.5518   -1.0 416.230329 -0.227232
sounding_162_029       64.1511  -24.1401   -1.0 416.227385 -0.514357
sounding_162_030       64.2748  -23.7253   -1.0 416.221400 -0.344086
sounding_162_031       64.3974  -23.3072   -1.0 416.229862  1.418591
sounding_162_032       64.5189  -22.8859   -1.0 416.251471  1.215193
sounding_162_033       64.6392  -22.4613   -1.0 416.262542  1.921601
sounding_162_034       64.7585  -22.0335   -1.0 416.252532 -0.192237
sounding_162_035       64.8766  -21.6024   -1.0 416.240488  0.266613
sounding_162_040       65.4495  -19.3976   -1.0 416.212293  0.690535
sounding_162_041       65.5604  -18.9468   -1.0 416.175066  0.689470
sounding_163_026       63.9515  -25.6554   -1.0 416.165181  1.359817
sounding_163_027       64.0790  -25.2491   -1.0 416.217965  0.573524
sounding_163_028       64.2055  -24.8395   -1.0 416.253309 -0.135143
sounding_163_029       64.3309  -24.4267   -1.0 416.263656  0.318598
sounding_163_030       64.4552  -24.0106   -1.0 416.261760 -0.499926
sounding_163_031       64.5784  -23.5913   -1.0 416.262265  0.318430
sounding_163_032       64.7005  -23.1686   -1.0 416.271763  0.093206
sounding_163_033       64.8215  -22.7427   -1.0 416.277455  0.131474
sounding_163_034       64.9413  -22.3134   -1.0 416.272172  0.892811
sounding_163_035       65.0600  -21.8808   -1.0 416.264879  1.273993
sounding_163_038       65.4090  -20.5631   -1.0 416.290761 -0.134056
sounding_163_039       65.5230  -20.1172   -1.0 416.266577 -0.352470
sounding_163_040       65.6358  -19.6679   -1.0 416.232259 -0.337544
sounding_163_041       65.7473  -19.2152   -1.0 416.199917  1.915356
sounding_163_042       65.8577  -18.7593   -1.0 416.213059 -0.836128
sounding_164_027       64.2570  -25.5413   -1.0 416.214462 -1.223792
sounding_164_028       64.3841  -25.1306   -1.0 416.264847 -0.124803
sounding_164_029       64.5101  -24.7166   -1.0 416.289786  0.978652
sounding_164_030       64.6350  -24.2993   -1.0 416.290059  1.062974
sounding_164_031       64.7588  -23.8787   -1.0 416.277258  0.076061
sounding_164_032       64.8815  -23.4547   -1.0 416.277976 -0.101834
sounding_164_037       65.4778  -21.2843   -1.0 416.291804 -0.095155
sounding_164_038       65.5936  -20.8401   -1.0 416.295214 -0.268007
sounding_164_039       65.7082  -20.3925   -1.0 416.268560  0.498913
sounding_164_040       65.8215  -19.9415   -1.0 416.241600  0.458233
sounding_164_041       65.9337  -19.4870   -1.0 416.228094  0.036849
sounding_164_042       66.0446  -19.0292   -1.0 416.222805 -0.270394
sounding_164_043       66.1542  -18.5679   -1.0 416.245104 -0.380430
sounding_164_044       66.2627  -18.1032   -1.0 416.267621  0.133804
sounding_165_028       64.5621  -25.4250   -1.0 416.262977  0.247092
sounding_165_029       64.6887  -25.0098   -1.0 416.300393 -0.020138
sounding_165_030       64.8142  -24.5912   -1.0 416.312083  0.652396
sounding_165_031       64.9386  -24.1693   -1.0 416.307950  0.259467
sounding_165_032       65.0619  -23.7441   -1.0 416.312818 -0.664297
sounding_165_036       65.5437  -22.0088   -1.0 416.222707  1.311287
sounding_165_037       65.6612  -21.5664   -1.0 416.222692 -0.564124
sounding_165_038       65.7775  -21.1205   -1.0 416.250177  0.282025
sounding_165_039       65.8927  -20.6712   -1.0 416.252247 -1.220111
sounding_165_040       66.0066  -20.2184   -1.0 416.237586 -1.755982
sounding_165_041       66.1194  -19.7622   -1.0 416.235221 -1.423336
sounding_165_042       66.2309  -19.3026   -1.0 416.229125 -1.473117
sounding_165_043       66.3411  -18.8394   -1.0 416.221639 -0.739947
sounding_165_044       66.4501  -18.3727   -1.0 416.221206  0.430799
sounding_165_045       66.5578  -17.9026   -1.0 416.228609 -0.975013
sounding_166_030       64.9927  -24.8866   -1.0 416.327571 -0.485655
sounding_166_031       65.1177  -24.4634   -1.0 416.339675 -0.659358
sounding_166_032       65.2416  -24.0368   -1.0 416.342717 -0.585397
sounding_166_035       65.6065  -22.7363   -1.0 416.231880 -0.174688
sounding_166_036       65.7258  -22.2958   -1.0 416.144579  2.429570
sounding_166_037       65.8439  -21.8519   -1.0 416.115235 -0.698018
sounding_166_038       65.9609  -21.4044   -1.0 416.153273  0.568099
sounding_166_039       66.0766  -20.9534   -1.0 416.194765 -0.291706
sounding_166_040       66.1911  -20.4989   -1.0 416.198176  1.376279
sounding_166_041       66.3045  -20.0409   -1.0 416.190236 -1.250784
sounding_166_042       66.4165  -19.5794   -1.0 416.180327  0.171669
sounding_166_043       66.5274  -19.1143   -1.0 416.178412 -0.221465
sounding_166_044       66.6369  -18.6457   -1.0 416.192338 -1.053430
sounding_166_045       66.7452  -18.1735   -1.0 416.218576 -0.053997
sounding_166_046       66.8523  -17.6979   -1.0 416.246828  0.777612
sounding_166_047       66.9580  -17.2187   -1.0 416.266622  0.475045
sounding_167_031       65.2961  -24.7610   -1.0 416.356934 -0.345630
sounding_167_032       65.4206  -24.3331   -1.0 416.344512  1.828739
sounding_167_033       65.5440  -23.9017   -1.0 416.303688 -2.618566
sounding_167_034       65.6663  -23.4668   -1.0 416.232694 -1.490523
sounding_167_035       65.7873  -23.0283   -1.0 416.146836  0.976619
sounding_167_037       66.0260  -22.1408   -1.0 416.042182 -0.801518
sounding_167_038       66.1435  -21.6918   -1.0 416.073992  1.292158
sounding_167_039       66.2599  -21.2391   -1.0 416.121306 -0.789117
sounding_167_040       66.3750  -20.7829   -1.0 416.127569  0.395318
sounding_167_041       66.4889  -20.3231   -1.0 416.120460  1.246586
sounding_167_042       66.6016  -19.8597   -1.0 416.119561  2.003599
sounding_167_043       66.7130  -19.3928   -1.0 416.136193  0.748297
sounding_167_044       66.8232  -18.9222   -1.0 416.168632  0.928624
sounding_167_045       66.9320  -18.4480   -1.0 416.204960 -0.155142
sounding_167_046       67.0396  -17.9703   -1.0 416.236533 -0.150898
sounding_167_047       67.1459  -17.4889   -1.0 416.256234 -0.610830
sounding_167_048       67.2509  -17.0039   -1.0 416.262670 -0.396136
sounding_168_032       65.5990  -24.6328   -1.0 416.349893 -1.295494
sounding_168_033       65.7230  -24.2001   -1.0 416.301852  0.130409
sounding_168_034       65.8458  -23.7638   -1.0 416.211828 -0.053452
sounding_168_035       65.9675  -23.3239   -1.0 416.119598 -0.908751
sounding_168_037       66.2074  -22.4334   -1.0 416.025732  0.947208
sounding_168_038       66.3256  -21.9827   -1.0 416.042025 -0.879702
sounding_168_039       66.4425  -21.5284   -1.0 416.065717  0.308315
sounding_168_040       66.5582  -21.0705   -1.0 416.065529 -0.034147
sounding_168_041       66.6727  -20.6089   -1.0 416.060720 -0.700504
sounding_168_042       66.7860  -20.1437   -1.0 416.066667 -1.453372
sounding_168_043       66.8980  -19.6748   -1.0 416.088538  0.679984
sounding_168_044       67.0088  -19.2023   -1.0 416.121310 -2.225216
sounding_168_045       67.1182  -18.7261   -1.0 416.154317  0.673729
sounding_168_046       67.2264  -18.2462   -1.0 416.181008 -0.367853
sounding_168_047       67.3333  -17.7627   -1.0 416.197307  0.563277
sounding_168_048       67.4389  -17.2755   -1.0 416.202202 -0.864990
sounding_168_049       67.5431  -16.7847   -1.0 416.193117  1.011450
sounding_169_036       66.2682  -23.1782   -1.0 416.080756 -0.307842
sounding_169_037       66.3882  -22.7295   -1.0 416.038383  0.799443
sounding_169_038       66.5069  -22.2773   -1.0 416.035646 -0.583399
sounding_169_039       66.6245  -21.8213   -1.0 416.035947 -0.387240
sounding_169_040       66.7408  -21.3617   -1.0 416.025667  0.025871
sounding_169_041       66.8559  -20.8983   -1.0 416.017633  1.343153
sounding_169_042       66.9698  -20.4313   -1.0 416.018187 -0.005695
sounding_169_043       67.0824  -19.9605   -1.0 416.028233 -0.260407
sounding_169_044       67.1937  -19.4860   -1.0 416.045667 -2.304538
sounding_169_045       67.3038  -19.0078   -1.0 416.068589 -0.567292
sounding_169_046       67.4125  -18.5259   -1.0 416.090753  0.352974
sounding_169_047       67.5200  -18.0402   -1.0 416.105375 -1.293053
sounding_169_048       67.6262  -17.5508   -1.0 416.108284  0.347733
sounding_169_049       67.7310  -17.0577   -1.0 416.098331 -0.733511
sounding_169_050       67.8345  -16.5609   -1.0 416.074716 -0.111130
sounding_169_051       67.9366  -16.0603   -1.0 416.038006 -0.165077
sounding_170_035       66.3259  -23.9260   -1.0 416.160854 -1.671734
sounding_170_037       66.5682  -23.0294   -1.0 416.054851 -0.164461
sounding_170_038       66.6876  -22.5755   -1.0 416.032055 -1.270641
sounding_170_039       66.8058  -22.1179   -1.0 416.014446  0.281846
sounding_170_040       66.9227  -21.6566   -1.0 415.995993  0.882971
sounding_170_041       67.0384  -21.1915   -1.0 415.981426  0.142571
sounding_170_042       67.1529  -20.7226   -1.0 415.973022  0.181981
sounding_170_043       67.2661  -20.2499   -1.0 415.970734  1.154338
sounding_170_044       67.3780  -19.7735   -1.0 415.974492  1.987053
sounding_170_045       67.4887  -19.2932   -1.0 415.987667 -0.736905
sounding_170_046       67.5981  -18.8092   -1.0 416.004667 -0.187259
sounding_170_047       67.7061  -18.3214   -1.0 416.015981  1.450607
sounding_170_048       67.8128  -17.8298   -1.0 416.016730 -1.058439
sounding_170_049       67.9182  -17.3344   -1.0 416.009389 -0.588736
sounding_170_050       68.0223  -16.8352   -1.0 415.995895  1.053480
sounding_170_051       68.1250  -16.3323   -1.0 415.976785  1.445544
sounding_170_052       68.2263  -15.8255   -1.0 415.956780 -1.260739
sounding_171_037       66.7476  -23.3330   -1.0 416.045652  0.664119
sounding_171_038       66.8676  -22.8775   -1.0 416.016815  0.355463
sounding_171_039       66.9864  -22.4183   -1.0 415.994237  0.559069
sounding_171_040       67.1039  -21.9553   -1.0 415.975707  1.608630
sounding_171_041       67.2203  -21.4884   -1.0 415.962242 -1.557775
sounding_171_042       67.3353  -21.0177   -1.0 415.953563 -0.623001
sounding_171_043       67.4492  -20.5431   -1.0 415.948382 -0.792078
sounding_171_044       67.5617  -20.0647   -1.0 415.947171  0.593651
sounding_171_045       67.6729  -19.5825   -1.0 415.952796 -0.137258
sounding_171_046       67.7829  -19.0964   -1.0 415.963361 -0.162979
sounding_171_047       67.8916  -18.6064   -1.0 415.971172 -0.283632
sounding_171_048       67.9989  -18.1126   -1.0 415.970514 -0.372596
sounding_171_049       68.1049  -17.6149   -1.0 415.965083  0.995617
sounding_171_050       68.2095  -17.1134   -1.0 415.960511  0.333781
sounding_171_051       68.3128  -16.6080   -1.0 415.960892  0.942360
sounding_171_052       68.4147  -16.0987   -1.0 415.970829 -0.459688
sounding_171_053       68.5152  -15.5856   -1.0 415.994821 -0.618721
sounding_171_054       68.6143  -15.0687   -1.0 416.035241  0.495948
