sounding_145_008       58.3788  -27.3920   -1.0 409.226989  0.984783
sounding_146_008       58.5564  -27.6502   -1.0 409.224093  0.965765
sounding_146_009       58.6913  -27.3090   -1.0 409.245215  0.416482
sounding_147_008       58.7335  -27.9109   -1.0 409.234499  0.470407
sounding_147_009       58.8690  -27.5690   -1.0 409.248346 -0.182273
sounding_147_010       59.0036  -27.2246   -1.0 409.267943  1.094669
sounding_147_011       59.1373  -26.8778   -1.0 409.313626 -1.599940
sounding_148_009       59.0461  -27.8314   -1.0 409.274798 -0.042521
sounding_148_010       59.1813  -27.4864   -1.0 409.278883 -0.368280
sounding_148_011       59.3156  -27.1388   -1.0 409.301874  1.033078
sounding_148_012       59.4490  -26.7888   -1.0 409.369176  0.113530
sounding_148_013       59.5815  -26.4362   -1.0 409.497436  0.683706
sounding_149_009       59.2227  -28.0963   -1.0 409.315122 -0.739350
sounding_149_010       59.3584  -27.7506   -1.0 409.314328 -1.018337
sounding_149_011       59.4933  -27.4023   -1.0 409.319468 -0.618812
sounding_149_012       59.6273  -27.0516   -1.0 409.362263  0.067862
sounding_149_013       59.7603  -26.6983   -1.0 409.471736 -0.117641
sounding_150_009       59.3987  -28.3637   -1.0 409.350866  0.820477
sounding_150_010       59.5350  -28.0174   -1.0 409.357092  0.928955
sounding_150_011       59.6704  -27.6684   -1.0 409.355120 -0.387192
sounding_150_012       59.8050  -27.3169   -1.0 409.378210 -0.735239
sounding_150_013       59.9386  -26.9629   -1.0 409.465805 -1.214385
sounding_150_014       60.0714  -26.6062   -1.0 409.615327 -0.170517
sounding_151_005       59.0177  -29.9963   -1.0 409.118153 -1.042090
sounding_151_009       59.5740  -28.6337   -1.0 409.369540  0.858327
sounding_151_010       59.7110  -28.2867   -1.0 409.387824 -0.649816
sounding_151_011       59.8470  -27.9370   -1.0 409.390564  1.248031
sounding_151_012       59.9821  -27.5848   -1.0 409.406794  2.395331
sounding_151_013       60.1163  -27.2300   -1.0 409.476995  0.581044
sounding_151_014       60.2497  -26.8726   -1.0 409.612907  0.436790
sounding_152_005       59.1901  -30.2711   -1.0 409.120409  0.610870
sounding_152_006       59.3311  -29.9337   -1.0 409.165732  0.733891
sounding_152_007       59.4712  -29.5938   -1.0 409.239170  1.264267
sounding_152_009       59.7488  -28.9062   -1.0 409.371429 -0.814057
sounding_152_010       59.8863  -28.5585   -1.0 409.400076  0.598056
sounding_152_011       60.0230  -28.2083   -1.0 409.414832 -0.541415
sounding_152_012       60.1587  -27.8554   -1.0 409.437103 -0.573164
sounding_152_013       60.2935  -27.4998   -1.0 409.498719  0.180324
sounding_152_014       60.4274  -27.1417   -1.0 409.618868 -0.489570
sounding_153_005       59.3620  -30.5484   -1.0 409.117138  0.442978
sounding_153_006       59.5035  -30.2105   -1.0 409.159648 -0.712598
sounding_153_007       59.6442  -29.8701   -1.0 409.230350  2.551959
sounding_153_008       59.7841  -29.5270   -1.0 409.306803 -0.535224
sounding_153_009       59.9230  -29.1813   -1.0 409.363403 -0.401276
sounding_153_010       60.0611  -28.8330   -1.0 409.397986 -0.817030
sounding_153_011       60.1983  -28.4821   -1.0 409.425837 -0.620264
sounding_153_012       60.3346  -28.1285   -1.0 409.461527 -0.292284
sounding_153_013       60.4700  -27.7723   -1.0 409.522170 -2.092705
sounding_153_014       60.6045  -27.4134   -1.0 409.626160  2.076710
sounding_154_005       59.5332  -30.8283   -1.0 409.113847  1.346290
sounding_154_006       59.6753  -30.4899   -1.0 409.153548  1.086277
sounding_154_007       59.8166  -30.1489   -1.0 409.221607 -0.439486
sounding_154_008       59.9571  -29.8053   -1.0 409.294744 -1.153913
sounding_154_009       60.0966  -29.4591   -1.0 409.351601 -1.217291
sounding_154_010       60.2353  -29.1102   -1.0 409.389228 -0.356827
sounding_154_011       60.3731  -28.7586   -1.0 409.427107 -0.127374
sounding_154_012       60.5100  -28.4044   -1.0 409.475113 -1.307282
sounding_154_013       60.6460  -28.0474   -1.0 409.539949 -0.262623
sounding_154_014       60.7810  -27.6877   -1.0 409.631610 -1.606291
sounding_155_005       59.7038  -31.1108   -1.0 409.142623 -0.193426
sounding_155_006       59.8465  -30.7719   -1.0 409.164031  0.885522
sounding_155_007       59.9884  -30.4304   -1.0 409.222067 -1.728949
sounding_155_008       60.1294  -30.0863   -1.0 409.285933 -0.833186
sounding_155_009       60.2696  -29.7395   -1.0 409.337001  0.787824
sounding_155_010       60.4089  -29.3900   -1.0 409.375838 -0.635753
sounding_155_011       60.5472  -29.0378   -1.0 409.423282 -1.298851
sounding_155_012       60.6847  -28.6829   -1.0 409.480415 -0.914135
sounding_155_013       60.8213  -28.3252   -1.0 409.550292  0.565363
sounding_155_014       60.9570  -27.9648   -1.0 409.634746 -0.731998
sounding_156_007       60.1596  -30.7146   -1.0 409.230354 -0.240267
sounding_156_008       60.3012  -30.3699   -1.0 409.280257  0.295920
sounding_156_009       60.4419  -30.0225   -1.0 409.320815 -1.849081
sounding_156_010       60.5818  -29.6725   -1.0 409.356270  4.161011
sounding_156_011       60.7208  -29.3197   -1.0 409.409788 -1.350829
sounding_156_012       60.8588  -28.9641   -1.0 409.477635  0.570192
sounding_156_013       60.9960  -28.6058   -1.0 409.550120  0.637561
sounding_156_014       61.1323  -28.2447   -1.0 409.629247  0.246424
sounding_156_019       61.7994  -26.3972   -1.0 410.054489 -0.449073
sounding_156_023       62.3155  -24.8679   -1.0 410.244882 -2.083941
sounding_156_024       62.4420  -24.4783   -1.0 410.449614  0.017375
sounding_157_009       60.6136  -30.3084   -1.0 409.304333 -0.387694
sounding_157_010       60.7541  -29.9577   -1.0 409.330829  0.875623
sounding_157_011       60.8937  -29.6043   -1.0 409.382495  0.478155
sounding_157_012       61.0323  -29.2481   -1.0 409.461625  0.904587
sounding_157_013       61.1701  -28.8892   -1.0 409.541911 -1.244844
sounding_157_014       61.3070  -28.5274   -1.0 409.616691  0.150711
sounding_157_019       61.9770  -26.6759   -1.0 410.066389 -0.098686
sounding_157_022       62.3674  -25.5304   -1.0 410.108819  0.767681
sounding_157_025       62.7487  -24.3585   -1.0 410.618107  0.492079
sounding_157_026       62.8737  -23.9620   -1.0 410.766432  1.251603
sounding_158_010       60.9258  -30.2457   -1.0 409.303339  2.341585
sounding_158_011       61.0659  -29.8917   -1.0 409.343355  0.196002
sounding_158_012       61.2052  -29.5349   -1.0 409.425054 -1.231253
sounding_158_013       61.3436  -29.1753   -1.0 409.520333 -0.776373
sounding_158_014       61.4810  -28.8129   -1.0 409.601990 -1.752158
sounding_158_019       62.1541  -26.9575   -1.0 410.069759  0.845599
sounding_158_021       62.4165  -26.1949   -1.0 410.108119  0.747631
sounding_158_022       62.5462  -25.8092   -1.0 410.136845 -1.330377
sounding_158_023       62.6750  -25.4205   -1.0 410.231134  2.038979
sounding_158_024       62.8026  -25.0289   -1.0 410.395124  0.349117
sounding_158_025       62.9293  -24.6342   -1.0 410.586727 -2.444191
sounding_158_026       63.0549  -24.2366   -1.0 410.747840  0.023183
sounding_158_027       63.1795  -23.8359   -1.0 410.852738 -0.894626
sounding_158_028       63.3030  -23.4322   -1.0 410.925575 -0.859663
sounding_159_012       61.3774  -29.8245   -1.0 409.366354 -0.628499
sounding_159_013       61.5164  -29.4643   -1.0 409.473290 -0.373243
sounding_159_014       61.6544  -29.1012   -1.0 409.574594 -0.563583
sounding_159_021       62.5941  -26.4776   -1.0 410.128612 -1.426409
sounding_159_022       62.7244  -26.0910   -1.0 410.158898 -0.509031
sounding_159_023       62.8537  -25.7013   -1.0 410.234398  0.752280
sounding_159_025       63.1093  -24.9129   -1.0 410.547997  0.242521
sounding_159_026       63.2355  -24.5141   -1.0 410.725981  0.698447
sounding_159_027       63.3606  -24.1123   -1.0 410.851133  0.193891
sounding_159_028       63.4847  -23.7074   -1.0 410.924604 -1.240976
sounding_159_029       63.6078  -23.2995   -1.0 410.988401  1.498054
sounding_160_013       61.6885  -29.7562   -1.0 409.390712 -1.957838
sounding_160_014       61.8272  -29.3924   -1.0 409.510458  0.236755
sounding_160_020       62.6392  -27.1479   -1.0 410.081656 -0.456364
sounding_160_022       62.9020  -26.3758   -1.0 410.152574  0.219837
sounding_160_023       63.0319  -25.9851   -1.0 410.217957 -0.323754
sounding_160_024       63.1608  -25.5914   -1.0 410.328598  2.313059
sounding_160_025       63.2886  -25.1946   -1.0 410.493457  0.683352
sounding_160_026       63.4154  -24.7948   -1.0 410.682953  1.246378
sounding_160_027       63.5412  -24.3918   -1.0 410.838438 -0.495606
sounding_160_028       63.6659  -23.9857   -1.0 410.928313  0.854819
sounding_160_029       63.7895  -23.5765   -1.0 410.988935  0.380001
sounding_160_030       63.9120  -23.1642   -1.0 411.070913 -0.998191
sounding_160_031       64.0334  -22.7488   -1.0 411.200205 -0.876440
sounding_161_022       63.0789  -26.6636   -1.0 410.120591 -0.866986
sounding_161_023       63.2094  -26.2720   -1.0 410.176856 -0.412340
sounding_161_024       63.3389  -25.8773   -1.0 410.268340  0.901973
sounding_161_025       63.4674  -25.4795   -1.0 410.417190 -0.376385
sounding_161_026       63.5948  -25.0785   -1.0 410.612774  0.755805
sounding_161_027       63.7211  -24.6744   -1.0 410.802346  0.246284
sounding_161_028       63.8464  -24.2672   -1.0 410.930227  0.205440
sounding_161_029       63.9706  -23.8568   -1.0 411.005409 -0.113345
sounding_161_030       64.0937  -23.4431   -1.0 411.079461 -0.270193
sounding_161_031       64.2157  -23.0264   -1.0 411.195185 -1.121032
sounding_161_032       64.3366  -22.6064   -1.0 411.350083  0.251122
sounding_162_021       63.1231  -27.3439   -1.0 410.020750  1.813318
sounding_162_025       63.6454  -25.7674   -1.0 410.322695 -0.965994
sounding_162_026       63.7735  -25.3654   -1.0 410.517875  0.714894
sounding_162_027       63.9004  -24.9601   -1.0 410.738691  0.619980
sounding_162_028       64.0263  -24.5518   -1.0 410.916371  1.741222
sounding_162_029       64.1511  -24.1401   -1.0 411.024010 -0.197108
sounding_162_030       64.2748  -23.7253   -1.0 411.099451 -1.565442
sounding_162_031       64.3974  -23.3072   -1.0 411.192043 -1.153581
sounding_162_032       64.5189  -22.8859   -1.0 411.333935 -1.127461
sounding_162_033       64.6392  -22.4613   -1.0 411.490209  1.375437
sounding_162_034       64.7585  -22.0335   -1.0 411.575143 -0.216683
sounding_163_026       63.9515  -25.6554   -1.0 410.406423  2.396978
sounding_163_027       64.0790  -25.2491   -1.0 410.645451  0.363734
sounding_163_028       64.2055  -24.8395   -1.0 410.871223  0.570291
sounding_163_029       64.3309  -24.4267   -1.0 411.021283 -0.372362
sounding_163_030       64.4552  -24.0106   -1.0 411.112367 -1.052174
sounding_163_031       64.5784  -23.5913   -1.0 411.194503  0.060129
sounding_163_032       64.7005  -23.1686   -1.0 411.310309 -0.807665
sounding_163_033       64.8215  -22.7427   -1.0 411.449946 -0.482434
sounding_163_034       64.9413  -22.3134   -1.0 411.558176 -0.771292
sounding_163_035       65.0600  -21.8808   -1.0 411.589718 -0.787528
sounding_164_024       63.8694  -26.7537   -1.0 410.069944 -0.329623
sounding_164_026       64.1289  -25.9487   -1.0 410.296992 -1.418387
sounding_164_027       64.2570  -25.5413   -1.0 410.531952 -0.238516
sounding_164_028       64.3841  -25.1306   -1.0 410.789824 -1.165169
sounding_164_029       64.5101  -24.7166   -1.0 410.981641  0.566552
sounding_164_030       64.6350  -24.2993   -1.0 411.095451  1.192967
sounding_164_031       64.7588  -23.8787   -1.0 411.171946 -0.269080
sounding_164_032       64.8815  -23.4547   -1.0 411.248327 -0.333441
sounding_164_033       65.0031  -23.0273   -1.0 411.337341 -1.201032
sounding_164_034       65.1235  -22.5967   -1.0 411.433556  1.096575
sounding_164_035       65.2428  -22.1626   -1.0 411.520423  0.125024
sounding_164_036       65.3609  -21.7252   -1.0 411.572186 -0.532689
sounding_164_037       65.4778  -21.2843   -1.0 411.611205  1.799308
sounding_165_027       64.4344  -25.8368   -1.0 410.411798  0.322235
sounding_165_028       64.5621  -25.4250   -1.0 410.681580 -1.673198
sounding_165_029       64.6887  -25.0098   -1.0 410.908208  0.380120
sounding_165_030       64.8142  -24.5912   -1.0 411.039281 -1.030203
sounding_165_031       64.9386  -24.1693   -1.0 411.099956  1.513326
sounding_165_032       65.0619  -23.7441   -1.0 411.133331  0.169319
sounding_165_033       65.1840  -23.3154   -1.0 411.178355  2.384536
sounding_165_034       65.3051  -22.8832   -1.0 411.269295  0.078476
sounding_165_035       65.4249  -22.4477   -1.0 411.395692  0.135385
sounding_165_036       65.5437  -22.0088   -1.0 411.512601 -0.757121
sounding_165_037       65.6612  -21.5664   -1.0 411.607018  0.533659
sounding_165_038       65.7775  -21.1205   -1.0 411.695252  0.480477
sounding_166_027       64.6110  -26.1356   -1.0 410.295405 -0.621060
sounding_166_028       64.7393  -25.7227   -1.0 410.557762 -0.854803
sounding_166_029       64.8666  -25.3063   -1.0 410.808337 -1.678461
sounding_166_030       64.9927  -24.8866   -1.0 410.954517  1.296920
sounding_166_031       65.1177  -24.4634   -1.0 410.994093  1.560597
sounding_166_032       65.2416  -24.0368   -1.0 410.994511 -1.031698
sounding_166_033       65.3644  -23.6068   -1.0 411.029633 -1.199186
sounding_166_034       65.4860  -23.1733   -1.0 411.136245  1.967053
sounding_166_035       65.6065  -22.7363   -1.0 411.291713  0.488734
sounding_166_036       65.7258  -22.2958   -1.0 411.450049 -0.172742
sounding_166_037       65.8439  -21.8519   -1.0 411.584022 -0.226610
sounding_166_038       65.9609  -21.4044   -1.0 411.687972  1.585634
sounding_166_039       66.0766  -20.9534   -1.0 411.777539 -0.671336
sounding_166_040       66.1911  -20.4989   -1.0 411.830052  0.375305
sounding_167_028       64.9159  -26.0238   -1.0 410.423646 -0.275297
sounding_167_029       65.0438  -25.6063   -1.0 410.683586 -0.532294
sounding_167_030       65.1705  -25.1854   -1.0 410.853337 -0.087514
sounding_167_031       65.2961  -24.7610   -1.0 410.894590 -0.918424
sounding_167_032       65.4206  -24.3331   -1.0 410.887946  0.113033
sounding_167_033       65.5440  -23.9017   -1.0 410.922043  0.031446
sounding_167_034       65.6663  -23.4668   -1.0 411.033559  0.132916
sounding_167_035       65.7873  -23.0283   -1.0 411.192458 -0.198906
sounding_167_036       65.9073  -22.5864   -1.0 411.350027 -1.588742
sounding_167_037       66.0260  -22.1408   -1.0 411.483937  0.719503
sounding_167_038       66.1435  -21.6918   -1.0 411.584516 -0.188643
sounding_167_039       66.2599  -21.2391   -1.0 411.689079  2.099354
sounding_167_040       66.3750  -20.7829   -1.0 411.778514  1.058828
sounding_167_041       66.4889  -20.3231   -1.0 411.796104  1.287296
sounding_168_029       65.2203  -25.9097   -1.0 410.536648 -1.173365
sounding_168_030       65.3476  -25.4876   -1.0 410.737369  0.733364
sounding_168_031       65.4739  -25.0620   -1.0 410.817586  1.226377
sounding_168_032       65.5990  -24.6328   -1.0 410.829557 -0.061192
sounding_168_033       65.7230  -24.2001   -1.0 410.861269  0.804626
sounding_168_034       65.8458  -23.7638   -1.0 410.961856 -1.150356
sounding_168_035       65.9675  -23.3239   -1.0 411.107502 -1.070118
sounding_168_036       66.0881  -22.8805   -1.0 411.245508  1.618365
sounding_168_037       66.2074  -22.4334   -1.0 411.352881 -0.976682
sounding_168_038       66.3256  -21.9827   -1.0 411.436472  1.313497
sounding_168_039       66.4425  -21.5284   -1.0 411.544151 -0.179274
sounding_168_040       66.5582  -21.0705   -1.0 411.666336 -0.077990
sounding_168_041       66.6727  -20.6089   -1.0 411.734858  1.422681
sounding_168_042       66.7860  -20.1437   -1.0 411.702970  0.745066
sounding_168_043       66.8980  -19.6748   -1.0 411.582974  0.912104
sounding_169_030       65.5241  -25.7934   -1.0 410.604276 -0.703278
sounding_169_031       65.6510  -25.3666   -1.0 410.741326  0.476004
sounding_169_032       65.7767  -24.9361   -1.0 410.796721 -0.294384
sounding_169_033       65.9013  -24.5021   -1.0 410.847391  0.424116
sounding_169_034       66.0248  -24.0644   -1.0 410.945930 -0.036794
sounding_169_035       66.1471  -23.6231   -1.0 411.081713  1.244678
sounding_169_036       66.2682  -23.1782   -1.0 411.211107 -0.155725
sounding_169_037       66.3882  -22.7295   -1.0 411.293731 -0.102314
sounding_169_038       66.5069  -22.2773   -1.0 411.338115 -1.751011
sounding_169_039       66.6245  -21.8213   -1.0 411.406271 -1.314781
sounding_169_040       66.7408  -21.3617   -1.0 411.520838 -0.729710
sounding_169_041       66.8559  -20.8983   -1.0 411.629891 -0.438330
sounding_169_042       66.9698  -20.4313   -1.0 411.653210 -0.293002
sounding_169_043       67.0824  -19.9605   -1.0 411.558535  1.246478
sounding_169_044       67.1937  -19.4860   -1.0 411.401922 -2.461424
sounding_169_045       67.3038  -19.0078   -1.0 411.262114  0.796404
sounding_170_032       65.9537  -25.2430   -1.0 410.742457 -1.521275
sounding_170_033       66.0789  -24.8077   -1.0 410.831796  0.730056
sounding_170_034       66.2030  -24.3686   -1.0 410.950575 -0.541054
sounding_170_035       66.3259  -23.9260   -1.0 411.095490  0.862374
sounding_170_036       66.4477  -23.4795   -1.0 411.233391  0.147865
sounding_170_037       66.5682  -23.0294   -1.0 411.311996  0.354926
sounding_170_038       66.6876  -22.5755   -1.0 411.316119 -1.462787
sounding_170_039       66.8058  -22.1179   -1.0 411.304626  1.855654
sounding_170_040       66.9227  -21.6566   -1.0 411.349999  0.245591
sounding_170_041       67.0384  -21.1915   -1.0 411.446337 -1.521230
sounding_170_042       67.1529  -20.7226   -1.0 411.511345  0.762775
sounding_170_043       67.2661  -20.2499   -1.0 411.471618 -0.216949
sounding_170_044       67.3780  -19.7735   -1.0 411.342468  0.967159
sounding_170_045       67.4887  -19.2932   -1.0 411.200575 -1.311670
sounding_170_046       67.5981  -18.8092   -1.0 411.106487 -1.042824
sounding_171_031       66.0030  -25.9865   -1.0 410.483888  1.854402
sounding_171_033       66.2558  -25.1169   -1.0 410.771855 -0.926716
sounding_171_034       66.3805  -24.6766   -1.0 410.916420  1.598068
sounding_171_035       66.5041  -24.2325   -1.0 411.083013  1.141982
sounding_171_036       66.6265  -23.7846   -1.0 411.241160  1.339391
sounding_171_037       66.7476  -23.3330   -1.0 411.338121 -1.044833
sounding_171_038       66.8676  -22.8775   -1.0 411.338160  0.767681
sounding_171_039       66.9864  -22.4183   -1.0 411.270313 -0.149871
sounding_171_040       67.1039  -21.9553   -1.0 411.219360 -0.265124
sounding_171_041       67.2203  -21.4884   -1.0 411.241804 -0.240346
sounding_171_042       67.3353  -21.0177   -1.0 411.300628  0.172455
sounding_171_043       67.4492  -20.5431   -1.0 411.329771 -0.121543
sounding_171_044       67.5617  -20.0647   -1.0 411.284656 -0.177830
sounding_171_045       67.6729  -19.5825   -1.0 411.190126 -0.326176
sounding_171_046       67.7829  -19.0964   -1.0 411.086037  0.423514
sounding_171_047       67.8916  -18.6064   -1.0 411.008502 -2.533872
sounding_171_048       67.9989  -18.1126   -1.0 410.975289  0.383974
