sounding_005_005       30.7181   -6.8875   -1.0 415.616312 -1.856183
sounding_005_006       30.7940   -6.6574   -1.0 415.620201 -0.263816
sounding_005_007       30.8692   -6.4266   -1.0 415.609365 -0.040220
sounding_005_008       30.9439   -6.1953   -1.0 415.608832 -0.015533
sounding_005_009       31.0180   -5.9635   -1.0 415.636351 -0.321895
sounding_005_010       31.0914   -5.7311   -1.0 415.685299 -1.902799
sounding_005_011       31.1643   -5.4982   -1.0 415.751618  0.454044
sounding_005_012       31.2366   -5.2647   -1.0 415.794979 -0.653559
sounding_005_013       31.3082   -5.0307   -1.0 415.768309  0.217721
sounding_006_005       30.9158   -6.9764   -1.0 415.532963  0.771089
sounding_006_006       30.9920   -6.7456   -1.0 415.568269  0.164075
sounding_006_007       31.0676   -6.5142   -1.0 415.623697 -1.465646
sounding_006_008       31.1426   -6.2823   -1.0 415.651741  1.529456
sounding_006_009       31.2170   -6.0498   -1.0 415.651753  0.408926
sounding_006_010       31.2907   -5.8168   -1.0 415.661270 -0.220491
sounding_006_011       31.3639   -5.5832   -1.0 415.697637 -0.524882
sounding_006_012       31.4365   -5.3491   -1.0 415.723476 -2.050304
sounding_006_013       31.5084   -5.1144   -1.0 415.700860 -1.174468
sounding_006_014       31.5798   -4.8792   -1.0 415.664571  0.535180
sounding_007_005       31.1136   -7.0658   -1.0 415.432265  0.149819
sounding_007_006       31.1901   -6.8344   -1.0 415.486542  0.301291
sounding_007_007       31.2661   -6.6024   -1.0 415.610208 -0.611500
sounding_007_008       31.3414   -6.3698   -1.0 415.690088  0.039154
sounding_007_009       31.4161   -6.1367   -1.0 415.700096  0.729815
sounding_007_010       31.4902   -5.9031   -1.0 415.680092  1.190201
sounding_007_011       31.5637   -5.6688   -1.0 415.667894  0.577299
sounding_007_012       31.6365   -5.4341   -1.0 415.653074  0.782723
sounding_007_013       31.7088   -5.1988   -1.0 415.625903 -0.662182
sounding_007_014       31.7804   -4.9629   -1.0 415.629541 -1.025915
sounding_007_015       31.8515   -4.7265   -1.0 415.659186  0.992725
sounding_008_005       31.3116   -7.1558   -1.0 415.277713  1.091976
sounding_008_006       31.3884   -6.9237   -1.0 415.363919  1.315767
sounding_008_007       31.4646   -6.6911   -1.0 415.498751 -1.350726
sounding_008_008       31.5403   -6.4580   -1.0 415.617685 -0.467476
sounding_008_009       31.6153   -6.2242   -1.0 415.678217  1.072640
sounding_008_010       31.6897   -5.9899   -1.0 415.679659 -0.790941
sounding_008_011       31.7635   -5.7550   -1.0 415.654547  0.133474
sounding_008_012       31.8367   -5.5196   -1.0 415.621775  0.262845
sounding_008_013       31.9093   -5.2836   -1.0 415.581279  0.618711
sounding_008_014       31.9812   -5.0471   -1.0 415.580039 -0.580777
sounding_008_015       32.0526   -4.8100   -1.0 415.621295  0.323459
sounding_009_005       31.5097   -7.2463   -1.0 415.017354 -0.665838
sounding_009_006       31.5868   -7.0137   -1.0 415.098192  1.102550
sounding_009_007       31.6634   -6.7804   -1.0 415.210392  0.734961
sounding_009_008       31.7393   -6.5466   -1.0 415.352630 -0.911165
sounding_009_009       31.8147   -6.3122   -1.0 415.483269 -1.553209
sounding_009_010       31.8894   -6.0773   -1.0 415.570747  0.268478
sounding_009_011       31.9635   -5.8417   -1.0 415.611718  0.935168
sounding_009_012       32.0370   -5.6056   -1.0 415.607550  1.858282
sounding_009_013       32.1099   -5.3690   -1.0 415.578567 -0.595613
sounding_009_014       32.1822   -5.1318   -1.0 415.562893 -1.765359
sounding_009_015       32.2538   -4.8941   -1.0 415.579378  0.719219
sounding_009_016       32.3248   -4.6558   -1.0 415.606500 -0.268131
sounding_010_005       31.7078   -7.3375   -1.0 414.812305  0.495836
sounding_010_006       31.7853   -7.1042   -1.0 414.868463 -1.218268
sounding_010_007       31.8622   -6.8703   -1.0 414.958780  0.019259
sounding_010_008       31.9385   -6.6358   -1.0 415.062174  0.534345
sounding_010_009       32.0141   -6.4008   -1.0 415.166906 -0.310280
sounding_010_010       32.0892   -6.1652   -1.0 415.287522 -0.733174
sounding_010_011       32.1636   -5.9290   -1.0 415.392050 -1.291157
sounding_010_012       32.2374   -5.6923   -1.0 415.471012  0.008566
sounding_010_013       32.3106   -5.4550   -1.0 415.514092 -1.220801
sounding_010_014       32.3832   -5.2171   -1.0 415.523163  0.063394
sounding_010_015       32.4552   -4.9787   -1.0 415.540209  1.398057
sounding_010_016       32.5264   -4.7397   -1.0 415.578548 -0.611633
sounding_010_017       32.5971   -4.5001   -1.0 415.603072 -0.241636
sounding_011_006       31.9839   -7.1953   -1.0 414.731320  0.107045
sounding_011_007       32.0611   -6.9607   -1.0 414.785624 -0.562583
sounding_011_008       32.1377   -6.7256   -1.0 414.838781  0.064199
sounding_011_009       32.2137   -6.4900   -1.0 414.908776 -0.646830
sounding_011_010       32.2891   -6.2537   -1.0 415.034458  0.117131
sounding_011_011       32.3638   -6.0169   -1.0 415.159360 -1.254510
sounding_011_012       32.4380   -5.7794   -1.0 415.236575 -1.118153
sounding_011_013       32.5115   -5.5415   -1.0 415.292775 -0.728142
sounding_011_014       32.5844   -5.3030   -1.0 415.365060  1.211398
sounding_011_015       32.6566   -5.0638   -1.0 415.462983 -1.561163
sounding_011_016       32.7282   -4.8242   -1.0 415.526205 -1.302825
sounding_011_017       32.7992   -4.5839   -1.0 415.468343 -0.362568
sounding_012_007       32.2602   -7.0518   -1.0 414.634556 -0.506875
sounding_012_008       32.3371   -6.8160   -1.0 414.671938  0.067643
sounding_012_009       32.4134   -6.5797   -1.0 414.727864 -0.882994
sounding_012_010       32.4891   -6.3428   -1.0 414.819412 -0.331287
sounding_012_011       32.5642   -6.1053   -1.0 414.931752 -1.651127
sounding_012_012       32.6386   -5.8672   -1.0 415.027889  0.803520
sounding_012_013       32.7125   -5.6286   -1.0 415.117631 -1.019934
sounding_012_014       32.7857   -5.3893   -1.0 415.239076 -0.788065
sounding_012_015       32.8582   -5.1496   -1.0 415.356234 -0.572449
sounding_012_016       32.9302   -4.9092   -1.0 415.372484 -0.453706
sounding_012_017       33.0014   -4.6683   -1.0 415.231944 -0.479165
sounding_012_018       33.0721   -4.4268   -1.0 415.096705  1.398531
sounding_013_007       32.4594   -7.1434   -1.0 414.558664 -1.460080
sounding_013_008       32.5366   -6.9070   -1.0 414.594799 -0.462463
sounding_013_009       32.6133   -6.6700   -1.0 414.627038 -0.176579
sounding_013_010       32.6893   -6.4324   -1.0 414.676681  0.185118
sounding_013_011       32.7647   -6.1943   -1.0 414.751932  1.060906
sounding_013_012       32.8394   -5.9555   -1.0 414.837480  0.315923
sounding_013_013       32.9136   -5.7162   -1.0 414.965275  1.337683
sounding_013_014       32.9871   -5.4763   -1.0 415.129685  2.958845
sounding_013_015       33.0600   -5.2358   -1.0 415.233901  0.729570
sounding_013_016       33.1322   -4.9948   -1.0 415.199007  0.751035
sounding_013_017       33.2038   -4.7532   -1.0 415.086685  0.153649
sounding_013_018       33.2747   -4.5110   -1.0 415.058318 -0.070836
sounding_013_019       33.3450   -4.2683   -1.0 415.139863  1.205667
sounding_014_008       32.7362   -6.9986   -1.0 414.582333 -0.861453
sounding_014_009       32.8132   -6.7609   -1.0 414.597292  0.360843
sounding_014_010       32.8895   -6.5227   -1.0 414.606829 -0.489628
sounding_014_011       32.9652   -6.2839   -1.0 414.624425  1.946830
sounding_014_012       33.0403   -6.0445   -1.0 414.678137  0.685288
sounding_014_013       33.1148   -5.8044   -1.0 414.783173  0.337347
sounding_014_014       33.1886   -5.5639   -1.0 414.921690 -0.136737
sounding_014_015       33.2618   -5.3227   -1.0 415.021604  1.017730
sounding_014_016       33.3343   -5.0810   -1.0 415.010023 -1.756453
sounding_014_017       33.4062   -4.8387   -1.0 414.918144  1.504557
sounding_014_018       33.4775   -4.5958   -1.0 414.896446 -0.406771
sounding_014_019       33.5481   -4.3523   -1.0 415.019878  0.340527
sounding_015_009       33.0132   -6.8525   -1.0 414.549977  1.082582
sounding_015_010       33.0899   -6.6135   -1.0 414.536462  1.636458
sounding_015_011       33.1659   -6.3740   -1.0 414.525985  2.470819
sounding_015_012       33.2413   -6.1339   -1.0 414.559196  1.880532
sounding_015_013       33.3161   -5.8933   -1.0 414.623727  0.818710
sounding_015_014       33.3902   -5.6520   -1.0 414.692512  0.532284
sounding_015_015       33.4637   -5.4101   -1.0 414.755626 -0.659115
sounding_015_016       33.5366   -5.1677   -1.0 414.744570  1.246765
sounding_015_017       33.6088   -4.9247   -1.0 414.632531  1.029386
sounding_015_018       33.6804   -4.6811   -1.0 414.592261 -0.762956
sounding_015_019       33.7513   -4.4369   -1.0 414.683731 -1.453439
sounding_015_020       33.8215   -4.1922   -1.0 414.672241 -0.113093
sounding_016_009       33.2133   -6.9445   -1.0 414.462977 -0.069501
sounding_016_010       33.2903   -6.7050   -1.0 414.451862  1.313203
sounding_016_011       33.3667   -6.4648   -1.0 414.442352  1.966463
sounding_016_012       33.4424   -6.2240   -1.0 414.464510  0.612111
sounding_016_013       33.5175   -5.9827   -1.0 414.494089  0.055315
sounding_016_014       33.5920   -5.7407   -1.0 414.505411 -0.450239
sounding_016_015       33.6658   -5.4981   -1.0 414.507084 -0.107741
sounding_016_016       33.7390   -5.2550   -1.0 414.491001  1.747206
sounding_016_017       33.8115   -5.0113   -1.0 414.395133 -1.058375
sounding_016_018       33.8834   -4.7670   -1.0 414.320139 -0.161240
sounding_016_019       33.9546   -4.5221   -1.0 414.353212 -0.996428
sounding_016_020       34.0251   -4.2767   -1.0 414.321712  0.536533
sounding_016_021       34.0950   -4.0306   -1.0 414.142057 -1.481786
sounding_017_010       33.4909   -6.7970   -1.0 414.350230 -1.041148
sounding_017_011       33.5676   -6.5561   -1.0 414.354085 -0.893088
sounding_017_012       33.6436   -6.3147   -1.0 414.367974  2.138429
sounding_017_013       33.7191   -6.0727   -1.0 414.353256 -1.958493
sounding_017_014       33.7938   -5.8300   -1.0 414.300241  0.842028
sounding_017_015       33.8680   -5.5867   -1.0 414.251303 -0.376754
sounding_017_016       33.9415   -5.3429   -1.0 414.204726 -0.840072
sounding_017_017       34.0143   -5.0985   -1.0 414.131898  0.589020
sounding_017_018       34.0865   -4.8534   -1.0 414.083444 -0.952858
sounding_017_019       34.1580   -4.6079   -1.0 414.106470  1.176129
sounding_017_020       34.2289   -4.3617   -1.0 414.150099  0.550433
sounding_017_021       34.2991   -4.1149   -1.0 414.149822 -0.902221
sounding_018_011       33.7686   -6.6481   -1.0 414.246694  2.867926
sounding_018_012       33.8449   -6.4060   -1.0 414.241751 -1.938457
sounding_018_013       33.9207   -6.1632   -1.0 414.167593 -0.128383
sounding_018_014       33.9958   -5.9199   -1.0 414.064119  0.841023
sounding_018_015       34.0703   -5.6759   -1.0 414.006157 -0.733629
sounding_018_016       34.1441   -5.4314   -1.0 413.979626  0.437146
sounding_018_017       34.2172   -5.1863   -1.0 413.956070  0.201944
sounding_018_018       34.2897   -4.9405   -1.0 413.959216  1.083792
sounding_018_019       34.3615   -4.6942   -1.0 414.015827  1.099861
sounding_018_020       34.4327   -4.4473   -1.0 414.126226 -2.937173
sounding_018_021       34.5032   -4.1998   -1.0 414.240926  0.005470
sounding_018_022       34.5730   -3.9517   -1.0 414.288162 -1.288765
sounding_019_011       33.9697   -6.7407   -1.0 414.106737  1.133805
sounding_019_012       34.0464   -6.4979   -1.0 414.073278  1.322709
sounding_019_013       34.1224   -6.2544   -1.0 413.965757  1.267574
sounding_019_014       34.1979   -6.0104   -1.0 413.863617  0.294121
sounding_019_015       34.2726   -5.7657   -1.0 413.845628 -1.473792
sounding_019_016       34.3468   -5.5205   -1.0 413.893844 -1.465628
sounding_019_017       34.4202   -5.2746   -1.0 413.943433  1.125857
sounding_019_018       34.4930   -5.0281   -1.0 413.993593 -1.090338
sounding_019_019       34.5652   -4.7811   -1.0 414.074573  0.685295
sounding_019_020       34.6366   -4.5335   -1.0 414.175696 -0.102113
sounding_019_021       34.7075   -4.2852   -1.0 414.233070 -2.024221
sounding_019_022       34.7776   -4.0364   -1.0 414.204779  0.611379
sounding_019_023       34.8471   -3.7870   -1.0 414.067364  1.660137
sounding_020_012       34.2479   -6.5904   -1.0 413.903484  0.308945
sounding_020_013       34.3243   -6.3463   -1.0 413.822776 -1.399163
sounding_020_014       34.4000   -6.1015   -1.0 413.775894 -0.201835
sounding_020_015       34.4751   -5.8561   -1.0 413.826557  0.225685
sounding_020_016       34.5495   -5.6101   -1.0 413.945675  0.468647
sounding_020_017       34.6233   -5.3636   -1.0 414.037458  0.187727
sounding_020_018       34.6964   -5.1164   -1.0 414.090615 -0.749520
sounding_020_019       34.7689   -4.8686   -1.0 414.132004  0.553662
sounding_020_020       34.8407   -4.6202   -1.0 414.138886 -0.264034
sounding_020_021       34.9118   -4.3712   -1.0 414.065017  1.111327
sounding_020_022       34.9823   -4.1217   -1.0 413.916303  0.478393
sounding_020_023       35.0520   -3.8716   -1.0 413.759365  0.054934
sounding_021_013       34.5262   -6.4387   -1.0 413.790660 -0.428698
sounding_021_014       34.6023   -6.1932   -1.0 413.811570 -1.674884
sounding_021_015       34.6777   -5.9471   -1.0 413.900269 -0.814367
sounding_021_016       34.7524   -5.7004   -1.0 414.022380 -0.200786
sounding_021_017       34.8265   -5.4531   -1.0 414.086327 -1.172199
sounding_021_018       34.9000   -5.2052   -1.0 414.092936 -1.087662
sounding_021_019       34.9727   -4.9567   -1.0 414.051445  0.613271
sounding_021_020       35.0448   -4.7076   -1.0 413.942235  0.728643
sounding_021_021       35.1163   -4.4579   -1.0 413.764389  0.114588
sounding_021_022       35.1870   -4.2076   -1.0 413.595410 -1.202735
sounding_022_014       34.8046   -6.2855   -1.0 413.890492 -0.818359
sounding_022_015       34.8803   -6.0388   -1.0 413.954894  0.915316
sounding_022_016       34.9554   -5.7913   -1.0 413.993515 -0.759686
sounding_022_017       35.0298   -5.5433   -1.0 413.976639 -0.097327
sounding_022_018       35.1036   -5.2946   -1.0 413.925043 -1.340618
sounding_022_019       35.1767   -5.0454   -1.0 413.831654 -0.301217
sounding_022_020       35.2491   -4.7955   -1.0 413.659686  0.641620
sounding_023_015       35.0831   -6.1310   -1.0 413.873414 -0.909827
sounding_023_016       35.1585   -5.8828   -1.0 413.825284 -0.242169
sounding_023_017       35.2332   -5.6341   -1.0 413.749751  0.284001
sounding_023_018       35.3073   -5.3847   -1.0 413.679037  1.490630
sounding_023_019       35.3807   -5.1347   -1.0 413.587776 -0.930604
sounding_024_016       35.3617   -5.9750   -1.0 413.592701 -0.107534
sounding_024_017       35.4367   -5.7255   -1.0 413.532946  0.048487
sounding_024_018       35.5111   -5.4754   -1.0 413.496268 -0.165640
sounding_025_017       35.6403   -5.8175   -1.0 413.440788  0.815937
sounding_025_018       35.7150   -5.5667   -1.0 413.440196 -1.688602
sounding_027_018       36.1231   -5.7511   -1.0 413.629668  0.014473
sounding_027_019       36.1978   -5.4981   -1.0 413.630529 -0.713116
sounding_027_027       36.7702   -3.4514   -1.0 413.768006  1.017792
sounding_027_028       36.8386   -3.1928   -1.0 413.771398 -0.281407
sounding_028_018       36.3272   -5.8443   -1.0 413.751293 -1.814423
sounding_028_019       36.4022   -5.5906   -1.0 413.762709 -0.506953
sounding_028_020       36.4765   -5.3361   -1.0 413.768252 -0.372214
sounding_028_021       36.5502   -5.0811   -1.0 413.761675 -0.695254
sounding_028_022       36.6231   -4.8254   -1.0 413.727810  0.060022
sounding_028_023       36.6953   -4.5691   -1.0 413.701647  0.331066
sounding_028_024       36.7668   -4.3121   -1.0 413.718058 -0.280813
sounding_028_025       36.8377   -4.0546   -1.0 413.760325  0.783150
sounding_028_026       36.9078   -3.7964   -1.0 413.794041  1.967644
sounding_028_027       36.9772   -3.5375   -1.0 413.777735 -0.641102
sounding_028_028       37.0459   -3.2781   -1.0 413.726943 -1.351284
sounding_029_018       36.5314   -5.9382   -1.0 413.803328 -2.067160
sounding_029_019       36.6068   -5.6837   -1.0 413.808082 -0.811666
sounding_029_020       36.6814   -5.4285   -1.0 413.819693  0.522504
sounding_029_021       36.7553   -5.1726   -1.0 413.824906 -0.135467
sounding_029_022       36.8286   -4.9162   -1.0 413.793037  1.314540
sounding_029_023       36.9011   -4.6591   -1.0 413.752445  0.513615
sounding_029_024       36.9730   -4.4013   -1.0 413.724778  1.872602
sounding_029_025       37.0441   -4.1429   -1.0 413.688575 -1.087000
sounding_029_026       37.1145   -3.8839   -1.0 413.631052 -2.223280
sounding_029_027       37.1842   -3.6243   -1.0 413.568702 -0.737311
sounding_029_028       37.2532   -3.3640   -1.0 413.511805 -1.665423
sounding_029_029       37.3215   -3.1032   -1.0 413.468195 -0.828140
sounding_030_018       36.7357   -6.0327   -1.0 413.783363  2.065558
sounding_030_019       36.8114   -5.7774   -1.0 413.764919  0.811433
sounding_030_020       36.8864   -5.5214   -1.0 413.748471 -1.437518
sounding_030_021       36.9606   -5.2648   -1.0 413.726029  1.644462
sounding_030_022       37.0342   -5.0076   -1.0 413.680582  0.799146
sounding_030_023       37.1070   -4.7496   -1.0 413.604380  0.404340
sounding_030_024       37.1792   -4.4911   -1.0 413.501994  0.750989
sounding_030_025       37.2506   -4.2319   -1.0 413.373411 -0.584669
sounding_030_026       37.3214   -3.9721   -1.0 413.261861  0.654774
sounding_030_027       37.3914   -3.7116   -1.0 413.215060  1.535618
sounding_030_028       37.4607   -3.4506   -1.0 413.237665 -0.283298
sounding_030_029       37.5292   -3.1889   -1.0 413.283404 -1.653043
sounding_030_030       37.5971   -2.9266   -1.0 413.307467 -0.856688
sounding_031_019       37.0161   -5.8718   -1.0 413.627194 -0.852903
sounding_031_020       37.0914   -5.6150   -1.0 413.594998  1.329125
sounding_031_021       37.1660   -5.3576   -1.0 413.535723  0.009897
sounding_031_022       37.2398   -5.0996   -1.0 413.449608 -0.352357
sounding_031_023       37.3130   -4.8409   -1.0 413.324670 -0.796568
sounding_031_024       37.3855   -4.5815   -1.0 413.143837 -1.619223
sounding_031_025       37.4572   -4.3215   -1.0 412.960214  1.823707
sounding_031_026       37.5283   -4.0609   -1.0 412.849576  0.510700
sounding_031_027       37.5986   -3.7996   -1.0 412.860738  0.076818
sounding_031_028       37.6682   -3.5377   -1.0 412.976477  0.511273
sounding_031_029       37.7371   -3.2752   -1.0 413.121587  1.513749
sounding_031_030       37.8052   -3.0120   -1.0 413.212344 -0.513441
sounding_032_020       37.2965   -5.7093   -1.0 413.377317  0.397229
sounding_032_021       37.3714   -5.4511   -1.0 413.295998  1.105462
sounding_032_022       37.4456   -5.1923   -1.0 413.181406  1.483578
sounding_032_023       37.5191   -4.9328   -1.0 413.022240 -0.232871
sounding_032_024       37.5919   -4.6726   -1.0 412.830842 -0.188515
sounding_032_025       37.6639   -4.4118   -1.0 412.658918  0.963616
sounding_032_026       37.7353   -4.1503   -1.0 412.568901 -0.481119
sounding_032_027       37.8059   -3.8882   -1.0 412.596438 -0.001516
sounding_032_028       37.8758   -3.6255   -1.0 412.729823  0.710598
sounding_032_029       37.9450   -3.3621   -1.0 412.891262 -1.247837
sounding_032_030       38.0134   -3.0981   -1.0 413.001834  1.468293
sounding_032_031       38.0811   -2.8335   -1.0 413.029776 -0.413403
sounding_033_020       37.5016   -5.8043   -1.0 413.133341 -0.820326
sounding_033_021       37.5768   -5.5453   -1.0 413.059943 -0.848543
sounding_033_022       37.6514   -5.2856   -1.0 412.954322 -0.381630
sounding_033_023       37.7252   -5.0253   -1.0 412.813843  0.084425
sounding_033_024       37.7983   -4.7643   -1.0 412.666731 -1.211822
sounding_033_025       37.8707   -4.5027   -1.0 412.535730  1.648255
sounding_033_026       37.9423   -4.2404   -1.0 412.455522  0.427824
sounding_033_027       38.0133   -3.9775   -1.0 412.449830 -1.231435
sounding_033_028       38.0835   -3.7139   -1.0 412.514812  0.239393
sounding_033_029       38.1529   -3.4497   -1.0 412.629992 -0.858197
sounding_033_030       38.2217   -3.1848   -1.0 412.735108  0.463014
sounding_033_031       38.2897   -2.9193   -1.0 412.819813 -0.467140
sounding_034_021       37.7824   -5.6401   -1.0 412.888923 -0.231585
sounding_034_022       37.8572   -5.3796   -1.0 412.810542 -0.719343
sounding_034_023       37.9314   -5.1185   -1.0 412.718578  0.908804
sounding_034_024       38.0048   -4.8567   -1.0 412.627071 -0.592607
sounding_034_025       38.0775   -4.5943   -1.0 412.525009  0.955988
sounding_034_026       38.1495   -4.3312   -1.0 412.442398  0.805762
sounding_034_027       38.2207   -4.0674   -1.0 412.395958  1.827832
sounding_034_028       38.2912   -3.8030   -1.0 412.402367 -2.011396
sounding_034_029       38.3610   -3.5379   -1.0 412.475761 -0.288573
sounding_034_030       38.4301   -3.2722   -1.0 412.596743 -0.133378
sounding_034_031       38.4984   -3.0058   -1.0 412.741599 -0.513093
sounding_034_032       38.5659   -2.7389   -1.0 412.869079  0.717761
sounding_035_022       38.0632   -5.4743   -1.0 412.713016  1.208387
sounding_035_023       38.1376   -5.2124   -1.0 412.669097  0.059046
sounding_035_024       38.2114   -4.9498   -1.0 412.618897  1.107941
sounding_035_025       38.2844   -4.6865   -1.0 412.539053  0.246994
sounding_035_026       38.3567   -4.4226   -1.0 412.463473  0.502129
sounding_035_027       38.4282   -4.1579   -1.0 412.418751 -0.734243
sounding_035_028       38.4991   -3.8927   -1.0 412.437095 -2.430370
sounding_035_029       38.5692   -3.6267   -1.0 412.531554  0.188769
sounding_035_030       38.6385   -3.3602   -1.0 412.672385  0.413588
sounding_035_031       38.7071   -3.0930   -1.0 412.806567 -1.561055
sounding_035_032       38.7750   -2.8251   -1.0 412.887779  1.988316
sounding_035_033       38.8421   -2.5566   -1.0 412.907159  0.935796
sounding_036_022       38.2692   -5.5697   -1.0 412.583715 -1.270739
sounding_036_023       38.3439   -5.3069   -1.0 412.599190  0.835471
sounding_036_024       38.4180   -5.0435   -1.0 412.610466  1.541977
sounding_036_025       38.4913   -4.7794   -1.0 412.572751 -1.442117
sounding_036_026       38.5639   -4.5146   -1.0 412.539378 -0.084778
sounding_036_027       38.6358   -4.2492   -1.0 412.547628 -0.052366
sounding_036_028       38.7069   -3.9830   -1.0 412.632279 -1.265165
sounding_036_029       38.7773   -3.7163   -1.0 412.754530  0.265958
sounding_036_030       38.8470   -3.4488   -1.0 412.859039 -1.354673
sounding_036_031       38.9159   -3.1807   -1.0 412.898381  0.753467
sounding_036_032       38.9841   -2.9120   -1.0 412.865511 -1.152866
sounding_036_033       39.0515   -2.6426   -1.0 412.791806 -1.194005
sounding_037_023       38.5503   -5.4022   -1.0 412.570433 -2.028019
sounding_037_024       38.6247   -5.1379   -1.0 412.635248 -1.694221
sounding_037_025       38.6983   -4.8730   -1.0 412.650003  0.964512
sounding_037_026       38.7713   -4.6073   -1.0 412.676240  0.777674
sounding_037_027       38.8435   -4.3410   -1.0 412.754922 -0.014429
sounding_037_028       38.9149   -4.0740   -1.0 412.863872  0.033015
sounding_037_029       38.9856   -3.8064   -1.0 412.943588  2.179740
sounding_037_030       39.0556   -3.5381   -1.0 412.945331 -0.736280
sounding_037_031       39.1248   -3.2691   -1.0 412.863316 -0.567421
sounding_037_032       39.1932   -2.9995   -1.0 412.741011 -0.396542
sounding_037_033       39.2609   -2.7292   -1.0 412.631103  1.689526
sounding_037_034       39.3279   -2.4583   -1.0 412.561341  0.818713
sounding_038_024       38.8314   -5.2330   -1.0 412.721525  1.965157
sounding_038_025       38.9054   -4.9672   -1.0 412.776501 -1.069778
sounding_038_026       38.9787   -4.7007   -1.0 412.841531 -1.005836
sounding_038_027       39.0512   -4.4336   -1.0 412.929368  0.413847
sounding_038_028       39.1229   -4.1657   -1.0 412.978688  0.182369
sounding_038_029       39.1940   -3.8972   -1.0 412.947505  1.459938
sounding_038_030       39.2642   -3.6280   -1.0 412.837780  0.368655
sounding_038_031       39.3337   -3.3582   -1.0 412.690556  0.375585
sounding_038_032       39.4025   -3.0877   -1.0 412.564423 -0.349631
sounding_038_033       39.4705   -2.8165   -1.0 412.489293 -0.308195
sounding_038_034       39.5377   -2.5446   -1.0 412.471068 -0.729037
sounding_038_035       39.6042   -2.2722   -1.0 412.497472  0.676064
sounding_039_024       39.0382   -5.3288   -1.0 412.816662  1.758838
sounding_039_025       39.1126   -5.0622   -1.0 412.871480 -0.976680
sounding_039_026       39.1861   -4.7948   -1.0 412.925260  0.866020
sounding_039_027       39.2589   -4.5268   -1.0 412.955962  0.135183
sounding_039_028       39.3310   -4.2581   -1.0 412.924200 -0.526070
sounding_039_029       39.4023   -3.9887   -1.0 412.812648  0.430357
sounding_039_030       39.4729   -3.7186   -1.0 412.655262 -0.372341
sounding_039_031       39.5427   -3.4479   -1.0 412.520054  1.112341
sounding_039_032       39.6118   -3.1764   -1.0 412.441119  1.545504
sounding_039_033       39.6801   -2.9044   -1.0 412.416559 -0.966044
sounding_039_034       39.7476   -2.6317   -1.0 412.429412  0.664319
sounding_039_035       39.8144   -2.3583   -1.0 412.470181 -0.363624
sounding_040_025       39.3197   -5.1578   -1.0 412.891897 -1.629826
sounding_040_026       39.3936   -4.8896   -1.0 412.899753  0.701955
sounding_040_027       39.4668   -4.6207   -1.0 412.871517 -0.574568
sounding_040_028       39.5392   -4.3511   -1.0 412.782273  0.513238
sounding_040_029       39.6108   -4.0808   -1.0 412.646062  0.812310
sounding_040_030       39.6817   -3.8099   -1.0 412.514654 -1.002877
sounding_040_031       39.7518   -3.5383   -1.0 412.429935 -0.769194
sounding_040_032       39.8212   -3.2660   -1.0 412.401052  1.154965
sounding_040_033       39.8898   -2.9930   -1.0 412.407048  1.028537
sounding_040_034       39.9576   -2.7193   -1.0 412.431674 -0.383896
sounding_040_035       40.0247   -2.4450   -1.0 412.468202  0.297563
sounding_040_036       40.0909   -2.1701   -1.0 412.533093  0.700748
sounding_041_026       39.6012   -4.9851   -1.0 412.817475  0.825101
sounding_041_027       39.6746   -4.7153   -1.0 412.738554  1.715053
sounding_041_028       39.7473   -4.4448   -1.0 412.635459  2.130443
sounding_041_029       39.8193   -4.1737   -1.0 412.536719 -0.468710
sounding_041_030       39.8905   -3.9019   -1.0 412.460292  0.688500
sounding_041_031       39.9609   -3.6293   -1.0 412.421636 -2.811755
sounding_041_032       40.0306   -3.3561   -1.0 412.415840 -0.259706
sounding_041_033       40.0995   -3.0822   -1.0 412.427340  0.480887
sounding_041_034       40.1677   -2.8077   -1.0 412.443249 -0.147889
sounding_041_035       40.2350   -2.5324   -1.0 412.458630  1.232701
sounding_041_036       40.3016   -2.2565   -1.0 412.492590 -0.052784
sounding_042_026       39.8088   -5.0813   -1.0 412.719233  0.435763
sounding_042_027       39.8826   -4.8106   -1.0 412.639704 -0.071565
sounding_042_029       40.0279   -4.2672   -1.0 412.503371 -0.031675
sounding_042_030       40.0994   -3.9945   -1.0 412.466314  2.101204
sounding_042_031       40.1701   -3.7211   -1.0 412.447706 -0.500307
sounding_042_032       40.2401   -3.4469   -1.0 412.437606  0.170712
sounding_042_033       40.3093   -3.1721   -1.0 412.431550 -0.031327
sounding_042_034       40.3777   -2.8966   -1.0 412.425617 -0.248995
sounding_042_035       40.4454   -2.6205   -1.0 412.413322  0.556822
sounding_042_036       40.5123   -2.3436   -1.0 412.396719  0.849137
sounding_042_037       40.5784   -2.0661   -1.0 412.435615  1.977213
sounding_043_029       40.2365   -4.3615   -1.0 412.536554 -0.366070
sounding_043_030       40.3083   -4.0878   -1.0 412.501338 -1.024479
sounding_043_031       40.3794   -3.8135   -1.0 412.468939 -1.160097
sounding_043_032       40.4496   -3.5385   -1.0 412.431006 -0.321241
sounding_043_033       40.5192   -3.2627   -1.0 412.400269  0.119476
sounding_043_034       40.5879   -2.9863   -1.0 412.377075 -0.543458
sounding_043_035       40.6559   -2.7092   -1.0 412.333897 -1.472607
sounding_043_036       40.7230   -2.4314   -1.0 412.268937 -1.695406
sounding_043_037       40.7894   -2.1530   -1.0 412.255144  1.022456
sounding_043_038       40.8550   -1.8738   -1.0 412.395474 -0.516081
sounding_044_029       40.4451   -4.4564   -1.0 412.583292  1.381681
sounding_044_030       40.5173   -4.1819   -1.0 412.528160 -0.385891
sounding_044_031       40.5886   -3.9066   -1.0 412.462766  1.192712
sounding_044_032       40.6592   -3.6307   -1.0 412.401277  0.367744
sounding_044_033       40.7291   -3.3540   -1.0 412.350823 -0.267185
sounding_044_034       40.7981   -3.0766   -1.0 412.304236  1.370023
sounding_044_035       40.8664   -2.7986   -1.0 412.237220 -0.418497
sounding_044_036       40.9338   -2.5199   -1.0 412.159988  0.993654
sounding_044_037       41.0005   -2.2405   -1.0 412.152667  0.200972
sounding_044_038       41.0664   -1.9604   -1.0 412.305249 -0.616680
sounding_045_028       40.5806   -4.8268   -1.0 412.630571  1.862687
sounding_045_029       40.6538   -4.5521   -1.0 412.576899  0.140985
sounding_045_030       40.7263   -4.2766   -1.0 412.501150 -0.779031
sounding_045_031       40.7980   -4.0005   -1.0 412.425275  0.094546
sounding_045_032       40.8689   -3.7236   -1.0 412.361428  0.074649
sounding_045_033       40.9390   -3.4460   -1.0 412.303307 -0.472939
sounding_045_034       41.0084   -3.1677   -1.0 412.242833 -1.492179
sounding_045_035       41.0769   -2.8887   -1.0 412.155860  0.241270
sounding_045_036       41.1447   -2.6090   -1.0 412.099039 -1.608183
sounding_045_037       41.2116   -2.3286   -1.0 412.152347  0.449849
sounding_045_038       41.2778   -2.0476   -1.0 412.343924  0.562491
sounding_045_039       41.3432   -1.7658   -1.0 412.613911  0.123286
sounding_046_029       40.8625   -4.6485   -1.0 412.503884  1.083270
sounding_046_030       40.9353   -4.3721   -1.0 412.422759  0.167313
sounding_046_031       41.0073   -4.0950   -1.0 412.367246 -0.257405
sounding_046_032       41.0785   -3.8172   -1.0 412.317464 -1.210561
sounding_046_033       41.1490   -3.5386   -1.0 412.271321 -0.160119
sounding_046_034       41.2186   -3.2594   -1.0 412.222328  0.559508
sounding_046_035       41.2875   -2.9795   -1.0 412.139935  1.194922
sounding_046_036       41.3556   -2.6988   -1.0 412.126116 -1.279301
sounding_046_037       41.4228   -2.4175   -1.0 412.252522 -1.061820
sounding_046_038       41.4893   -2.1354   -1.0 412.488795 -0.302509
sounding_046_039       41.5550   -1.8527   -1.0 412.734809  2.115764
sounding_046_040       41.6198   -1.5693   -1.0 412.848637  2.054886
sounding_047_029       41.0713   -4.7456   -1.0 412.427030  0.129947
sounding_047_030       41.1444   -4.4683   -1.0 412.371723  0.173799
sounding_047_031       41.2167   -4.1903   -1.0 412.330053 -0.902269
sounding_047_032       41.2882   -3.9115   -1.0 412.283102 -0.779946
sounding_047_033       41.3590   -3.6320   -1.0 412.243386 -0.335068
sounding_047_034       41.4290   -3.3518   -1.0 412.205074  0.418156
sounding_047_035       41.4982   -3.0709   -1.0 412.164909 -0.626274
sounding_047_036       41.5665   -2.7893   -1.0 412.229982  0.455147
sounding_047_037       41.6341   -2.5070   -1.0 412.417294  2.086344
sounding_047_038       41.7009   -2.2240   -1.0 412.679629  1.544653
sounding_047_039       41.7668   -1.9403   -1.0 412.850448 -0.701459
sounding_047_040       41.8320   -1.6559   -1.0 412.850681 -1.041326
sounding_048_030       41.3535   -4.5652   -1.0 412.352956 -0.733016
sounding_048_031       41.4261   -4.2862   -1.0 412.327417 -0.968514
sounding_048_032       41.4980   -4.0066   -1.0 412.288791 -1.688798
sounding_048_033       41.5691   -3.7261   -1.0 412.249943 -0.371845
sounding_048_034       41.6394   -3.4450   -1.0 412.231516  0.909643
sounding_048_035       41.7088   -3.1631   -1.0 412.242260 -1.064253
sounding_048_036       41.7775   -2.8805   -1.0 412.389375  1.116262
sounding_048_037       41.8454   -2.5972   -1.0 412.653368  0.334992
sounding_048_038       41.9125   -2.3132   -1.0 412.859156  0.436354
sounding_048_039       41.9787   -2.0285   -1.0 412.906030  0.731842
sounding_048_040       42.0442   -1.7431   -1.0 412.816727 -1.107069
sounding_048_041       42.1088   -1.4571   -1.0 412.694745  0.974638
sounding_049_031       41.6356   -4.3830   -1.0 412.347194 -1.599467
sounding_049_032       41.7078   -4.1024   -1.0 412.316816  0.982924
sounding_049_033       41.7792   -3.8209   -1.0 412.296570 -1.664411
sounding_049_034       41.8498   -3.5389   -1.0 412.298637  0.540149
sounding_049_035       41.9195   -3.2560   -1.0 412.384687 -0.591843
sounding_049_036       41.9885   -2.9724   -1.0 412.608341  0.265004
sounding_049_037       42.0567   -2.6881   -1.0 412.857185 -0.261494
sounding_049_038       42.1241   -2.4031   -1.0 412.947472  0.671060
sounding_049_039       42.1906   -2.1175   -1.0 412.890755  0.833660
sounding_049_040       42.2564   -1.8311   -1.0 412.784903 -0.235505
sounding_049_041       42.3213   -1.5439   -1.0 412.707494  0.049150
sounding_050_031       41.8451   -4.4805   -1.0 412.372750 -2.903189
sounding_050_032       41.9176   -4.1989   -1.0 412.338476  0.128039
sounding_050_033       41.9893   -3.9165   -1.0 412.339689  0.592326
sounding_050_034       42.0602   -3.6334   -1.0 412.393863 -0.142918
sounding_050_035       42.1303   -3.3496   -1.0 412.564952  1.223830
sounding_050_036       42.1996   -3.0651   -1.0 412.802177  0.112001
sounding_050_037       42.2681   -2.7798   -1.0 412.938057 -1.119438
sounding_050_038       42.3357   -2.4938   -1.0 412.927967 -0.655392
sounding_050_039       42.4026   -2.2071   -1.0 412.862033 -0.471827
sounding_050_040       42.4686   -1.9197   -1.0 412.794091  0.728978
sounding_050_041       42.5338   -1.6315   -1.0 412.761621 -1.062888
sounding_050_042       42.5982   -1.3427   -1.0 412.750379  0.733689
sounding_051_032       42.1274   -4.2961   -1.0 412.377493  0.375131
sounding_051_033       42.1994   -4.0128   -1.0 412.405426 -1.408262
sounding_051_034       42.2707   -3.7288   -1.0 412.524050  0.348283
sounding_051_035       42.3411   -3.4440   -1.0 412.727419 -1.176318
sounding_051_036       42.4107   -3.1584   -1.0 412.888075  1.617190
sounding_051_037       42.4794   -2.8721   -1.0 412.924336 -0.866922
sounding_051_038       42.5474   -2.5851   -1.0 412.909596 -0.637672
sounding_051_039       42.6146   -2.2974   -1.0 412.896481 -0.930567
sounding_051_040       42.6809   -2.0090   -1.0 412.875935  0.175157
sounding_051_041       42.7464   -1.7198   -1.0 412.839484 -0.123530
sounding_051_042       42.8111   -1.4300   -1.0 412.843862 -0.732173
sounding_051_043       42.8749   -1.1394   -1.0 412.869280  0.930026
sounding_052_032       42.3372   -4.3942   -1.0 412.493727 -1.286422
sounding_052_033       42.4096   -4.1099   -1.0 412.555306 -0.090263
sounding_052_034       42.4811   -3.8249   -1.0 412.705708 -0.205229
sounding_052_035       42.5519   -3.5391   -1.0 412.874418  0.677475
sounding_052_036       42.6218   -3.2525   -1.0 412.937905 -0.077070
sounding_052_037       42.6909   -2.9652   -1.0 412.940112  0.762278
sounding_052_038       42.7591   -2.6772   -1.0 412.954011 -0.790267
sounding_052_041       42.9590   -1.8088   -1.0 412.889232  1.041522
sounding_052_042       43.0240   -1.5179   -1.0 412.867864 -0.941531
sounding_052_043       43.0881   -1.2263   -1.0 412.807510  1.362960
sounding_053_033       42.6198   -4.2077   -1.0 412.783363  0.905929
sounding_053_034       42.6916   -3.9217   -1.0 412.911531 -1.204989
sounding_053_035       42.7627   -3.6349   -1.0 413.005163 -1.161218
sounding_053_038       42.9709   -2.7700   -1.0 412.979361 -0.439408
sounding_053_039       43.0386   -2.4802   -1.0 412.956281  0.919807
sounding_053_040       43.1056   -2.1897   -1.0 412.878554 -0.704970
sounding_053_041       43.1717   -1.8985   -1.0 412.820768 -1.063435
sounding_053_042       43.2369   -1.6065   -1.0 412.748846 -1.510424
sounding_053_043       43.3013   -1.3139   -1.0 412.637670 -0.152162
sounding_053_044       43.3649   -1.0205   -1.0 412.483731  0.556532
sounding_054_034       42.9022   -4.0193   -1.0 413.063176  0.722518
sounding_054_035       42.9735   -3.7315   -1.0 413.072369  0.699372
sounding_054_037       43.1138   -3.1536   -1.0 412.997976  1.410893
sounding_054_038       43.1827   -2.8636   -1.0 412.929605 -0.197390
sounding_054_043       43.5146   -1.4022   -1.0 412.609232  0.045115
sounding_055_034       43.1127   -4.1176   -1.0 413.077833 -1.691864
sounding_055_037       43.3252   -3.2489   -1.0 412.960518 -1.528767
sounding_074_057       48.6739    1.1943   -1.0 412.941386 -2.793391
sounding_075_047       48.2688   -2.1544   -1.0 413.267393 -0.998461
sounding_075_048       48.3353   -1.8320   -1.0 413.093222  0.959769
sounding_075_049       48.4009   -1.5088   -1.0 412.914723 -0.997269
sounding_075_057       48.8911    1.1074   -1.0 412.799028  0.978954
sounding_076_047       48.4831   -2.2555   -1.0 413.533589  0.809183
sounding_076_048       48.5499   -1.9318   -1.0 413.346335  2.251977
sounding_076_049       48.6158   -1.6073   -1.0 413.129828  0.788665
sounding_076_058       49.1654    1.3518   -1.0 412.635160  0.417318
sounding_077_050       48.8958   -1.3800   -1.0 413.340626  0.613363
sounding_077_052       49.0234   -0.7239   -1.0 413.296274  0.091401
sounding_077_053       49.0857   -0.3946   -1.0 413.206158 -1.942022
sounding_077_054       49.1471   -0.0644   -1.0 413.080240  0.876864
sounding_077_058       49.3828    1.2647   -1.0 412.614055 -0.550227
sounding_077_059       49.4393    1.5989   -1.0 412.585227 -3.342932
sounding_078_050       49.1109   -1.4789   -1.0 413.673063  0.168110
sounding_078_051       49.1755   -1.1500   -1.0 413.637685 -0.310449
sounding_078_052       49.2391   -0.8202   -1.0 413.618816  0.222477
sounding_078_053       49.3017   -0.4895   -1.0 413.523156 -0.568698
sounding_078_055       49.4241    0.1745   -1.0 413.149325  1.498536
sounding_078_056       49.4837    0.5078   -1.0 412.927416 -1.257825
sounding_078_057       49.5425    0.8419   -1.0 412.776681  1.423429
sounding_078_058       49.6002    1.1768   -1.0 412.664140  0.702131
sounding_078_059       49.6569    1.5125   -1.0 412.591384 -1.636919
sounding_079_050       49.3259   -1.5788   -1.0 413.922178 -2.424838
sounding_079_051       49.3908   -1.2485   -1.0 413.927599  1.214171
sounding_079_056       49.7005    0.4162   -1.0 413.172569 -1.191580
sounding_079_057       49.7595    0.7517   -1.0 412.956438 -0.180690
sounding_079_060       49.9305    1.7632   -1.0 412.524772  1.674232
sounding_080_060       50.1482    1.6766   -1.0 412.561671 -2.458698
sounding_084_057       50.8439    0.2884   -1.0 413.428198 -1.317337
sounding_084_058       50.9032    0.6320   -1.0 413.366007  0.782585
sounding_085_053       50.8117   -1.1785   -1.0 412.470440  1.236551
sounding_085_054       50.8754   -0.8370   -1.0 412.674554 -1.750689
sounding_085_055       50.9382   -0.4945   -1.0 412.953030 -0.384690
sounding_091_056       52.2966   -0.7516   -1.0 412.590303 -0.169172
sounding_091_057       52.3590   -0.3981   -1.0 412.543861  0.884320
sounding_091_058       52.4204   -0.0437   -1.0 412.554598  0.094349
sounding_091_059       52.4808    0.3117   -1.0 412.586911 -0.886892
sounding_091_060       52.5401    0.6681   -1.0 412.624394  0.282583
sounding_091_061       52.5983    1.0253   -1.0 412.697394  0.882406
sounding_091_062       52.6555    1.3835   -1.0 412.817862  1.899181
sounding_092_057       52.5751   -0.5000   -1.0 412.604901  0.939572
sounding_092_058       52.6368   -0.1440   -1.0 412.624702 -1.912107
sounding_092_059       52.6975    0.2130   -1.0 412.696674 -0.856972
sounding_092_060       52.7570    0.5709   -1.0 412.740009 -0.628797
sounding_092_061       52.8156    0.9299   -1.0 412.739036  0.886216
sounding_092_062       52.8730    1.2897   -1.0 412.761629  0.032168
sounding_093_058       52.8531   -0.2453   -1.0 412.731776  1.362317
sounding_094_058       53.0693   -0.3476   -1.0 412.877161 -0.486316
sounding_094_059       53.1305    0.0127   -1.0 412.919298 -0.847145
sounding_095_059       53.3469   -0.0890   -1.0 413.081160 -0.447052
sounding_096_059       53.5632   -0.1916   -1.0 413.259082  0.487455
sounding_113_080       58.3539    6.4410   -1.0 412.556199 -1.415439
sounding_114_079       58.5311    5.9421   -1.0 412.707900  0.601444
sounding_114_080       58.5732    6.3621   -1.0 412.660680  0.227842
sounding_115_079       58.7501    5.8599   -1.0 412.730147 -1.296285
sounding_115_080       58.7923    6.2823   -1.0 412.732084  0.091635
sounding_115_081       58.8333    6.7055   -1.0 412.732541  0.660647
sounding_116_080       59.0113    6.2015   -1.0 412.750958  1.052093
sounding_116_081       59.0525    6.6272   -1.0 412.809032 -2.233786
sounding_116_082       59.0924    7.0537   -1.0 412.802542  1.840089
sounding_117_080       59.2302    6.1198   -1.0 412.724415 -1.116475
sounding_117_081       59.2715    6.5479   -1.0 412.817309 -0.305805
sounding_117_082       59.3117    6.9769   -1.0 412.866853 -0.857019
sounding_118_079       59.4059    5.6077   -1.0 412.638317 -0.186827
sounding_118_080       59.4488    6.0372   -1.0 412.683029 -0.132111
sounding_118_081       59.4904    6.4676   -1.0 412.782895 -0.468881
sounding_118_082       59.5307    6.8991   -1.0 412.868578 -0.049170
sounding_118_083       59.5698    7.3315   -1.0 412.872081 -0.868368
sounding_119_079       59.6242    5.5216   -1.0 412.560740  0.233634
sounding_119_080       59.6673    5.9535   -1.0 412.624792 -0.835265
sounding_119_081       59.7091    6.3865   -1.0 412.732054  0.474368
sounding_119_082       59.7497    6.8204   -1.0 412.831526  0.583345
sounding_119_083       59.7889    7.2553   -1.0 412.879781  0.911954
sounding_120_080       59.8856    5.8689   -1.0 412.523838 -0.510881
sounding_120_081       59.9276    6.3044   -1.0 412.645368 -0.858476
sounding_120_082       59.9684    6.7408   -1.0 412.749191  0.358548
sounding_120_083       60.0078    7.1781   -1.0 412.815118  1.323611
sounding_120_084       60.0460    7.6164   -1.0 412.853863 -1.865898
sounding_121_080       60.1037    5.7833   -1.0 412.399306  0.720219
sounding_121_081       60.1460    6.2212   -1.0 412.503509  0.720910
sounding_121_082       60.1870    6.6602   -1.0 412.596752  1.093337
sounding_121_083       60.2266    7.1001   -1.0 412.673406  0.373202
sounding_121_084       60.2649    7.5409   -1.0 412.741981  0.734364
sounding_121_085       60.3019    7.9827   -1.0 412.799145 -0.025426
sounding_122_082       60.4053    6.5786   -1.0 412.423016  0.642462
sounding_122_083       60.4452    7.0211   -1.0 412.513746  0.142150
sounding_122_084       60.4837    7.4645   -1.0 412.601939  0.460091
sounding_122_085       60.5209    7.9089   -1.0 412.665594 -0.788987
sounding_123_083       60.6636    6.9411   -1.0 412.378747  0.945126
sounding_123_084       60.7024    7.3872   -1.0 412.469192 -0.044918
sounding_123_085       60.7398    7.8342   -1.0 412.515729  1.355453
sounding_123_086       60.7758    8.2821   -1.0 412.565409 -1.462555
sounding_124_084       60.9208    7.3089   -1.0 412.288810  1.312517
sounding_124_085       60.9584    7.7586   -1.0 412.355426  1.035208
sounding_124_086       60.9946    8.2092   -1.0 412.382870 -0.820543
sounding_125_083       61.0998    6.7782   -1.0 412.037899 -1.513560
sounding_125_084       61.1390    7.2296   -1.0 412.097335  0.271435
sounding_125_085       61.1768    7.6820   -1.0 412.182225  0.833876
sounding_125_086       61.2133    8.1354   -1.0 412.236580  0.716780
sounding_125_087       61.2484    8.5896   -1.0 412.252321 -1.571385
sounding_126_084       61.3570    7.1494   -1.0 411.942428 -0.638388
sounding_126_085       61.3950    7.6045   -1.0 412.018425 -1.087788
sounding_126_086       61.4317    8.0606   -1.0 412.102099  1.356796
sounding_126_087       61.4670    8.5176   -1.0 412.130581  0.934708
sounding_126_088       61.5009    8.9756   -1.0 412.166472 -0.158425
sounding_127_087       61.6854    8.4447   -1.0 411.980762 -1.140492
sounding_127_088       61.7195    8.9055   -1.0 412.004889 -0.495002
sounding_128_087       61.9036    8.3709   -1.0 411.816540 -0.904054
sounding_128_088       61.9379    8.8345   -1.0 411.855772  0.353745
sounding_128_089       61.9708    9.2990   -1.0 411.932034 -0.406860
sounding_129_087       62.1217    8.2961   -1.0 411.680539  0.029780
sounding_129_088       62.1561    8.7626   -1.0 411.718412 -0.685633
sounding_129_089       62.1892    9.2300   -1.0 411.791285 -1.461595
sounding_130_088       62.3741    8.6898   -1.0 411.599533  0.329691
sounding_130_089       62.4074    9.1602   -1.0 411.651154 -0.397372
sounding_130_090       62.4393    9.6314   -1.0 411.721483 -0.220397
sounding_131_089       62.6254    9.0894   -1.0 411.515241  1.028985
sounding_131_090       62.6574    9.5636   -1.0 411.574444  1.054478
sounding_132_091       62.9061    9.9731   -1.0 411.544570  0.792436
sounding_154_104       67.9466   15.6106   -1.0 411.248760  0.115966
sounding_158_105       68.8118   16.0573   -1.0 411.100389  1.814650
