sounding_014_092       36.7654   14.6367   -1.0 412.098350 -1.282033
sounding_014_093       36.7810   14.9082   -1.0 412.141977  0.025307
sounding_015_092       36.9829   14.6167   -1.0 412.255687  0.891109
sounding_015_093       36.9986   14.8892   -1.0 412.127074  0.271526
sounding_015_094       37.0134   15.1619   -1.0 412.025075  0.561944
sounding_016_092       37.2007   14.5965   -1.0 412.719217 -0.186532
sounding_016_093       37.2164   14.8701   -1.0 412.382450  1.494569
sounding_016_094       37.2313   15.1437   -1.0 412.165558 -0.729458
sounding_017_092       37.4186   14.5762   -1.0 413.320349  1.605963
sounding_017_093       37.4344   14.8508   -1.0 412.856549  0.310209
sounding_018_093       37.6525   14.8313   -1.0 413.340379  0.181604
sounding_018_094       37.6676   15.1071   -1.0 412.793583 -1.549981
sounding_019_093       37.8708   14.8117   -1.0 413.558836  1.088218
sounding_019_094       37.8860   15.0885   -1.0 413.073116  2.008537
sounding_019_097       37.9263   15.9196   -1.0 412.423533 -0.296264
sounding_020_093       38.0894   14.7920   -1.0 413.723142  0.739303
sounding_020_094       38.1045   15.0698   -1.0 413.298408  0.368286
sounding_020_095       38.1189   15.3477   -1.0 412.625834 -1.587678
sounding_020_096       38.1324   15.6258   -1.0 412.215951 -0.950295
sounding_020_097       38.1451   15.9040   -1.0 412.283675 -0.806940
sounding_020_098       38.1570   16.1824   -1.0 412.559784  0.775611
sounding_021_097       38.3640   15.8884   -1.0 412.235816  0.118089
sounding_021_098       38.3760   16.1678   -1.0 412.427074  1.569251
sounding_021_099       38.3870   16.4473   -1.0 412.483494 -0.351306
sounding_022_098       38.5951   16.1531   -1.0 412.389217  0.512533
sounding_022_099       38.6063   16.4337   -1.0 412.311134 -0.430938
sounding_023_099       38.8256   16.4199   -1.0 412.210396 -0.689893
sounding_024_098       39.0339   16.1233   -1.0 412.461468  0.206655
sounding_024_099       39.0452   16.4060   -1.0 412.092296 -0.684556
sounding_024_100       39.0556   16.6889   -1.0 411.696222 -0.148836
sounding_024_101       39.0651   16.9719   -1.0 411.482221 -1.201198
sounding_025_098       39.2536   16.1083   -1.0 412.442821  0.838350
sounding_025_099       39.2649   16.3921   -1.0 411.943594 -1.789175
sounding_025_100       39.2753   16.6760   -1.0 411.503858  0.897182
sounding_025_101       39.2849   16.9601   -1.0 411.327876 -0.662468
sounding_026_098       39.4734   16.0931   -1.0 412.463199  2.880874
sounding_026_099       39.4848   16.3780   -1.0 411.964834 -0.000837
sounding_026_100       39.4953   16.6631   -1.0 411.518514 -0.146497
sounding_027_098       39.6934   16.0778   -1.0 412.676193  2.457712
sounding_027_099       39.7048   16.3638   -1.0 412.233418  1.700232
sounding_028_097       39.9013   15.7753   -1.0 413.184879  0.654524
sounding_028_098       39.9136   16.0623   -1.0 412.979275 -0.025147
sounding_028_099       39.9250   16.3495   -1.0 412.674258  0.377838
sounding_028_105       39.9755   18.0746   -1.0 411.627016  0.977291
sounding_029_096       40.1083   15.4706   -1.0 413.686365  0.058767
sounding_029_097       40.1215   15.7586   -1.0 413.374175  0.605885
sounding_029_098       40.1339   16.0468   -1.0 413.245225 -0.953979
sounding_029_099       40.1454   16.3351   -1.0 413.047488  0.008529
sounding_029_100       40.1560   16.6235   -1.0 412.656662  0.552661
sounding_029_105       40.1961   18.0670   -1.0 411.356126 -1.002011
sounding_030_096       40.3286   15.4526   -1.0 413.880038  0.435301
sounding_030_097       40.3419   15.7418   -1.0 413.461047 -0.922132
sounding_030_098       40.3543   16.0311   -1.0 413.402596  0.183261
sounding_030_099       40.3659   16.3206   -1.0 413.352674  2.311329
sounding_030_100       40.3766   16.6101   -1.0 412.972040  0.662342
sounding_030_103       40.4033   17.4794   -1.0 411.605191 -1.435609
sounding_030_104       40.4105   17.7693   -1.0 411.281493  1.112558
sounding_030_105       40.4168   18.0594   -1.0 411.039156 -0.771293
sounding_031_096       40.5491   15.4346   -1.0 413.890531 -0.134909
sounding_031_097       40.5624   15.7249   -1.0 413.483038  1.039595
sounding_031_098       40.5749   16.0154   -1.0 413.417832  0.908177
sounding_031_099       40.5865   16.3059   -1.0 413.352045 -0.127907
sounding_031_100       40.5973   16.5967   -1.0 413.006461 -1.470348
sounding_031_101       40.6071   16.8875   -1.0 412.444398  2.298749
sounding_031_102       40.6161   17.1784   -1.0 411.953466  1.577362
sounding_031_103       40.6242   17.4694   -1.0 411.477766 -0.026156
sounding_031_104       40.6314   17.7605   -1.0 411.041975 -0.035472
sounding_032_097       40.7831   15.7078   -1.0 413.703762 -1.938257
sounding_032_098       40.7957   15.9994   -1.0 413.305241 -1.674773
sounding_032_099       40.8073   16.2912   -1.0 412.898082 -0.156697
sounding_032_100       40.8181   16.5831   -1.0 412.535646  0.453484
sounding_032_101       40.8280   16.8750   -1.0 412.127638  1.050172
sounding_032_102       40.8370   17.1671   -1.0 411.593653 -1.132008
sounding_032_103       40.8451   17.4593   -1.0 411.072646 -2.747661
sounding_033_097       41.0040   15.6906   -1.0 414.121913  1.500346
sounding_033_098       41.0166   15.9834   -1.0 413.277060 -0.503546
sounding_033_099       41.0283   16.2763   -1.0 412.283623  0.755319
sounding_033_100       41.0391   16.5693   -1.0 411.821871  0.393789
sounding_033_101       41.0490   16.8625   -1.0 411.596261 -0.963094
sounding_034_097       41.2249   15.6733   -1.0 414.528578  1.521434
sounding_034_098       41.2376   15.9672   -1.0 413.517139 -0.041517
sounding_034_099       41.2494   16.2613   -1.0 412.048589 -0.800318
sounding_035_098       41.4588   15.9509   -1.0 413.748900  1.649957
sounding_036_098       41.6801   15.9345   -1.0 413.660283 -0.694440
sounding_037_098       41.9015   15.9179   -1.0 413.462051 -0.182827
sounding_039_108       42.4242   18.8900   -1.0 412.164834  0.807779
sounding_040_106       42.6377   18.2812   -1.0 412.446802  1.162772
sounding_040_107       42.6425   18.5833   -1.0 412.215651  0.157648
sounding_040_108       42.6464   18.8854   -1.0 411.989691 -0.550001
sounding_040_109       42.6493   19.1876   -1.0 411.841469 -0.074077
sounding_041_104       42.8477   17.6676   -1.0 412.201727 -1.499389
sounding_041_105       42.8543   17.9708   -1.0 411.972990  0.558494
sounding_041_106       42.8600   18.2741   -1.0 411.794051 -1.558275
sounding_041_107       42.8648   18.5774   -1.0 411.866867  0.086447
sounding_041_108       42.8687   18.8808   -1.0 412.023801 -0.474919
sounding_041_109       42.8716   19.1843   -1.0 412.124354 -0.317760
sounding_042_103       43.0624   17.3534   -1.0 411.614210  1.068153
sounding_042_104       43.0700   17.6578   -1.0 411.816501 -0.046339
sounding_042_105       43.0767   17.9623   -1.0 411.652563 -0.054820
sounding_042_106       43.0824   18.2669   -1.0 411.500509 -0.756334
sounding_042_107       43.0872   18.5715   -1.0 411.647453  2.996958
sounding_042_108       43.0911   18.8762   -1.0 411.944477 -0.005592
sounding_043_103       43.2848   17.3424   -1.0 411.039125  0.822940
sounding_043_104       43.2925   17.6480   -1.0 411.425572  1.357192
sounding_043_105       43.2992   17.9538   -1.0 411.549921  0.801704
sounding_043_106       43.3049   18.2596   -1.0 411.553778 -1.655009
sounding_044_101       43.4893   16.7176   -1.0 410.089758  1.504066
sounding_044_102       43.4988   17.0243   -1.0 410.389046  1.417598
sounding_044_103       43.5074   17.3312   -1.0 410.881426  0.996481
sounding_044_104       43.5151   17.6382   -1.0 411.335047  0.325293
sounding_044_105       43.5218   17.9452   -1.0 411.734731 -0.026830
sounding_045_101       43.7118   16.7038   -1.0 410.363249 -1.143638
sounding_045_102       43.7214   17.0118   -1.0 410.800546  0.124588
sounding_045_103       43.7300   17.3200   -1.0 411.173920  0.407751
sounding_046_101       43.9345   16.6898   -1.0 410.789528  0.962715
sounding_046_102       43.9441   16.9992   -1.0 411.208700  2.024800
sounding_047_101       44.1573   16.6758   -1.0 411.079498 -0.310135
sounding_047_111       44.2113   19.7859   -1.0 413.660738 -0.188448
sounding_048_101       44.3802   16.6616   -1.0 411.277289 -0.083732
sounding_048_102       44.3899   16.9735   -1.0 411.613879  1.135753
sounding_048_103       44.3987   17.2856   -1.0 411.954985  0.544146
sounding_048_104       44.4065   17.5978   -1.0 412.282898  0.844090
sounding_048_105       44.4133   17.9101   -1.0 412.802936  0.239403
sounding_048_109       44.4312   19.1598   -1.0 414.668872 -0.819204
sounding_048_110       44.4333   19.4724   -1.0 414.872183 -0.245761
sounding_048_111       44.4344   19.7849   -1.0 414.572518 -0.798856
sounding_049_102       44.6129   16.9605   -1.0 411.748523 -0.211249
sounding_049_103       44.6217   17.2740   -1.0 412.139894  0.181509
sounding_049_104       44.6296   17.5875   -1.0 412.612894 -0.449955
sounding_049_105       44.6365   17.9011   -1.0 413.199683 -0.476600
sounding_049_106       44.6424   18.2148   -1.0 413.698252 -1.051968
sounding_049_107       44.6474   18.5286   -1.0 414.022055 -0.104176
sounding_049_108       44.6514   18.8424   -1.0 414.357647  1.749201
sounding_049_109       44.6544   19.1562   -1.0 414.849472 -2.139054
sounding_049_110       44.6565   19.4701   -1.0 415.352420  0.310552
sounding_049_111       44.6577   19.7840   -1.0 415.557335 -0.210023
sounding_050_102       44.8360   16.9474   -1.0 411.723881 -0.373440
sounding_050_103       44.8449   17.2622   -1.0 412.245155  0.666042
sounding_050_104       44.8528   17.5771   -1.0 412.802766 -0.561573
sounding_050_105       44.8597   17.8921   -1.0 413.283033  0.631813
sounding_050_106       44.8657   18.2071   -1.0 413.660617 -0.390905
sounding_050_107       44.8706   18.5222   -1.0 413.928334 -0.148113
sounding_050_108       44.8747   18.8374   -1.0 414.133504  0.844510
sounding_050_109       44.8777   19.1526   -1.0 414.514077  0.989421
sounding_050_110       44.8799   19.4678   -1.0 415.209710  1.095923
sounding_050_111       44.8810   19.7831   -1.0 415.975101  1.310292
sounding_051_102       45.0593   16.9343   -1.0 411.481667  0.215752
sounding_051_103       45.0682   17.2504   -1.0 412.020079  0.805089
sounding_051_104       45.0761   17.5666   -1.0 412.552311 -2.071496
sounding_051_105       45.0830   17.8829   -1.0 412.951328 -1.077743
sounding_051_106       45.0890   18.1993   -1.0 413.300234 -1.722705
sounding_051_107       45.0940   18.5158   -1.0 413.522955  0.280946
sounding_051_108       45.0981   18.8324   -1.0 413.609385  0.374281
sounding_051_109       45.1012   19.1489   -1.0 413.825817  0.832109
sounding_051_110       45.1033   19.4656   -1.0 414.447423 -0.276889
sounding_051_111       45.1044   19.7822   -1.0 415.465553 -0.085971
sounding_051_112       45.1046   20.0988   -1.0 416.423477 -0.151903
sounding_052_103       45.2915   17.2384   -1.0 411.582069  0.150179
sounding_052_104       45.2995   17.5560   -1.0 411.984911  0.129414
sounding_052_105       45.3064   17.8738   -1.0 412.437064  2.196333
sounding_052_106       45.3125   18.1915   -1.0 412.831320  0.114941
sounding_052_107       45.3175   18.5094   -1.0 412.951558  0.053500
sounding_052_108       45.3216   18.8273   -1.0 412.921184 -0.479091
sounding_052_109       45.3247   19.1452   -1.0 413.054395  0.785962
sounding_052_110       45.3268   19.4632   -1.0 413.555409  1.315675
sounding_052_111       45.3280   19.7812   -1.0 414.470336 -1.085885
sounding_052_112       45.3282   20.0992   -1.0 415.595556 -1.483760
sounding_053_103       45.5149   17.2264   -1.0 411.393383  0.908296
sounding_053_104       45.5230   17.5454   -1.0 411.722076 -0.039698
sounding_053_105       45.5300   17.8645   -1.0 412.139984  1.064034
sounding_053_106       45.5360   18.1836   -1.0 412.436048 -1.476943
sounding_053_107       45.5411   18.5029   -1.0 412.440581  0.105657
sounding_053_108       45.5452   18.8221   -1.0 412.351080  0.196358
sounding_053_109       45.5483   19.1415   -1.0 412.509343  1.793169
sounding_053_110       45.5504   19.4609   -1.0 412.881716  0.450999
sounding_053_111       45.5516   19.7802   -1.0 413.514296 -1.433301
sounding_053_112       45.5518   20.0997   -1.0 414.380086  1.668698
sounding_054_103       45.7385   17.2142   -1.0 411.419357 -1.720310
sounding_054_104       45.7465   17.5346   -1.0 411.718651  0.691152
sounding_054_105       45.7536   17.8551   -1.0 412.007276  0.643989
sounding_054_106       45.7597   18.1757   -1.0 412.126342  1.109713
sounding_054_107       45.7647   18.4963   -1.0 412.021298 -1.190208
sounding_054_108       45.7689   18.8170   -1.0 411.946345 -2.066251
sounding_054_109       45.7720   19.1377   -1.0 412.096706  1.014407
sounding_054_110       45.7741   19.4585   -1.0 412.414847 -0.080309
sounding_054_111       45.7753   19.7793   -1.0 412.837563 -0.352401
sounding_054_112       45.7755   20.1001   -1.0 413.363282 -0.850477
sounding_055_103       45.9621   17.2020   -1.0 411.453250  1.402528
sounding_055_104       45.9702   17.5237   -1.0 411.673498 -1.332821
sounding_055_105       45.9773   17.8456   -1.0 411.851692  0.048803
sounding_055_106       45.9834   18.1676   -1.0 411.863535  1.073181
sounding_055_107       45.9885   18.4897   -1.0 411.745967 -0.984068
sounding_055_108       45.9926   18.8118   -1.0 411.660462 -0.946566
sounding_055_109       45.9958   19.1339   -1.0 411.745868  0.984982
sounding_055_110       45.9979   19.4561   -1.0 412.057958 -1.508227
sounding_055_111       45.9991   19.7783   -1.0 412.488357  0.521399
sounding_055_112       45.9993   20.1005   -1.0 412.878979 -0.680160
sounding_055_113       45.9985   20.4228   -1.0 413.149913 -0.230707
sounding_056_104       46.1939   17.5128   -1.0 411.604074 -0.727955
sounding_056_105       46.2010   17.8361   -1.0 411.748315  0.523986
sounding_056_106       46.2072   18.1595   -1.0 411.765880  0.428997
sounding_056_107       46.2123   18.4830   -1.0 411.648986 -0.384349
sounding_056_108       46.2165   18.8065   -1.0 411.500455  0.595021
sounding_056_109       46.2196   19.1301   -1.0 411.483007  0.687144
sounding_056_110       46.2218   19.4537   -1.0 411.736042  0.947393
sounding_056_111       46.2229   19.7773   -1.0 412.196130  0.617094
sounding_056_112       46.2231   20.1010   -1.0 412.662847 -0.009509
sounding_056_113       46.2223   20.4246   -1.0 412.881841  0.361998
sounding_057_104       46.4177   17.5017   -1.0 411.693314 -0.827672
sounding_057_105       46.4249   17.8265   -1.0 411.800672 -1.305908
sounding_057_106       46.4310   18.1513   -1.0 411.826292  1.632573
sounding_057_107       46.4362   18.4763   -1.0 411.663009  0.249566
sounding_057_108       46.4404   18.8012   -1.0 411.424802  1.617043
sounding_057_109       46.4435   19.1262   -1.0 411.309434  1.832350
sounding_057_110       46.4457   19.4513   -1.0 411.461327 -0.580838
sounding_057_111       46.4469   19.7763   -1.0 411.859144  0.215720
sounding_057_112       46.4471   20.1014   -1.0 412.329752  1.893085
sounding_057_113       46.4463   20.4265   -1.0 412.653559  1.184110
sounding_058_104       46.6416   17.4906   -1.0 411.915822  0.520550
sounding_058_105       46.6488   17.8168   -1.0 411.908599 -0.896756
sounding_058_106       46.6550   18.1431   -1.0 411.909285 -0.673989
sounding_058_107       46.6602   18.4694   -1.0 411.729464  0.338501
sounding_058_108       46.6644   18.7959   -1.0 411.421745  0.825671
sounding_058_109       46.6675   19.1223   -1.0 411.208854 -1.815653
sounding_058_110       46.6697   19.4488   -1.0 411.250193 -1.122050
sounding_058_111       46.6709   19.7754   -1.0 411.530595  0.399637
sounding_058_112       46.6711   20.1019   -1.0 411.924819 -0.937900
sounding_058_113       46.6703   20.4284   -1.0 412.294898 -0.496360
sounding_058_114       46.6685   20.7549   -1.0 412.514572  1.925461
sounding_059_105       46.8728   17.8070   -1.0 412.070358 -1.181422
sounding_059_106       46.8790   18.1348   -1.0 412.002796  0.418853
sounding_059_107       46.8842   18.4626   -1.0 411.840124  1.319739
sounding_059_108       46.8884   18.7905   -1.0 411.492319  2.037589
sounding_059_109       46.8916   19.1184   -1.0 411.175706  0.303831
sounding_059_110       46.8938   19.4463   -1.0 411.109314  0.303324
sounding_059_111       46.8950   19.7743   -1.0 411.265850 -2.999566
sounding_059_112       46.8952   20.1023   -1.0 411.547428  0.614080
sounding_059_113       46.8944   20.4303   -1.0 411.881551  2.604936
sounding_059_114       46.8926   20.7583   -1.0 412.164029  1.051557
sounding_060_105       47.0968   17.7971   -1.0 412.368447  1.451393
sounding_060_106       47.1031   18.1263   -1.0 412.187375  0.437395
sounding_060_107       47.1083   18.4557   -1.0 412.011924  0.694195
sounding_060_108       47.1126   18.7850   -1.0 411.649157  0.498490
sounding_060_109       47.1158   19.1144   -1.0 411.222349  0.354466
sounding_060_110       47.1180   19.4439   -1.0 411.027461 -0.399537
sounding_060_111       47.1192   19.7733   -1.0 411.077907  1.611003
sounding_060_112       47.1194   20.1028   -1.0 411.255224  1.381631
sounding_060_113       47.1186   20.4323   -1.0 411.491760 -0.137376
sounding_060_114       47.1167   20.7617   -1.0 411.756034 -1.933673
sounding_061_105       47.3210   17.7872   -1.0 412.767747  0.503412
sounding_061_106       47.3272   18.1179   -1.0 412.519521  0.507382
sounding_061_107       47.3325   18.4487   -1.0 412.257046  0.058993
sounding_061_108       47.3368   18.7795   -1.0 411.867819  0.410615
sounding_061_109       47.3400   19.1104   -1.0 411.359992 -0.791870
sounding_061_110       47.3422   19.4413   -1.0 411.012634 -0.141240
sounding_061_111       47.3434   19.7723   -1.0 410.957660 -2.659295
sounding_061_112       47.3436   20.1033   -1.0 411.037176 -0.419095
sounding_061_113       47.3428   20.4342   -1.0 411.162438  1.004009
sounding_061_114       47.3409   20.7652   -1.0 411.353202  0.837959
sounding_062_105       47.5451   17.7771   -1.0 413.084163  0.644393
sounding_062_106       47.5515   18.1093   -1.0 412.916709 -0.362273
sounding_062_107       47.5568   18.4416   -1.0 412.632833  1.530797
sounding_062_108       47.5610   18.7740   -1.0 412.172503  0.317896
sounding_062_109       47.5643   19.1063   -1.0 411.584997 -0.823150
sounding_062_110       47.5665   19.4388   -1.0 411.107456  0.676030
sounding_062_111       47.5677   19.7713   -1.0 410.923903  0.039662
sounding_062_112       47.5679   20.1037   -1.0 410.906938 -0.916879
sounding_062_113       47.5671   20.4362   -1.0 410.938656 -1.404114
sounding_062_114       47.5652   20.7687   -1.0 411.035272  0.198597
sounding_062_115       47.5624   21.1011   -1.0 411.186735  1.031829
sounding_063_106       47.7757   18.1007   -1.0 413.172501  0.830722
sounding_063_107       47.7810   18.4345   -1.0 412.998997  0.796515
sounding_063_108       47.7853   18.7684   -1.0 412.558719  0.269828
sounding_063_109       47.7886   19.1023   -1.0 411.911771  1.119309
sounding_063_110       47.7908   19.4363   -1.0 411.320121  1.207509
sounding_063_111       47.7921   19.7702   -1.0 411.024327 -0.011878
sounding_063_112       47.7923   20.1042   -1.0 410.927774  1.326836
sounding_063_113       47.7914   20.4382   -1.0 410.888456  0.227749
sounding_063_114       47.7896   20.7722   -1.0 410.880784 -0.644595
sounding_063_115       47.7867   21.1061   -1.0 410.931545  0.326096
sounding_064_106       48.0001   18.0920   -1.0 413.181122 -1.652556
sounding_064_107       48.0054   18.4273   -1.0 413.206122  0.423890
sounding_064_108       48.0097   18.7627   -1.0 412.919941  0.039417
sounding_064_109       48.0130   19.0981   -1.0 412.307304  1.533309
sounding_064_110       48.0153   19.4337   -1.0 411.656409 -0.801324
sounding_064_111       48.0165   19.7692   -1.0 411.269981 -1.425440
sounding_064_112       48.0167   20.1047   -1.0 411.100201 -1.713125
sounding_064_113       48.0158   20.4402   -1.0 410.999691  0.639665
sounding_064_114       48.0140   20.7757   -1.0 410.912451 -0.610871
sounding_064_115       48.0111   21.1112   -1.0 410.836804 -0.578363
sounding_065_106       48.2244   18.0832   -1.0 412.948565  0.169555
sounding_065_107       48.2298   18.4200   -1.0 413.155184 -1.259777
sounding_065_108       48.2341   18.7570   -1.0 413.084732 -0.971501
sounding_065_109       48.2375   19.0940   -1.0 412.648658 -0.132661
sounding_065_110       48.2397   19.4310   -1.0 412.055484  1.949135
sounding_065_111       48.2409   19.7681   -1.0 411.599061  1.440888
sounding_065_112       48.2411   20.1052   -1.0 411.352347  1.141298
sounding_065_113       48.2403   20.4422   -1.0 411.209595  0.576197
sounding_065_114       48.2384   20.7793   -1.0 411.061985 -1.417557
sounding_065_115       48.2355   21.1163   -1.0 410.896427  0.401958
sounding_065_116       48.2316   21.4533   -1.0 410.755244  0.721809
sounding_066_106       48.4489   18.0743   -1.0 412.565849  1.682504
sounding_066_107       48.4543   18.4127   -1.0 412.856379 -0.813957
sounding_066_108       48.4586   18.7512   -1.0 412.992760  0.098554
sounding_066_109       48.4619   19.0898   -1.0 412.830136 -0.898076
sounding_066_110       48.4642   19.4284   -1.0 412.412327  1.411862
sounding_066_111       48.4654   19.7670   -1.0 411.959000  1.211673
sounding_066_112       48.4656   20.1057   -1.0 411.627015 -1.224088
sounding_066_113       48.4648   20.4443   -1.0 411.435311  0.096250
sounding_066_114       48.4629   20.7829   -1.0 411.263211 -0.316835
sounding_066_115       48.4600   21.1215   -1.0 411.064020  1.283592
sounding_066_116       48.4560   21.4600   -1.0 410.871575  1.569988
sounding_067_107       48.6788   18.4054   -1.0 412.449625 -0.212378
sounding_067_108       48.6832   18.7454   -1.0 412.701557  2.323877
sounding_067_109       48.6865   19.0856   -1.0 412.793854 -0.010106
sounding_067_110       48.6888   19.4258   -1.0 412.651775  0.285172
sounding_067_111       48.6900   19.7659   -1.0 412.330315  0.611599
sounding_067_112       48.6902   20.1061   -1.0 411.994002 -0.863550
sounding_067_113       48.6894   20.4463   -1.0 411.733976 -1.463015
sounding_067_114       48.6875   20.7865   -1.0 411.509809 -0.920965
sounding_067_115       48.6845   21.1267   -1.0 411.287545 -0.378401
sounding_067_116       48.6805   21.4668   -1.0 411.064849 -1.176201
sounding_068_107       48.9033   18.3979   -1.0 412.058280  0.284969
sounding_068_108       48.9077   18.7396   -1.0 412.325840  0.327075
sounding_068_109       48.9111   19.0813   -1.0 412.540162  0.124461
sounding_068_110       48.9134   19.4231   -1.0 412.644171 -1.049634
sounding_068_111       48.9146   19.7648   -1.0 412.599616  1.516911
sounding_068_112       48.9148   20.1067   -1.0 412.413760  0.266283
sounding_068_113       48.9139   20.4484   -1.0 412.157824 -0.097284
sounding_068_114       48.9121   20.7902   -1.0 411.883308 -0.372732
sounding_068_115       48.9091   21.1320   -1.0 411.599595 -0.744438
sounding_068_116       48.9051   21.4736   -1.0 411.324287 -0.941480
sounding_069_107       49.1279   18.3904   -1.0 411.731471 -1.182029
sounding_069_108       49.1323   18.7336   -1.0 411.939140 -0.335977
sounding_069_109       49.1357   19.0770   -1.0 412.162641 -0.608741
sounding_069_110       49.1380   19.4203   -1.0 412.371546  0.272119
sounding_069_111       49.1392   19.7637   -1.0 412.550023 -0.090160
sounding_069_112       49.1394   20.1072   -1.0 412.613233  0.236449
sounding_069_113       49.1386   20.4505   -1.0 412.515248 -1.777139
sounding_069_114       49.1367   20.7939   -1.0 412.284627 -1.324024
sounding_069_115       49.1337   21.1373   -1.0 411.975140  0.503615
sounding_069_116       49.1297   21.4806   -1.0 411.640036  1.398312
sounding_069_117       49.1246   21.8238   -1.0 411.330376 -0.432423
sounding_070_108       49.3570   18.7277   -1.0 411.669959  0.047076
sounding_070_111       49.3639   19.7626   -1.0 412.191403 -0.685441
sounding_070_112       49.3641   20.1077   -1.0 412.406132  0.641749
sounding_070_113       49.3633   20.4527   -1.0 412.521628 -0.146948
sounding_071_108       49.5817   18.7217   -1.0 411.545623  0.687877
sounding_079_110       51.3858   19.3918   -1.0 410.519750  1.377952
sounding_079_111       51.3871   19.7521   -1.0 410.570142  0.239947
sounding_080_110       51.6107   19.3888   -1.0 410.457305 -0.071251
sounding_080_111       51.6120   19.7508   -1.0 410.436199 -0.487273
sounding_080_112       51.6122   20.1130   -1.0 410.554415 -1.735098
sounding_081_111       51.8369   19.7496   -1.0 410.416441  0.178351
sounding_081_112       51.8371   20.1136   -1.0 410.456980 -0.702339
sounding_081_113       51.8362   20.4775   -1.0 410.572552  2.316165
sounding_082_111       52.0617   19.7484   -1.0 410.455975 -0.764830
sounding_082_112       52.0620   20.1141   -1.0 410.472185  2.010952
sounding_082_113       52.0610   20.4799   -1.0 410.492078  0.071077
sounding_082_114       52.0590   20.8455   -1.0 410.573827  0.547860
sounding_082_115       52.0558   21.2112   -1.0 410.722734 -1.777594
sounding_083_111       52.2866   19.7471   -1.0 410.522336  0.863328
sounding_083_112       52.2868   20.1147   -1.0 410.543706 -1.793076
sounding_083_113       52.2859   20.4823   -1.0 410.524022 -1.084789
sounding_083_114       52.2838   20.8498   -1.0 410.511523 -0.389432
sounding_083_115       52.2807   21.2173   -1.0 410.571112 -1.737567
sounding_083_116       52.2764   21.5847   -1.0 410.706125  0.557952
sounding_083_120       52.2478   23.0535   -1.0 411.276106 -1.025598
sounding_084_111       52.5114   19.7459   -1.0 410.635827  0.243514
sounding_084_112       52.5117   20.1153   -1.0 410.639081 -1.133035
sounding_084_113       52.5107   20.4847   -1.0 410.624555  0.003802
sounding_084_114       52.5087   20.8541   -1.0 410.568272  0.497867
sounding_084_115       52.5055   21.2234   -1.0 410.526679  0.420398
sounding_084_116       52.5011   21.5927   -1.0 410.572953  0.039462
sounding_084_119       52.4813   22.7001   -1.0 410.983633 -1.014294
sounding_084_120       52.4725   23.0689   -1.0 411.137109  0.560089
sounding_084_121       52.4625   23.4376   -1.0 411.276227  2.254218
sounding_085_112       52.7365   20.1158   -1.0 410.735222 -0.502035
sounding_085_113       52.7356   20.4871   -1.0 410.709787 -1.207597
sounding_085_114       52.7335   20.8584   -1.0 410.647923  1.470767
sounding_085_115       52.7303   21.2297   -1.0 410.537649 -0.214813
sounding_085_116       52.7259   21.6008   -1.0 410.471605  0.470501
sounding_085_117       52.7204   21.9719   -1.0 410.493787  0.548292
sounding_085_119       52.7060   22.7138   -1.0 410.730227 -0.780342
sounding_085_120       52.6971   23.0845   -1.0 410.917170  1.615542
sounding_085_121       52.6870   23.4551   -1.0 411.107787 -0.645470
sounding_086_113       52.9604   20.4897   -1.0 410.739361 -0.241905
sounding_086_114       52.9583   20.8628   -1.0 410.687752  0.207616
sounding_086_115       52.9550   21.2359   -1.0 410.567752 -1.430255
sounding_086_116       52.9507   21.6090   -1.0 410.424890 -0.312729
sounding_086_117       52.9451   21.9820   -1.0 410.330707 -1.189014
sounding_086_118       52.9385   22.3549   -1.0 410.340519 -1.063443
sounding_086_119       52.9307   22.7276   -1.0 410.457998 -0.598005
sounding_086_120       52.9217   23.1002   -1.0 410.665040 -0.694128
sounding_086_121       52.9116   23.4727   -1.0 410.900431 -0.454098
sounding_087_114       53.1831   20.8672   -1.0 410.701414  1.543807
sounding_087_115       53.1798   21.2423   -1.0 410.607840  0.080382
sounding_087_116       53.1754   21.6172   -1.0 410.426771  0.860743
sounding_087_117       53.1699   21.9922   -1.0 410.255672 -0.863330
sounding_087_118       53.1632   22.3669   -1.0 410.192784 -0.931249
sounding_087_119       53.1553   22.7416   -1.0 410.261307  0.643914
sounding_087_120       53.1463   23.1161   -1.0 410.437436 -0.500067
sounding_087_121       53.1362   23.4905   -1.0 410.662016 -0.802634
sounding_088_115       53.4045   21.2487   -1.0 410.621919  0.065890
sounding_088_116       53.4001   21.6256   -1.0 410.458555 -1.538600
sounding_088_117       53.3946   22.0024   -1.0 410.266537  0.743995
sounding_088_118       53.3878   22.3791   -1.0 410.146837  1.473461
sounding_088_119       53.3799   22.7557   -1.0 410.145394  0.162905
sounding_088_120       53.3709   23.1322   -1.0 410.256207 -0.336255
sounding_088_122       53.3493   23.8845   -1.0 410.681028 -0.039603
sounding_089_116       53.6248   21.6340   -1.0 410.482472  0.323534
sounding_089_117       53.6192   22.0128   -1.0 410.327263  0.115038
sounding_089_118       53.6124   22.3914   -1.0 410.183021 -0.865295
sounding_089_119       53.6045   22.7700   -1.0 410.110211  0.201075
sounding_090_118       53.8370   22.4039   -1.0 410.252381  0.604750
sounding_090_119       53.8291   22.7844   -1.0 410.128082  1.119307
sounding_091_118       54.0616   22.4165   -1.0 410.323371  0.673295
sounding_092_113       54.3086   20.5051   -1.0 410.616818 -0.433612
sounding_093_117       54.5175   22.0554   -1.0 410.429219  1.424509
sounding_093_118       54.5106   22.4421   -1.0 410.344150 -1.317729
sounding_095_119       54.9512   22.8588   -1.0 410.372972  0.365148
sounding_095_120       54.9418   23.2493   -1.0 410.302546  1.350360
sounding_096_124       55.1163   24.8350   -1.0 410.512619 -1.818131
sounding_097_123       55.3545   24.4673   -1.0 410.392398 -1.270633
sounding_097_124       55.3402   24.8611   -1.0 410.461233 -0.482778
sounding_098_122       55.5916   24.0953   -1.0 410.516008 -0.062150
sounding_098_123       55.5784   24.4915   -1.0 410.411801  1.386546
sounding_098_124       55.5640   24.8875   -1.0 410.441088  0.170550
sounding_099_115       55.8739   21.3238   -1.0 410.610539 -0.119048
sounding_099_119       55.8479   22.9213   -1.0 410.682594  1.239994
sounding_099_120       55.8383   23.3203   -1.0 410.718870  1.036445
sounding_099_121       55.8275   23.7191   -1.0 410.683160  2.498156
sounding_099_122       55.8155   24.1177   -1.0 410.593647  0.511185
sounding_099_123       55.8023   24.5160   -1.0 410.515949 -0.181417
sounding_099_124       55.7878   24.9141   -1.0 410.524398 -2.400421
sounding_099_125       55.7722   25.3119   -1.0 410.663224  0.880371
sounding_100_115       56.0981   21.3311   -1.0 410.670627  0.576331
sounding_100_119       56.0719   22.9373   -1.0 410.668274 -0.518455
sounding_100_120       56.0623   23.3385   -1.0 410.710639  0.988716
sounding_100_121       56.0514   23.7395   -1.0 410.730607 -0.790015
sounding_100_122       56.0393   24.1403   -1.0 410.725295 -0.229038
sounding_100_123       56.0260   24.5408   -1.0 410.707490 -0.393580
sounding_100_124       56.0115   24.9410   -1.0 410.696213  0.199278
sounding_100_125       55.9958   25.3410   -1.0 410.744498 -0.608909
sounding_101_117       56.3115   22.1462   -1.0 410.661245 -0.311497
sounding_101_119       56.2958   22.9535   -1.0 410.711633 -0.976831
sounding_101_120       56.2862   23.3569   -1.0 410.745259 -0.608867
sounding_101_121       56.2753   23.7601   -1.0 410.806308 -2.195366
sounding_101_122       56.2631   24.1631   -1.0 410.880455 -0.363582
sounding_101_123       56.2497   24.5658   -1.0 410.905498  1.281601
sounding_101_124       56.2351   24.9683   -1.0 410.860322  0.529438
sounding_101_125       56.2193   25.3704   -1.0 410.807621 -0.469303
sounding_102_116       56.5414   21.7520   -1.0 410.708147  0.141796
sounding_102_124       56.4587   24.9958   -1.0 410.935780 -0.712824
sounding_102_125       56.4428   25.4002   -1.0 410.786022  1.123839
sounding_103_126       56.6489   25.8365   -1.0 410.559389  0.181561
sounding_104_117       56.9830   22.1824   -1.0 410.920936  1.060055
sounding_104_118       56.9757   22.5929   -1.0 410.915906 -0.086848
sounding_104_119       56.9672   23.0033   -1.0 410.911683 -1.033333
sounding_104_120       56.9573   23.4135   -1.0 410.953091  0.979050
sounding_104_121       56.9463   23.8234   -1.0 411.021065 -1.725590
sounding_104_122       56.9339   24.2331   -1.0 411.053174  1.182130
sounding_104_126       56.8721   25.8691   -1.0 410.515716  0.373576
sounding_105_118       57.1994   22.6076   -1.0 410.924482 -3.755446
sounding_105_119       57.1908   23.0203   -1.0 410.920205 -1.702430
sounding_105_123       57.1437   24.6688   -1.0 410.944258  0.142040
sounding_105_124       57.1288   25.0802   -1.0 410.837466  1.036044
sounding_105_125       57.1126   25.4914   -1.0 410.673826  0.233069
sounding_105_126       57.0952   25.9022   -1.0 410.543521 -0.844204
sounding_106_117       57.4303   22.2072   -1.0 410.960054 -1.022089
sounding_106_118       57.4229   22.6224   -1.0 410.923933  1.565731
sounding_106_123       57.3670   24.6953   -1.0 410.937853 -1.885200
sounding_106_124       57.3520   25.1090   -1.0 410.889717  1.314776
sounding_106_125       57.3357   25.5225   -1.0 410.742089  0.576905
sounding_106_126       57.3182   25.9356   -1.0 410.588340  0.050710
sounding_107_117       57.6538   22.2198   -1.0 411.005714 -0.052070
sounding_107_123       57.5901   24.7220   -1.0 410.975925  0.221414
sounding_107_124       57.5751   25.1381   -1.0 410.944946  0.642659
sounding_107_125       57.5587   25.5539   -1.0 410.818977  0.438108
sounding_107_126       57.5411   25.9694   -1.0 410.651434 -0.339636
sounding_107_127       57.5223   26.3844   -1.0 410.569742 -0.004667
sounding_108_123       57.8132   24.7491   -1.0 411.025038  0.095837
sounding_108_124       57.7981   25.1676   -1.0 411.011776 -1.602277
sounding_108_125       57.7816   25.5858   -1.0 410.908409  0.199753
sounding_108_126       57.7639   26.0035   -1.0 410.745739  1.499015
sounding_108_127       57.7450   26.4209   -1.0 410.626510 -1.566744
sounding_109_125       58.0044   25.6179   -1.0 411.021305  1.311494
sounding_109_126       57.9866   26.0381   -1.0 410.869416  0.765012
sounding_109_127       57.9676   26.4579   -1.0 410.717757 -2.566246
sounding_110_118       58.3161   22.6834   -1.0 411.223594 -0.012149
sounding_111_118       58.5392   22.6991   -1.0 411.311528 -0.890819
sounding_111_119       58.5303   23.1262   -1.0 411.304911  0.582299
sounding_111_121       58.5086   23.9797   -1.0 411.222899 -0.485356
sounding_111_122       58.4958   24.4061   -1.0 411.190042  1.639341
sounding_111_123       58.4817   24.8322   -1.0 411.200611  0.101893
sounding_112_120       58.7429   23.5740   -1.0 411.356275  1.327405
sounding_112_121       58.7313   24.0031   -1.0 411.305906  0.951777
sounding_112_122       58.7185   24.4320   -1.0 411.263252 -0.231503
sounding_112_123       58.7043   24.8606   -1.0 411.256139  1.210223
sounding_112_124       58.6889   25.2889   -1.0 411.264030 -1.790942
sounding_112_125       58.6721   25.7167   -1.0 411.215757 -1.630663
sounding_113_120       58.9656   23.5951   -1.0 411.403001 -0.205782
sounding_113_121       58.9540   24.0268   -1.0 411.382726  0.071294
sounding_113_122       58.9410   24.4582   -1.0 411.345204 -0.266853
sounding_113_123       58.9268   24.8893   -1.0 411.315643  0.059964
sounding_113_124       58.9113   25.3200   -1.0 411.289072  1.657346
sounding_113_125       58.8944   25.7504   -1.0 411.231785  0.376051
sounding_113_126       58.8762   26.1804   -1.0 411.110908 -1.351696
sounding_114_120       59.1882   23.6165   -1.0 411.395440  0.538321
sounding_114_121       59.1765   24.0507   -1.0 411.423450  0.988163
sounding_114_122       59.1635   24.4847   -1.0 411.412376  1.598683
sounding_114_123       59.1492   24.9183   -1.0 411.372275  0.840369
sounding_114_124       59.1335   25.3516   -1.0 411.317544 -0.114707
sounding_114_125       59.1166   25.7845   -1.0 411.246755 -1.221049
sounding_114_126       59.0983   26.2170   -1.0 411.132211  0.311086
sounding_114_127       59.0787   26.6491   -1.0 410.973350  1.022656
sounding_115_122       59.3858   24.5115   -1.0 411.423150  0.168000
sounding_115_123       59.3714   24.9477   -1.0 411.406157  1.107398
sounding_115_124       59.3557   25.3836   -1.0 411.343509 -0.933237
sounding_115_125       59.3386   25.8191   -1.0 411.252685  1.585911
sounding_115_126       59.3203   26.2541   -1.0 411.131540  0.180372
sounding_115_127       59.3006   26.6887   -1.0 410.984913  0.672354
sounding_115_128       59.2796   27.1229   -1.0 410.833666 -0.713369
sounding_116_125       59.5605   25.8540   -1.0 411.259239 -0.254015
sounding_116_126       59.5421   26.2916   -1.0 411.128672  0.126521
sounding_118_120       60.0771   23.7046   -1.0 410.962139 -1.023008
sounding_118_121       60.0651   24.1493   -1.0 410.970050 -0.444866
sounding_119_120       60.2989   23.7273   -1.0 410.914240 -0.087895
sounding_119_121       60.2869   24.1748   -1.0 410.894441  2.169861
sounding_119_122       60.2736   24.6219   -1.0 410.891061 -0.467494
sounding_119_123       60.2589   25.0688   -1.0 410.897048 -1.221166
sounding_120_121       60.5086   24.2005   -1.0 410.878801 -0.273851
sounding_120_122       60.4952   24.6504   -1.0 410.840470  0.904139
sounding_120_123       60.4804   25.1000   -1.0 410.806776 -0.802401
sounding_120_124       60.4642   25.5492   -1.0 410.791541  1.344248
sounding_120_125       60.4467   25.9980   -1.0 410.809852  0.479493
sounding_121_121       60.7301   24.2266   -1.0 410.884508  0.618435
sounding_121_122       60.7166   24.6793   -1.0 410.824015 -0.461793
sounding_121_123       60.7017   25.1316   -1.0 410.761452  0.219288
sounding_121_124       60.6855   25.5836   -1.0 410.720325  0.494960
sounding_121_125       60.6679   26.0351   -1.0 410.715397  1.436476
sounding_121_126       60.6489   26.4861   -1.0 410.753703 -0.173502
sounding_121_127       60.6285   26.9367   -1.0 410.816671  0.123887
sounding_121_128       60.6069   27.3867   -1.0 410.867640 -0.925321
sounding_121_129       60.5838   27.8362   -1.0 410.871414  0.074450
sounding_122_121       60.9514   24.2529   -1.0 410.880639  1.915144
sounding_122_122       60.9378   24.7084   -1.0 410.809076 -2.313175
sounding_122_123       60.9229   25.1636   -1.0 410.737077  0.499145
sounding_122_124       60.9066   25.6183   -1.0 410.693027 -1.492640
sounding_122_125       60.8889   26.0727   -1.0 410.677497  2.361302
sounding_122_126       60.8698   26.5265   -1.0 410.703106 -0.389874
sounding_122_127       60.8493   26.9798   -1.0 410.768555  0.365054
sounding_122_128       60.8275   27.4326   -1.0 410.851440  0.016694
sounding_122_129       60.8043   27.8849   -1.0 410.917059 -0.362195
sounding_122_130       60.7798   28.3365   -1.0 410.923132 -0.980760
sounding_123_121       61.1726   24.2796   -1.0 410.855750  0.010319
sounding_123_122       61.1589   24.7380   -1.0 410.786642 -0.707268
sounding_123_123       61.1439   25.1960   -1.0 410.713711 -1.908318
sounding_123_124       61.1275   25.6536   -1.0 410.666934 -2.386487
sounding_123_125       61.1097   26.1107   -1.0 410.650910  0.555107
sounding_123_126       61.0905   26.5674   -1.0 410.679810  0.989492
sounding_123_127       61.0699   27.0235   -1.0 410.744877 -0.978030
sounding_123_128       61.0480   27.4791   -1.0 410.824949 -2.483874
sounding_123_129       61.0247   27.9341   -1.0 410.910200 -0.525428
sounding_123_130       61.0000   28.3885   -1.0 410.971926 -0.082857
sounding_123_131       60.9740   28.8422   -1.0 410.965582 -0.924394
sounding_124_122       61.3799   24.7679   -1.0 410.772483  1.228657
sounding_124_123       61.3648   25.2288   -1.0 410.694317 -0.297209
sounding_124_124       61.3483   25.6892   -1.0 410.649656 -0.937667
sounding_124_125       61.3304   26.1492   -1.0 410.638898  1.489499
sounding_124_126       61.3111   26.6087   -1.0 410.675208  1.015284
sounding_124_127       61.2904   27.0677   -1.0 410.732162  2.402444
sounding_124_128       61.2683   27.5261   -1.0 410.810061 -0.190367
sounding_124_131       61.1939   28.8977   -1.0 410.993873  0.852722
sounding_125_122       61.6006   24.7982   -1.0 410.781840  0.203392
sounding_125_123       61.5854   25.2620   -1.0 410.710208 -0.282080
sounding_125_124       61.5688   25.7253   -1.0 410.653823 -0.152389
sounding_125_125       61.5508   26.1882   -1.0 410.639331  1.523010
sounding_125_126       61.5314   26.6506   -1.0 410.672175 -0.316557
sounding_125_127       61.5106   27.1125   -1.0 410.738276  1.832795
sounding_125_128       61.4885   27.5737   -1.0 410.808355  0.148960
sounding_125_130       61.4399   28.4945   -1.0 410.903547  0.103016
sounding_125_131       61.4136   28.9538   -1.0 410.949233  0.556444
sounding_126_122       61.8212   24.8289   -1.0 410.808684  0.640628
sounding_126_123       61.8059   25.2956   -1.0 410.737717  0.527385
sounding_126_124       61.7892   25.7619   -1.0 410.681243 -1.279187
sounding_126_125       61.7711   26.2277   -1.0 410.673983  0.789027
sounding_126_127       61.7307   27.1578   -1.0 410.762061  0.718584
sounding_126_128       61.7084   27.6220   -1.0 410.819427 -0.317144
sounding_126_129       61.6847   28.0855   -1.0 410.865408 -0.939791
sounding_126_131       61.6331   29.0107   -1.0 410.915669 -0.312330
sounding_127_122       62.0416   24.8600   -1.0 410.838526 -0.471479
sounding_127_123       62.0262   25.3297   -1.0 410.780854 -1.999248
sounding_127_124       62.0095   25.7990   -1.0 410.737350 -0.055723
sounding_127_125       61.9913   26.2677   -1.0 410.734615 -1.671442
sounding_127_126       61.9716   26.7360   -1.0 410.762372 -1.677166
sounding_127_127       61.9506   27.2037   -1.0 410.797861 -0.743484
sounding_127_128       61.9282   27.6708   -1.0 410.834231  1.130923
sounding_127_129       61.9044   28.1373   -1.0 410.865341  1.261712
sounding_127_130       61.8791   28.6031   -1.0 410.887811  0.818732
sounding_127_131       61.8525   29.0683   -1.0 410.913338  0.147055
sounding_128_122       62.2618   24.8915   -1.0 410.896540 -0.724926
sounding_128_123       62.2464   25.3642   -1.0 410.855220 -0.229741
sounding_128_124       62.2295   25.8365   -1.0 410.807978  1.446111
sounding_128_125       62.2112   26.3083   -1.0 410.780864  0.573069
sounding_128_126       62.1915   26.7795   -1.0 410.779198  0.896201
sounding_128_127       62.1703   27.2502   -1.0 410.794915 -0.715739
sounding_128_128       62.1478   27.7203   -1.0 410.819057  0.503526
sounding_128_131       62.0716   29.1266   -1.0 410.917749 -0.213437
sounding_128_132       62.0434   29.5939   -1.0 410.930541 -0.475817
sounding_129_123       62.4663   25.3991   -1.0 410.912939  0.189291
sounding_129_124       62.4493   25.8745   -1.0 410.847844  1.126979
sounding_129_125       62.4309   26.3493   -1.0 410.783320  0.328026
sounding_129_126       62.4111   26.8236   -1.0 410.752586 -0.433442
sounding_129_127       62.3898   27.2973   -1.0 410.757334  0.080358
sounding_129_128       62.3671   27.7704   -1.0 410.779975  1.468828
sounding_129_129       62.3430   28.2429   -1.0 410.821009 -1.714358
sounding_129_130       62.3175   28.7146   -1.0 410.884073  1.157670
sounding_129_131       62.2906   29.1857   -1.0 410.938848  1.287428
sounding_129_132       62.2622   29.6559   -1.0 410.965265  0.788157
sounding_130_123       62.6860   25.4346   -1.0 410.911916  0.412403
sounding_130_124       62.6690   25.9130   -1.0 410.839653 -1.671054
sounding_130_125       62.6505   26.3909   -1.0 410.770035 -1.484954
sounding_130_126       62.6305   26.8683   -1.0 410.735312  0.498105
sounding_130_127       62.6091   27.3450   -1.0 410.732263  0.621168
sounding_130_128       62.5863   27.8212   -1.0 410.757963 -0.342860
sounding_130_129       62.5621   28.2967   -1.0 410.815198  1.465178
sounding_130_130       62.5364   28.7715   -1.0 410.889446  2.286728
sounding_130_131       62.5093   29.2455   -1.0 410.962486  0.286857
sounding_131_123       62.9056   25.4705   -1.0 410.853946 -1.142971
sounding_131_124       62.8884   25.9520   -1.0 410.803259 -2.585633
sounding_131_125       62.8698   26.4330   -1.0 410.751515 -0.032190
sounding_131_126       62.8497   26.9135   -1.0 410.726782  0.905237
sounding_131_127       62.8282   27.3934   -1.0 410.729516 -1.286249
sounding_131_129       62.7809   28.3512   -1.0 410.815576 -0.660167
sounding_131_130       62.7551   28.8290   -1.0 410.877656 -0.399164
sounding_131_131       62.7279   29.3061   -1.0 410.959780  0.101537
sounding_131_132       62.6992   29.7824   -1.0 411.054350 -1.908370
sounding_131_133       62.6691   30.2578   -1.0 411.147641  0.159249
sounding_132_124       63.1076   25.9915   -1.0 410.763182 -0.212946
sounding_132_125       63.0889   26.4757   -1.0 410.743972  0.898151
sounding_132_126       63.0687   26.9594   -1.0 410.737814 -0.939883
sounding_132_127       63.0471   27.4424   -1.0 410.748425  2.128194
sounding_132_128       63.0241   27.9247   -1.0 410.769585 -0.273105
sounding_132_129       62.9995   28.4064   -1.0 410.798430  0.865004
sounding_132_130       62.9736   28.8873   -1.0 410.839649 -0.336199
sounding_132_131       62.9462   29.3675   -1.0 410.913506 -0.209463
sounding_132_132       62.9173   29.8469   -1.0 411.018646 -0.604108
sounding_132_133       62.8871   30.3254   -1.0 411.141426 -1.182661
sounding_133_125       63.3078   26.5190   -1.0 410.740423  1.204134
sounding_133_126       63.2876   27.0058   -1.0 410.756196 -0.090328
sounding_133_127       63.2658   27.4920   -1.0 410.769100 -0.130342
sounding_133_128       63.2426   27.9775   -1.0 410.769275 -0.526966
sounding_133_129       63.2179   28.4623   -1.0 410.769509  0.072371
sounding_133_130       63.1918   28.9464   -1.0 410.783178 -0.221924
sounding_133_131       63.1643   29.4297   -1.0 410.833425 -0.120410
sounding_133_132       63.1353   29.9122   -1.0 410.946565 -0.186541
sounding_133_133       63.1048   30.3938   -1.0 411.101756 -0.660412
sounding_134_126       63.5061   27.0529   -1.0 410.744217  1.088800
sounding_134_127       63.4843   27.5423   -1.0 410.752534 -1.245925
sounding_134_128       63.4609   28.0310   -1.0 410.746240 -1.815796
sounding_134_129       63.4361   28.5190   -1.0 410.729796  1.671401
sounding_134_130       63.4099   29.0063   -1.0 410.729056  1.376772
sounding_134_132       63.3530   29.9784   -1.0 410.902987  0.147603
sounding_134_133       63.3224   30.4631   -1.0 411.083232 -0.159873
sounding_134_134       63.2903   30.9469   -1.0 411.271365 -0.201978
sounding_135_129       63.6541   28.5765   -1.0 410.688337 -1.241779
sounding_135_130       63.6277   29.0670   -1.0 410.693825  0.729096
sounding_135_131       63.5998   29.5567   -1.0 410.753464 -0.982396
sounding_135_132       63.5705   30.0455   -1.0 410.892166  0.038445
sounding_135_133       63.5397   30.5334   -1.0 411.075472  0.133171
sounding_135_134       63.5075   31.0203   -1.0 411.256303 -0.759139
sounding_136_129       63.8718   28.6348   -1.0 410.662182  0.891662
sounding_136_130       63.8453   29.1285   -1.0 410.675124 -0.584071
sounding_136_131       63.8172   29.6214   -1.0 410.743021 -2.282659
sounding_136_132       63.7877   30.1134   -1.0 410.869985  0.255062
sounding_136_133       63.7568   30.6045   -1.0 411.038230 -1.915728
sounding_136_134       63.7244   31.0947   -1.0 411.215379  1.763524
sounding_137_128       64.1145   28.1959   -1.0 410.656484  0.247180
sounding_137_129       64.0893   28.6938   -1.0 410.652024 -0.104061
sounding_137_130       64.0626   29.1909   -1.0 410.668983  0.578163
sounding_137_131       64.0344   29.6870   -1.0 410.731385  0.437408
sounding_137_132       64.0047   30.1823   -1.0 410.827589 -1.142664
sounding_137_133       63.9736   30.6767   -1.0 410.963012 -0.591997
sounding_137_134       63.9410   31.1701   -1.0 411.130561  1.000801
sounding_138_129       64.3066   28.7536   -1.0 410.634641 -1.837190
sounding_138_130       64.2797   29.2540   -1.0 410.655594 -0.034560
sounding_138_131       64.2513   29.7536   -1.0 410.703457  0.410378
sounding_138_132       64.2215   30.2522   -1.0 410.773659 -0.065580
sounding_138_133       64.1902   30.7498   -1.0 410.879059  0.964346
sounding_138_134       64.1574   31.2465   -1.0 411.029623  0.242439
sounding_139_130       64.4965   29.3181   -1.0 410.641321  1.035218
sounding_139_131       64.4680   29.8210   -1.0 410.675044 -0.381179
sounding_139_132       64.4380   30.3230   -1.0 410.717901  0.636293
sounding_139_133       64.4065   30.8240   -1.0 410.798273 -1.234694
sounding_139_134       64.3735   31.3239   -1.0 410.932983 -1.009567
sounding_139_135       64.3391   31.8229   -1.0 411.115566  0.708466
sounding_140_125       64.8340   26.8388   -1.0 410.619807 -0.117168
sounding_140_129       64.7403   28.8758   -1.0 410.610074  0.325346
sounding_140_132       64.6543   30.3948   -1.0 410.662713 -0.567044
sounding_140_133       64.6226   30.8991   -1.0 410.706295  0.432826
sounding_140_134       64.5894   31.4025   -1.0 410.810556  1.080797
sounding_140_135       64.5547   31.9047   -1.0 410.971260  0.655791
sounding_141_126       65.0298   27.4009   -1.0 410.601156 -0.258991
sounding_141_133       64.8384   30.9753   -1.0 410.614993 -0.337035
sounding_141_134       64.8050   31.4821   -1.0 410.679831 -0.906456
sounding_141_135       64.7702   31.9877   -1.0 410.800958 -0.103361
sounding_142_126       65.2464   27.4535   -1.0 410.625910 -0.354771
sounding_142_132       65.0860   30.5413   -1.0 410.579991  0.280016
sounding_142_133       65.0540   31.0526   -1.0 410.555696 -0.403779
sounding_142_134       65.0204   31.5628   -1.0 410.577829  1.718268
sounding_142_135       64.9853   32.0719   -1.0 410.654873 -0.184065
sounding_142_136       64.9487   32.5797   -1.0 410.777542 -0.751072
sounding_143_126       65.4629   27.5068   -1.0 410.656065 -0.488014
sounding_143_133       65.2692   31.1310   -1.0 410.535832 -0.669158
sounding_143_134       65.2355   31.6446   -1.0 410.536335  0.185119
sounding_143_135       65.2002   32.1572   -1.0 410.578584  0.621056
sounding_143_136       65.1634   32.6685   -1.0 410.644345  1.283175
sounding_144_132       65.5167   30.6921   -1.0 410.580859 -0.751007
sounding_144_133       65.4842   31.2104   -1.0 410.556255 -1.318496
sounding_144_134       65.4503   31.7277   -1.0 410.555498 -0.628105
sounding_144_135       65.4148   32.2437   -1.0 410.577315  0.782074
sounding_144_136       65.3778   32.7585   -1.0 410.600959 -0.845113
sounding_145_132       65.7316   30.7690   -1.0 410.613501 -0.751090
sounding_145_133       65.6989   31.2910   -1.0 410.608600  1.405336
sounding_145_136       65.5918   32.8498   -1.0 410.600698 -1.423476
sounding_146_132       65.9462   30.8471   -1.0 410.668185  1.939493
sounding_146_133       65.9134   31.3728   -1.0 410.667017 -0.956991
sounding_146_134       65.8790   31.8972   -1.0 410.663324  0.153151
sounding_147_130       66.2219   29.8642   -1.0 410.741391  0.869716
sounding_147_131       66.1920   30.3958   -1.0 410.738006 -0.905320
sounding_147_133       66.1275   31.4557   -1.0 410.720941 -0.581043
sounding_147_134       66.0929   31.9839   -1.0 410.701770 -0.545045
sounding_148_129       66.4649   29.4004   -1.0 410.780848  0.533501
sounding_148_130       66.4364   29.9370   -1.0 410.793804 -0.937414
sounding_148_131       66.4063   30.4724   -1.0 410.793454 -0.081416
sounding_148_132       66.3746   31.0067   -1.0 410.785785 -0.396645
sounding_148_133       66.3414   31.5399   -1.0 410.768962 -0.791259
sounding_148_137       66.1929   33.6596   -1.0 410.588837 -0.163315
sounding_149_131       66.6202   30.5501   -1.0 410.835877 -0.380581
sounding_149_132       66.5883   31.0883   -1.0 410.828772  0.339295
sounding_149_133       66.5549   31.6252   -1.0 410.812105 -0.832754
sounding_149_136       66.4452   33.2283   -1.0 410.684104 -0.710705
sounding_150_131       66.8338   30.6290   -1.0 410.858127 -1.908004
sounding_150_132       66.8018   31.1711   -1.0 410.850720  1.160098
sounding_151_133       66.9811   31.7998   -1.0 410.840056  1.875195
sounding_151_137       66.8298   33.9651   -1.0 410.668515  0.274316
sounding_151_138       66.7881   34.5027   -1.0 410.579042  0.613368
