sounding_026_113       39.5533   20.3748   -1.0 415.145953 -0.478152
sounding_027_112       39.7743   20.0895   -1.0 415.182788  1.164155
sounding_027_113       39.7736   20.3763   -1.0 415.063392 -0.389003
sounding_028_105       39.9755   18.0746   -1.0 415.723105 -0.489899
sounding_028_106       39.9809   18.3624   -1.0 415.698021  1.303119
sounding_028_112       39.9949   20.0898   -1.0 415.217255 -0.213634
sounding_028_113       39.9942   20.3778   -1.0 415.143317  0.053642
sounding_029_105       40.1961   18.0670   -1.0 415.733986  0.857480
sounding_029_106       40.2015   18.3559   -1.0 415.709253  2.146894
sounding_029_111       40.2154   19.8011   -1.0 415.498747 -1.999638
sounding_029_112       40.2155   20.0902   -1.0 415.390793  0.000166
sounding_029_113       40.2148   20.3793   -1.0 415.317050  1.184673
sounding_030_104       40.4105   17.7693   -1.0 415.629313  0.312649
sounding_030_105       40.4168   18.0594   -1.0 415.767694  1.350846
sounding_030_110       40.4352   19.5101   -1.0 415.748063 -1.415102
sounding_030_111       40.4362   19.8003   -1.0 415.688452 -0.800082
sounding_030_112       40.4364   20.0906   -1.0 415.577252 -1.753381
sounding_030_113       40.4357   20.3808   -1.0 415.468435  0.055737
sounding_030_114       40.4341   20.6710   -1.0 415.432937 -1.691213
sounding_031_104       40.6314   17.7605   -1.0 415.634909  2.965752
sounding_031_110       40.6561   19.5082   -1.0 415.989569  0.490634
sounding_031_111       40.6572   19.7995   -1.0 415.884797 -2.520193
sounding_031_112       40.6574   20.0909   -1.0 415.695225  0.173312
sounding_031_113       40.6566   20.3823   -1.0 415.552527  1.679541
sounding_031_114       40.6551   20.6737   -1.0 415.559041  1.340486
sounding_032_110       40.8773   19.5062   -1.0 416.239954 -1.397640
sounding_032_111       40.8783   19.7987   -1.0 416.049329 -0.799020
sounding_032_112       40.8785   20.0913   -1.0 415.733733  0.824281
sounding_032_113       40.8778   20.3838   -1.0 415.586790  2.424404
sounding_032_114       40.8762   20.6764   -1.0 415.714134 -0.543343
sounding_033_110       41.0985   19.5042   -1.0 416.389629 -0.927131
sounding_033_111       41.0996   19.7979   -1.0 416.133121  0.384045
sounding_033_112       41.0998   20.0916   -1.0 415.777978  0.138288
sounding_033_113       41.0990   20.3854   -1.0 415.654305 -0.383643
sounding_033_114       41.0974   20.6791   -1.0 415.830684  0.893785
sounding_034_110       41.3200   19.5022   -1.0 416.401121 -1.577908
sounding_034_111       41.3210   19.7971   -1.0 416.084741  0.254745
sounding_034_112       41.3212   20.0920   -1.0 415.757000 -1.085578
sounding_034_113       41.3205   20.3869   -1.0 415.687953 -0.478044
sounding_034_114       41.3188   20.6818   -1.0 415.851838  1.152700
sounding_034_115       41.3163   20.9767   -1.0 416.110885  1.614849
sounding_035_111       41.5426   19.7963   -1.0 415.838181 -3.179428
sounding_035_112       41.5427   20.0924   -1.0 415.584241  1.219082
sounding_035_113       41.5420   20.3885   -1.0 415.578099  0.248737
sounding_035_114       41.5404   20.6846   -1.0 415.719607  1.319300
sounding_035_115       41.5379   20.9807   -1.0 415.957703 -0.983920
sounding_036_111       41.7643   19.7954   -1.0 415.457071 -0.220659
sounding_036_112       41.7644   20.0928   -1.0 415.281954  0.077415
sounding_036_113       41.7637   20.3901   -1.0 415.353984  0.757318
sounding_036_114       41.7621   20.6874   -1.0 415.511607  0.529602
sounding_036_115       41.7595   20.9847   -1.0 415.774627  0.902642
sounding_037_109       41.9830   19.1976   -1.0 416.243110  0.700186
sounding_037_110       41.9850   19.4961   -1.0 415.679159 -2.208897
sounding_037_111       41.9861   19.7946   -1.0 415.062106  0.710906
sounding_037_112       41.9863   20.0931   -1.0 415.030241  0.784784
sounding_037_113       41.9855   20.3917   -1.0 415.189077  0.062687
sounding_037_114       41.9839   20.6902   -1.0 415.352361  0.354103
sounding_037_115       41.9813   20.9887   -1.0 415.656950 -0.230827
sounding_038_109       42.2050   19.1943   -1.0 415.628369  0.212708
sounding_038_110       42.2070   19.4940   -1.0 415.107821  1.856589
sounding_038_111       42.2081   19.7938   -1.0 414.774641  2.189136
sounding_038_112       42.2082   20.0935   -1.0 414.921812 -0.137656
sounding_038_113       42.2075   20.3933   -1.0 415.096623 -0.570590
sounding_038_114       42.2059   20.6930   -1.0 415.223020  1.025001
sounding_038_115       42.2033   20.9927   -1.0 415.557133  2.370171
sounding_038_116       42.1998   21.2924   -1.0 416.030451  0.415017
sounding_039_108       42.4242   18.8900   -1.0 415.122638 -1.973491
sounding_039_109       42.4271   19.1910   -1.0 414.839144 -1.143309
sounding_039_110       42.4291   19.4919   -1.0 414.618253  0.193926
sounding_039_112       42.4303   20.0939   -1.0 414.880723  0.240752
sounding_039_113       42.4296   20.3949   -1.0 414.994986 -0.963163
sounding_039_114       42.4279   20.6959   -1.0 415.137921  0.750927
sounding_039_115       42.4254   20.9968   -1.0 415.470315  0.426248
sounding_039_116       42.4219   21.2977   -1.0 415.893663 -1.336719
sounding_040_107       42.6425   18.5833   -1.0 414.666919  0.084576
sounding_040_108       42.6464   18.8854   -1.0 414.460836 -0.627582
sounding_040_109       42.6493   19.1876   -1.0 414.500339 -0.560088
sounding_040_110       42.6513   19.4898   -1.0 414.642592  1.942726
sounding_040_111       42.6524   19.7920   -1.0 414.746832 -0.701487
sounding_040_112       42.6526   20.0943   -1.0 414.804052  1.008502
sounding_040_113       42.6518   20.3966   -1.0 414.890063  1.240460
sounding_040_114       42.6501   20.6988   -1.0 415.093086  0.969009
sounding_040_115       42.6476   21.0009   -1.0 415.381498 -0.418700
sounding_040_116       42.6441   21.3031   -1.0 415.753414  0.015193
sounding_041_107       42.8648   18.5774   -1.0 414.219333  0.640173
sounding_041_108       42.8687   18.8808   -1.0 414.392731 -0.461317
sounding_041_109       42.8716   19.1843   -1.0 414.658508 -1.808267
sounding_041_110       42.8736   19.4877   -1.0 414.751743 -0.901815
sounding_041_111       42.8747   19.7912   -1.0 414.712865  0.757298
sounding_041_112       42.8749   20.0947   -1.0 414.705152  0.222130
sounding_041_113       42.8742   20.3982   -1.0 414.811508 -1.351545
sounding_041_114       42.8725   20.7017   -1.0 415.020914  1.375268
sounding_041_115       42.8699   21.0051   -1.0 415.256686 -1.221077
sounding_041_116       42.8664   21.3085   -1.0 415.579998 -1.670894
sounding_042_107       43.0872   18.5715   -1.0 414.298432  0.581812
sounding_042_108       43.0911   18.8762   -1.0 414.563391 -0.838133
sounding_042_109       43.0941   19.1808   -1.0 414.705549  0.557489
sounding_042_110       43.0961   19.4856   -1.0 414.673411  0.442702
sounding_042_111       43.0972   19.7903   -1.0 414.586233  0.478970
sounding_042_112       43.0974   20.0951   -1.0 414.583096 -0.613344
sounding_042_113       43.0966   20.3998   -1.0 414.682669 -0.583172
sounding_042_114       43.0949   20.7046   -1.0 414.899604 -2.794861
sounding_042_115       43.0923   21.0093   -1.0 415.136118 -0.836307
sounding_042_116       43.0888   21.3140   -1.0 415.492007 -0.190760
sounding_042_117       43.0843   21.6186   -1.0 415.953281 -0.068621
sounding_043_107       43.3098   18.5655   -1.0 414.401997  2.455115
sounding_043_108       43.3137   18.8715   -1.0 414.519277 -0.639451
sounding_043_109       43.3167   19.1774   -1.0 414.514329 -0.890914
sounding_043_110       43.3187   19.4834   -1.0 414.426975  0.436549
sounding_043_111       43.3198   19.7895   -1.0 414.388136  0.175189
sounding_043_112       43.3200   20.0955   -1.0 414.419328  0.840944
sounding_043_113       43.3192   20.4015   -1.0 414.553294  0.161867
sounding_043_114       43.3175   20.7075   -1.0 414.775993  1.889757
sounding_043_115       43.3149   21.0135   -1.0 415.078320 -1.418257
sounding_043_116       43.3113   21.3195   -1.0 415.510592  0.515253
sounding_043_117       43.3069   21.6254   -1.0 415.935277 -0.755228
sounding_044_108       43.5363   18.8667   -1.0 414.256159 -0.191453
sounding_044_109       43.5393   19.1740   -1.0 414.202726 -1.039328
sounding_044_110       43.5414   19.4813   -1.0 414.159663 -0.088980
sounding_044_111       43.5425   19.7886   -1.0 414.169539 -1.658124
sounding_044_112       43.5427   20.0959   -1.0 414.259091  0.187079
sounding_044_113       43.5419   20.4032   -1.0 414.424128  0.942681
sounding_044_114       43.5402   20.7105   -1.0 414.648661  1.070567
sounding_044_115       43.5376   21.0178   -1.0 415.010775 -1.376283
sounding_044_116       43.5340   21.3250   -1.0 415.496441  1.942046
sounding_044_117       43.5295   21.6322   -1.0 415.882297 -1.233258
sounding_045_108       43.7591   18.8619   -1.0 414.016647  0.230525
sounding_045_109       43.7621   19.1705   -1.0 413.966349  0.185137
sounding_045_110       43.7642   19.4791   -1.0 413.967768 -1.709654
sounding_045_111       43.7653   19.7877   -1.0 414.011372 -1.577454
sounding_045_112       43.7655   20.0963   -1.0 414.124312 -1.047322
sounding_045_113       43.7647   20.4049   -1.0 414.302851  0.835707
sounding_045_114       43.7630   20.7135   -1.0 414.563361  0.523216
sounding_045_115       43.7604   21.0221   -1.0 414.993298  2.395795
sounding_045_116       43.7568   21.3306   -1.0 415.445245 -0.596405
sounding_045_117       43.7523   21.6391   -1.0 415.742305 -1.328520
sounding_046_108       43.9820   18.8571   -1.0 413.919860 -0.629448
sounding_046_109       43.9851   19.1670   -1.0 413.897868 -0.432756
sounding_046_110       43.9871   19.4769   -1.0 413.926302 -0.356080
sounding_046_111       43.9883   19.7868   -1.0 414.022042  1.979169
sounding_046_112       43.9884   20.0967   -1.0 414.145685  1.195768
sounding_046_113       43.9877   20.4066   -1.0 414.322369  0.881292
sounding_046_114       43.9860   20.7165   -1.0 414.653207 -0.307143
sounding_046_115       43.9833   21.0264   -1.0 415.075294 -0.442977
sounding_046_116       43.9797   21.3362   -1.0 415.418924  0.104756
sounding_046_117       43.9751   21.6460   -1.0 415.617953 -0.084877
sounding_046_118       43.9697   21.9558   -1.0 415.791135 -0.888962
sounding_047_108       44.2050   18.8522   -1.0 413.892468  0.791818
sounding_047_109       44.2081   19.1634   -1.0 413.915376  1.723109
sounding_047_110       44.2102   19.4746   -1.0 414.016522 -1.470785
sounding_047_111       44.2113   19.7859   -1.0 414.210093 -1.933546
sounding_047_112       44.2115   20.0971   -1.0 414.384770  0.380100
sounding_047_113       44.2107   20.4084   -1.0 414.538714  1.282045
sounding_047_114       44.2090   20.7196   -1.0 414.821489 -0.419390
sounding_047_115       44.2063   21.0308   -1.0 415.188186  1.814904
sounding_047_116       44.2027   21.3419   -1.0 415.482138  0.193134
sounding_047_117       44.1981   21.6531   -1.0 415.676942  0.739498
sounding_047_118       44.1926   21.9641   -1.0 415.836282  0.477607
sounding_048_109       44.4312   19.1598   -1.0 414.040757  0.846381
sounding_048_110       44.4333   19.4724   -1.0 414.240948 -1.203735
sounding_048_111       44.4344   19.7849   -1.0 414.480606  0.764982
sounding_048_112       44.4346   20.0975   -1.0 414.641125 -0.912014
sounding_048_113       44.4338   20.4101   -1.0 414.713869  0.995746
sounding_048_114       44.4321   20.7227   -1.0 414.870660 -0.258280
sounding_048_115       44.4294   21.0352   -1.0 415.209514 -1.228312
sounding_048_116       44.4258   21.3477   -1.0 415.599400 -0.626124
sounding_048_117       44.4212   21.6601   -1.0 415.893029 -0.285351
sounding_048_118       44.4156   21.9725   -1.0 416.041082  0.326832
sounding_049_109       44.6544   19.1562   -1.0 414.288852 -0.521457
sounding_049_110       44.6565   19.4701   -1.0 414.519743 -0.114987
sounding_049_111       44.6577   19.7840   -1.0 414.661363 -0.298441
sounding_049_112       44.6578   20.0979   -1.0 414.670876  1.220635
sounding_049_113       44.6571   20.4119   -1.0 414.608194  1.282041
sounding_049_114       44.6553   20.7257   -1.0 414.637776  0.926554
sounding_049_115       44.6526   21.0396   -1.0 415.031180 -0.492848
sounding_049_116       44.6490   21.3534   -1.0 415.616213 -0.631935
sounding_049_117       44.6444   21.6672   -1.0 416.041517  1.340493
sounding_049_118       44.6388   21.9810   -1.0 416.165133 -1.473204
sounding_050_109       44.8777   19.1526   -1.0 414.493920  1.787500
sounding_050_110       44.8799   19.4678   -1.0 414.597923 -1.112823
sounding_050_111       44.8810   19.7831   -1.0 414.540985 -1.403218
sounding_050_112       44.8812   20.0984   -1.0 414.372152 -0.555917
sounding_050_113       44.8804   20.4136   -1.0 414.216008  0.843367
sounding_050_114       44.8787   20.7289   -1.0 414.229293 -1.291515
sounding_050_115       44.8760   21.0441   -1.0 414.708555  0.980140
sounding_050_116       44.8723   21.3593   -1.0 415.478052 -0.241427
sounding_050_117       44.8676   21.6744   -1.0 416.020059  0.520318
sounding_050_118       44.8621   21.9895   -1.0 416.054494 -1.818177
sounding_050_119       44.8555   22.3045   -1.0 415.636809  1.613963
sounding_051_109       45.1012   19.1489   -1.0 414.430877  1.185419
sounding_051_110       45.1033   19.4656   -1.0 414.344535 -0.221643
sounding_051_111       45.1044   19.7822   -1.0 414.135611  0.820901
sounding_051_112       45.1046   20.0988   -1.0 413.932318 -0.617964
sounding_051_113       45.1038   20.4154   -1.0 413.789305 -0.194211
sounding_051_114       45.1021   20.7320   -1.0 413.867770  1.269106
sounding_051_115       45.0994   21.0486   -1.0 414.403134 -0.343871
sounding_051_116       45.0957   21.3652   -1.0 415.271043  0.376559
sounding_051_117       45.0910   21.6817   -1.0 415.922402  1.114166
sounding_051_118       45.0854   21.9981   -1.0 415.928853 -0.423890
sounding_051_119       45.0788   22.3145   -1.0 415.433432  0.523532
sounding_052_110       45.3268   19.4632   -1.0 413.939933  0.219252
sounding_052_111       45.3280   19.7812   -1.0 413.767861  1.101861
sounding_052_112       45.3282   20.0992   -1.0 413.646337 -2.584768
sounding_052_113       45.3274   20.4172   -1.0 413.594995 -0.159619
sounding_052_114       45.3256   20.7352   -1.0 413.736328  1.257385
sounding_052_115       45.3229   21.0532   -1.0 414.255854  1.184079
sounding_052_116       45.3192   21.3711   -1.0 415.127767  0.819929
sounding_052_117       45.3145   21.6890   -1.0 415.875664  0.226153
sounding_052_118       45.3088   22.0068   -1.0 415.998502  1.251031
sounding_052_119       45.3022   22.3245   -1.0 415.543341 -1.505837
sounding_053_110       45.5504   19.4609   -1.0 413.680804  0.654815
sounding_053_111       45.5516   19.7802   -1.0 413.652330  0.331002
sounding_053_112       45.5518   20.0997   -1.0 413.650179  0.279071
sounding_053_113       45.5510   20.4191   -1.0 413.706889  1.189346
sounding_053_114       45.5492   20.7384   -1.0 413.928191 -0.799123
sounding_053_115       45.5465   21.0578   -1.0 414.376495 -0.733636
sounding_053_116       45.5427   21.3771   -1.0 415.146173  0.747067
sounding_053_117       45.5380   21.6963   -1.0 415.944894 -0.413021
sounding_053_118       45.5324   22.0156   -1.0 416.223978 -1.466170
sounding_053_119       45.5257   22.3347   -1.0 415.911344  0.635430
sounding_054_110       45.7741   19.4585   -1.0 413.630539 -1.457788
sounding_054_111       45.7753   19.7793   -1.0 413.743629  2.642019
sounding_054_112       45.7755   20.1001   -1.0 413.838562 -1.406748
sounding_054_113       45.7747   20.4209   -1.0 414.042493 -0.669372
sounding_054_114       45.7729   20.7417   -1.0 414.367541  2.074567
sounding_054_115       45.7701   21.0624   -1.0 414.800479 -0.650591
sounding_054_116       45.7664   21.3832   -1.0 415.453937  1.710823
sounding_054_117       45.7617   21.7038   -1.0 416.129283  0.460484
sounding_054_118       45.7560   22.0244   -1.0 416.469280 -0.719694
sounding_054_119       45.7493   22.3449   -1.0 416.328156 -0.158242
sounding_054_120       45.7416   22.6653   -1.0 415.724741  0.867802
sounding_055_111       45.9991   19.7783   -1.0 413.944080 -0.209985
sounding_055_112       45.9993   20.1005   -1.0 414.125127  0.886880
sounding_055_113       45.9985   20.4228   -1.0 414.459266  0.011856
sounding_055_114       45.9967   20.7449   -1.0 414.971971 -0.226081
sounding_055_115       45.9939   21.0671   -1.0 415.540567  1.266011
sounding_055_116       45.9901   21.3892   -1.0 416.090733  0.748681
sounding_055_117       45.9854   21.7113   -1.0 416.393103 -0.308660
sounding_055_118       45.9797   22.0333   -1.0 416.606975  0.048057
sounding_055_119       45.9729   22.3552   -1.0 416.560898  0.515882
sounding_055_120       45.9652   22.6771   -1.0 416.015102 -1.016178
sounding_056_111       46.2229   19.7773   -1.0 414.138245  0.058441
sounding_056_112       46.2231   20.1010   -1.0 414.393757 -0.649361
sounding_056_113       46.2223   20.4246   -1.0 414.880918 -0.022703
sounding_056_114       46.2205   20.7482   -1.0 415.619267  1.382214
sounding_056_115       46.2178   21.0718   -1.0 416.365444 -0.699166
sounding_056_116       46.2140   21.3954   -1.0 416.814307 -0.229624
sounding_056_117       46.2092   21.7189   -1.0 416.902228  0.658987
sounding_056_118       46.2034   22.0423   -1.0 416.881895 -0.114017
sounding_056_119       46.1967   22.3657   -1.0 416.565579  1.828299
sounding_056_120       46.1890   22.6889   -1.0 415.624629  0.266762
sounding_057_111       46.4469   19.7763   -1.0 414.272924  2.134844
sounding_057_112       46.4471   20.1014   -1.0 414.602117  1.056170
sounding_057_113       46.4463   20.4265   -1.0 415.260339 -0.789790
sounding_057_114       46.4445   20.7516   -1.0 416.184240  0.483338
sounding_057_115       46.4417   21.0766   -1.0 417.036107  0.909801
sounding_057_116       46.4379   21.4016   -1.0 417.464372 -0.687387
sounding_057_117       46.4331   21.7265   -1.0 417.454498  1.529085
sounding_057_118       46.4273   22.0514   -1.0 417.115331  0.032896
sounding_057_119       46.4205   22.3762   -1.0 416.217541  1.252582
sounding_057_120       46.4128   22.7008   -1.0 414.772960 -0.899034
sounding_058_111       46.6709   19.7754   -1.0 414.335472  0.011567
sounding_058_112       46.6711   20.1019   -1.0 414.763934  1.804779
sounding_058_113       46.6703   20.4284   -1.0 415.550808 -1.630087
sounding_058_114       46.6685   20.7549   -1.0 416.538438 -1.669561
sounding_058_115       46.6657   21.0814   -1.0 417.388508 -0.121711
sounding_058_116       46.6619   21.4078   -1.0 417.795013 -1.808619
sounding_058_117       46.6570   21.7342   -1.0 417.637255 -0.918836
sounding_058_118       46.6512   22.0605   -1.0 417.004255 -1.508851
sounding_058_119       46.6444   22.3868   -1.0 415.673894 -1.369447
sounding_058_120       46.6366   22.7129   -1.0 414.182377  0.120952
sounding_059_111       46.8950   19.7743   -1.0 414.320651  1.222380
sounding_059_112       46.8952   20.1023   -1.0 414.833366  0.066571
sounding_059_113       46.8944   20.4303   -1.0 415.673287  0.917499
sounding_059_114       46.8926   20.7583   -1.0 416.562947 -1.694946
sounding_059_115       46.8897   21.0862   -1.0 417.156932 -2.071432
sounding_059_116       46.8859   21.4141   -1.0 417.458770  0.694146
sounding_059_117       46.8811   21.7420   -1.0 417.241207 -1.215110
sounding_059_118       46.8752   22.0698   -1.0 416.449709 -0.231580
sounding_059_119       46.8684   22.3975   -1.0 415.200811  1.042361
sounding_059_120       46.8605   22.7251   -1.0 414.060372 -0.167246
sounding_059_121       46.8517   23.0526   -1.0 413.476022  1.322932
sounding_060_112       47.1194   20.1028   -1.0 414.769893 -0.020656
sounding_060_113       47.1186   20.4323   -1.0 415.525836 -0.504815
sounding_060_114       47.1167   20.7617   -1.0 416.107663  0.614033
sounding_060_115       47.1139   21.0912   -1.0 416.329132  0.158417
sounding_060_116       47.1100   21.4205   -1.0 416.385182 -0.316073
sounding_060_117       47.1052   21.7498   -1.0 416.191220 -0.630765
sounding_060_118       47.0993   22.0791   -1.0 415.686437 -0.720935
sounding_060_119       47.0924   22.4083   -1.0 414.950832  0.741175
sounding_060_120       47.0845   22.7373   -1.0 414.293600 -0.732947
sounding_060_121       47.0757   23.0663   -1.0 414.045381  0.805175
sounding_061_112       47.3436   20.1033   -1.0 414.573860  0.035470
sounding_061_113       47.3428   20.4342   -1.0 415.119359  1.502931
sounding_061_114       47.3409   20.7652   -1.0 415.354486 -0.614609
sounding_061_115       47.3381   21.0961   -1.0 415.248561 -1.173905
sounding_061_116       47.3342   21.4269   -1.0 415.049279 -1.442627
sounding_061_117       47.3293   21.7578   -1.0 414.911261  2.424089
sounding_061_118       47.3235   22.0885   -1.0 414.838517  0.928305
sounding_061_119       47.3165   22.4192   -1.0 414.719079  0.679906
sounding_061_120       47.3086   22.7497   -1.0 414.588292 -0.460956
sounding_061_121       47.2997   23.0801   -1.0 414.702965 -1.305914
sounding_062_112       47.5679   20.1037   -1.0 414.337286  0.519924
sounding_062_113       47.5671   20.4362   -1.0 414.641714 -0.554769
sounding_062_114       47.5652   20.7687   -1.0 414.609611  1.582095
sounding_062_115       47.5624   21.1011   -1.0 414.287003  0.732116
sounding_062_116       47.5585   21.4334   -1.0 413.959549 -0.843007
sounding_062_117       47.5536   21.7658   -1.0 413.871589 -0.103694
sounding_062_118       47.5476   22.0980   -1.0 414.052236  0.167069
sounding_062_119       47.5407   22.4302   -1.0 414.324916 -0.548056
sounding_062_120       47.5327   22.7622   -1.0 414.613704 -0.315533
sounding_062_121       47.5237   23.0941   -1.0 414.977948  1.743714
sounding_063_112       47.7923   20.1042   -1.0 414.175599  0.137719
sounding_063_113       47.7914   20.4382   -1.0 414.263375  2.452663
sounding_063_114       47.7896   20.7722   -1.0 414.071296  2.168355
sounding_063_115       47.7867   21.1061   -1.0 413.710963  0.781448
sounding_063_116       47.7828   21.4400   -1.0 413.379880  0.695150
sounding_063_117       47.7779   21.7738   -1.0 413.251595  0.749800
sounding_063_118       47.7719   22.1076   -1.0 413.418534 -0.127276
sounding_063_119       47.7649   22.4413   -1.0 413.785759  0.696572
sounding_063_120       47.7569   22.7748   -1.0 414.272153  0.336470
sounding_063_121       47.7479   23.1083   -1.0 414.687650 -1.566948
sounding_063_122       47.7378   23.4416   -1.0 414.669104 -2.612201
sounding_064_113       48.0158   20.4402   -1.0 413.953928 -0.198995
sounding_064_114       48.0140   20.7757   -1.0 413.717601 -0.499375
sounding_064_115       48.0111   21.1112   -1.0 413.398977  1.680694
sounding_064_116       48.0071   21.4466   -1.0 413.121548  0.189704
sounding_064_117       48.0022   21.7819   -1.0 412.967958  1.485879
sounding_064_118       47.9962   22.1172   -1.0 413.072654  0.503436
sounding_064_119       47.9892   22.4524   -1.0 413.381372 -0.781009
sounding_064_120       47.9811   22.7875   -1.0 413.784450 -1.426675
sounding_064_121       47.9721   23.1225   -1.0 414.026952  1.656727
sounding_064_122       47.9620   23.4574   -1.0 413.893516  1.375831
sounding_065_113       48.2403   20.4422   -1.0 413.704340 -1.678170
sounding_065_114       48.2384   20.7793   -1.0 413.521725 -0.777284
sounding_065_115       48.2355   21.1163   -1.0 413.263269  0.629270
sounding_065_116       48.2316   21.4533   -1.0 413.019808  2.138012
sounding_065_117       48.2266   21.7902   -1.0 412.931739  0.678193
sounding_065_118       48.2206   22.1270   -1.0 413.050685 -1.178218
sounding_065_119       48.2135   22.4638   -1.0 413.290656  1.799352
sounding_065_120       48.2054   22.8004   -1.0 413.461684 -0.761630
sounding_065_121       48.1963   23.1369   -1.0 413.459595  0.185322
sounding_065_122       48.1862   23.4733   -1.0 413.276989  0.493056
sounding_066_113       48.4648   20.4443   -1.0 413.550733  0.747902
sounding_066_114       48.4629   20.7829   -1.0 413.449170 -0.179479
sounding_066_115       48.4600   21.1215   -1.0 413.253748 -0.451943
sounding_066_116       48.4560   21.4600   -1.0 413.067028  0.121860
sounding_066_117       48.4510   21.7985   -1.0 413.055172 -1.628788
sounding_066_118       48.4450   22.1368   -1.0 413.218142  0.862168
sounding_066_119       48.4379   22.4751   -1.0 413.395853  0.052955
sounding_066_120       48.4298   22.8133   -1.0 413.433166 -0.485292
sounding_066_121       48.4206   23.1514   -1.0 413.351285 -1.180263
sounding_066_122       48.4104   23.4893   -1.0 413.198827  1.089379
sounding_067_113       48.6894   20.4463   -1.0 413.553884  0.472236
sounding_067_114       48.6875   20.7865   -1.0 413.453472  0.577360
sounding_067_115       48.6845   21.1267   -1.0 413.298226  0.637471
sounding_067_116       48.6805   21.4668   -1.0 413.198594 -0.621345
sounding_067_117       48.6755   21.8068   -1.0 413.266947  0.504513
sounding_067_118       48.6694   22.1468   -1.0 413.450521 -0.192240
sounding_067_119       48.6623   22.4867   -1.0 413.578635  0.308320
sounding_067_120       48.6542   22.8264   -1.0 413.592884 -0.150176
sounding_067_121       48.6450   23.1660   -1.0 413.537250 -1.314275
sounding_067_122       48.6347   23.5055   -1.0 413.456908 -0.086226
sounding_068_114       48.9121   20.7902   -1.0 413.549926 -0.020524
sounding_068_115       48.9091   21.1320   -1.0 413.407872 -0.997892
sounding_068_116       48.9051   21.4736   -1.0 413.381846 -0.486976
sounding_068_117       48.9001   21.8153   -1.0 413.484433 -1.316096
sounding_068_118       48.8939   22.1568   -1.0 413.655968  0.914432
sounding_068_119       48.8868   22.4983   -1.0 413.779750 -1.499930
sounding_068_120       48.8786   22.8396   -1.0 413.816886 -1.373031
sounding_068_121       48.8693   23.1808   -1.0 413.791478 -0.877266
sounding_068_122       48.8591   23.5219   -1.0 413.776307 -1.085758
sounding_068_123       48.8477   23.8628   -1.0 413.906584 -0.424991
sounding_069_114       49.1367   20.7939   -1.0 413.720855  0.049780
sounding_069_115       49.1337   21.1373   -1.0 413.594502  0.898976
sounding_069_116       49.1297   21.4806   -1.0 413.600221  0.807136
sounding_069_117       49.1246   21.8238   -1.0 413.713350  1.093261
sounding_069_118       49.1185   22.1669   -1.0 413.878376 -0.693287
sounding_069_119       49.1113   22.5100   -1.0 414.015249  0.157987
sounding_069_120       49.1031   22.8529   -1.0 414.066493  1.060529
sounding_069_121       49.0938   23.1957   -1.0 414.077978  0.424446
sounding_069_122       49.0834   23.5384   -1.0 414.202017 -0.657087
sounding_069_123       49.0720   23.8809   -1.0 414.585230  1.343003
sounding_070_114       49.3614   20.7977   -1.0 413.859496 -0.694860
sounding_070_115       49.3584   21.1426   -1.0 413.793466 -1.048337
sounding_070_116       49.3543   21.4875   -1.0 413.803433  0.782349
sounding_070_117       49.3492   21.8324   -1.0 413.909526  1.563077
sounding_070_118       49.3431   22.1772   -1.0 414.075111 -1.821652
sounding_070_119       49.3359   22.5218   -1.0 414.239739 -1.786964
sounding_070_120       49.3276   22.8664   -1.0 414.364608 -0.382873
sounding_070_121       49.3182   23.2108   -1.0 414.514920 -0.378671
sounding_070_122       49.3078   23.5551   -1.0 414.801531 -0.898631
sounding_070_123       49.2964   23.8992   -1.0 415.298226  1.386091
sounding_071_114       49.5860   20.8014   -1.0 413.948955  0.215845
sounding_071_115       49.5831   21.1480   -1.0 413.941915  0.952000
sounding_071_116       49.5790   21.4946   -1.0 413.973615  0.691542
sounding_071_117       49.5739   21.8411   -1.0 414.046545 -1.590844
sounding_071_118       49.5677   22.1875   -1.0 414.197506  0.672979
sounding_071_119       49.5604   22.5338   -1.0 414.428746  0.406432
sounding_071_120       49.5521   22.8800   -1.0 414.711161  1.291952
sounding_071_121       49.5427   23.2260   -1.0 415.029184  0.916641
sounding_071_122       49.5323   23.5719   -1.0 415.361649 -0.163849
sounding_071_123       49.5208   23.9177   -1.0 415.667785 -0.531034
sounding_071_124       49.5082   24.2632   -1.0 415.883588  1.705720
sounding_072_115       49.8078   21.1535   -1.0 414.047587 -0.229279
sounding_072_116       49.8037   21.5017   -1.0 414.081406 -0.174828
sounding_072_117       49.7985   21.8498   -1.0 414.128001  0.829052
sounding_072_118       49.7923   22.1979   -1.0 414.290154 -1.208416
sounding_072_119       49.7850   22.5458   -1.0 414.610443 -0.488434
sounding_072_120       49.7767   22.8937   -1.0 415.041811 -0.141230
sounding_072_121       49.7672   23.2414   -1.0 415.383368  0.121717
sounding_072_122       49.7567   23.5889   -1.0 415.531876 -0.783786
sounding_072_123       49.7452   23.9363   -1.0 415.554853 -1.695290
sounding_072_124       49.7326   24.2835   -1.0 415.529438 -0.745820
sounding_073_115       50.0325   21.1590   -1.0 414.103673 -0.394954
sounding_073_116       50.0284   21.5089   -1.0 414.112146 -1.029487
sounding_073_117       50.0232   21.8587   -1.0 414.176641 -0.895120
sounding_073_118       50.0170   22.2084   -1.0 414.405583  0.120073
sounding_073_119       50.0097   22.5580   -1.0 414.822220  0.374429
sounding_073_120       50.0013   22.9075   -1.0 415.245482  1.593824
sounding_073_121       49.9918   23.2569   -1.0 415.410965 -0.199873
sounding_073_122       49.9812   23.6061   -1.0 415.304200 -1.285925
sounding_073_123       49.9696   23.9551   -1.0 415.152786  0.642803
sounding_073_124       49.9569   24.3040   -1.0 415.127636  1.340705
sounding_074_115       50.2573   21.1646   -1.0 414.091027 -0.115770
sounding_074_116       50.2531   21.5162   -1.0 414.107388  0.378703
sounding_074_117       50.2480   21.8677   -1.0 414.198172 -2.356422
sounding_074_118       50.2417   22.2190   -1.0 414.504391 -0.303863
sounding_074_119       50.2343   22.5703   -1.0 414.940437  0.504492
sounding_074_120       50.2259   22.9215   -1.0 415.226235  1.193401
sounding_074_121       50.2163   23.2725   -1.0 415.189955  2.231728
sounding_074_122       50.2058   23.6234   -1.0 414.952978  0.544544
sounding_074_123       50.1941   23.9741   -1.0 414.840151  1.155183
sounding_074_124       50.1813   24.3246   -1.0 414.940369  1.572286
sounding_075_115       50.4821   21.1702   -1.0 414.071846 -1.375576
sounding_075_116       50.4779   21.5235   -1.0 414.092260 -0.965006
sounding_075_117       50.4727   21.8767   -1.0 414.236840 -0.726152
sounding_075_118       50.4664   22.2297   -1.0 414.585276 -0.822565
sounding_075_119       50.4590   22.5827   -1.0 414.968900 -0.446417
sounding_075_120       50.4505   22.9356   -1.0 415.106739 -0.997157
sounding_075_121       50.4409   23.2883   -1.0 414.950880  0.702641
sounding_075_122       50.4303   23.6409   -1.0 414.753903 -0.284692
sounding_075_123       50.4186   23.9933   -1.0 414.799165 -0.495720
sounding_075_124       50.4057   24.3455   -1.0 415.014868 -1.076470
sounding_075_125       50.3918   24.6975   -1.0 415.020015 -0.573790
sounding_076_116       50.7027   21.5309   -1.0 414.088789  0.103133
sounding_076_117       50.6974   21.8858   -1.0 414.339912 -1.755201
sounding_076_118       50.6911   22.2406   -1.0 414.724109  1.940742
sounding_076_119       50.6837   22.5953   -1.0 415.030032 -0.837089
sounding_076_120       50.6751   22.9498   -1.0 415.036681 -1.186972
sounding_076_121       50.6655   23.3043   -1.0 414.868915  0.309792
sounding_076_122       50.6548   23.6585   -1.0 414.786235  0.820388
sounding_076_123       50.6430   24.0126   -1.0 414.976315 -1.296532
sounding_076_124       50.6302   24.3666   -1.0 415.200609 -0.289046
sounding_076_125       50.6162   24.7203   -1.0 414.977324  0.478089
sounding_077_116       50.9275   21.5384   -1.0 414.115252 -1.312790
sounding_077_117       50.9222   21.8950   -1.0 414.461048  1.480861
sounding_077_118       50.9158   22.2515   -1.0 414.899094  0.903667
sounding_077_119       50.9084   22.6079   -1.0 415.146990  0.959118
sounding_077_120       50.8998   22.9642   -1.0 415.103878 -1.497037
sounding_077_121       50.8901   23.3203   -1.0 414.946742  1.948366
sounding_077_122       50.8794   23.6764   -1.0 414.955485 -0.128147
sounding_077_123       50.8675   24.0322   -1.0 415.205630 -1.607838
sounding_077_124       50.8546   24.3878   -1.0 415.292103  0.158511
sounding_077_125       50.8406   24.7432   -1.0 414.834656 -1.359738
sounding_078_116       51.1523   21.5459   -1.0 414.199451 -1.699438
sounding_078_117       51.1470   21.9043   -1.0 414.614992 -0.068924
sounding_078_118       51.1406   22.2625   -1.0 415.062152  0.503768
sounding_078_119       51.1331   22.6207   -1.0 415.251754 -0.605354
sounding_078_120       51.1245   22.9787   -1.0 415.166680  0.664856
sounding_078_121       51.1148   23.3366   -1.0 415.047204  0.885448
sounding_078_122       51.1040   23.6943   -1.0 415.141844 -0.672646
sounding_078_123       51.0921   24.0519   -1.0 415.354143  1.489207
sounding_078_124       51.0791   24.4093   -1.0 415.213258 -0.950817
sounding_078_125       51.0649   24.7664   -1.0 414.554356  1.209747
sounding_079_116       51.3771   21.5535   -1.0 414.315463  0.524451
sounding_079_117       51.3718   21.9136   -1.0 414.734904 -1.763009
sounding_079_118       51.3653   22.2737   -1.0 415.137205  1.184565
sounding_079_119       51.3578   22.6336   -1.0 415.263892 -0.622659
sounding_079_120       51.3492   22.9934   -1.0 415.162044  0.370566
sounding_079_121       51.3394   23.3530   -1.0 415.095000 -0.265489
sounding_079_122       51.3285   23.7125   -1.0 415.264178 -0.720900
sounding_079_123       51.3166   24.0718   -1.0 415.399612  2.013501
sounding_079_124       51.3035   24.4309   -1.0 415.017005  0.413254
sounding_079_125       51.2893   24.7899   -1.0 414.134989 -1.305275
sounding_080_117       51.5966   21.9231   -1.0 414.827391  0.185524
sounding_080_118       51.5901   22.2849   -1.0 415.183226 -0.627896
sounding_080_119       51.5825   22.6466   -1.0 415.244862  1.084646
sounding_080_120       51.5738   23.0082   -1.0 415.134406  0.429799
sounding_080_121       51.5640   23.3696   -1.0 415.122974  1.678509
sounding_080_122       51.5531   23.7309   -1.0 415.341086  0.669113
sounding_080_123       51.5411   24.0920   -1.0 415.361780  0.822109
sounding_080_124       51.5279   24.4529   -1.0 414.732430 -0.691809
sounding_080_125       51.5137   24.8135   -1.0 413.698618  1.420725
sounding_080_126       51.4984   25.1739   -1.0 412.938702 -0.016261
sounding_081_117       51.8214   21.9327   -1.0 414.878686  0.630583
sounding_081_118       51.8148   22.2963   -1.0 415.187752 -0.039331
sounding_081_119       51.8072   22.6598   -1.0 415.215085  0.953998
sounding_081_120       51.7985   23.0232   -1.0 415.121421  3.400065
sounding_081_121       51.7886   23.3864   -1.0 415.164247 -0.287583
sounding_081_122       51.7777   23.7494   -1.0 415.400794  0.429602
sounding_081_123       51.7656   24.1123   -1.0 415.277923  1.250388
sounding_081_124       51.7524   24.4749   -1.0 414.449361 -0.035616
sounding_081_125       51.7381   24.8374   -1.0 413.335617  0.738036
sounding_082_117       52.0461   21.9424   -1.0 414.881172  0.895007
sounding_082_118       52.0396   22.3078   -1.0 415.158218 -0.529732
sounding_082_119       52.0319   22.6731   -1.0 415.188172  1.116588
sounding_082_120       52.0232   23.0383   -1.0 415.119774  0.964076
sounding_082_121       52.0133   23.4033   -1.0 415.244431  0.511820
sounding_082_122       52.0022   23.7682   -1.0 415.473735  0.856842
sounding_082_123       51.9901   24.1328   -1.0 415.221749  0.581690
sounding_082_124       51.9768   24.4973   -1.0 414.204080  1.419658
sounding_082_125       51.9624   24.8615   -1.0 412.997224 -1.007028
sounding_083_117       52.2709   21.9521   -1.0 414.841061  0.344432
sounding_083_118       52.2643   22.3194   -1.0 415.081456  1.661782
sounding_083_119       52.2567   22.6865   -1.0 415.103637  1.834416
sounding_083_120       52.2478   23.0535   -1.0 415.111054 -1.489241
sounding_083_121       52.2379   23.4204   -1.0 415.338732 -2.031650
sounding_083_122       52.2268   23.7871   -1.0 415.538322  0.096753
sounding_083_123       52.2146   24.1536   -1.0 415.136115  0.670234
sounding_083_124       52.2013   24.5198   -1.0 413.956803 -0.217351
sounding_083_125       52.1868   24.8859   -1.0 412.674999 -1.106866
sounding_083_126       52.1712   25.2517   -1.0 412.077909 -0.800734
sounding_084_117       52.4957   21.9620   -1.0 414.746066 -1.093232
sounding_084_118       52.4891   22.3311   -1.0 414.925554 -0.639365
sounding_084_119       52.4813   22.7001   -1.0 414.966872 -0.131414
sounding_084_120       52.4725   23.0689   -1.0 415.108463 -1.894466
sounding_084_121       52.4625   23.4376   -1.0 415.432707 -0.140067
sounding_084_122       52.4513   23.8061   -1.0 415.568570  1.138340
sounding_084_123       52.4391   24.1745   -1.0 414.976375 -0.628440
sounding_084_124       52.4257   24.5426   -1.0 413.666767 -0.904941
sounding_084_125       52.4111   24.9105   -1.0 412.392820 -0.877613
sounding_084_126       52.3955   25.2781   -1.0 411.832062 -0.022873
sounding_085_118       52.7138   22.3429   -1.0 414.728811  1.089289
sounding_085_119       52.7060   22.7138   -1.0 414.884269  1.290108
sounding_085_120       52.6971   23.0845   -1.0 415.120100  0.051384
sounding_085_121       52.6870   23.4551   -1.0 415.510617 -0.377521
sounding_085_122       52.6759   23.8255   -1.0 415.556730  0.169884
sounding_085_123       52.6635   24.1957   -1.0 414.767264 -0.850019
sounding_085_124       52.6501   24.5656   -1.0 413.352916  0.791683
sounding_085_125       52.6355   24.9354   -1.0 412.134397 -0.239429
sounding_085_126       52.6197   25.3049   -1.0 411.652507 -0.034770
sounding_086_118       52.9385   22.3549   -1.0 414.530519 -0.900544
sounding_086_119       52.9307   22.7276   -1.0 414.790067 -0.940683
sounding_086_120       52.9217   23.1002   -1.0 415.156371  1.139843
sounding_086_121       52.9116   23.4727   -1.0 415.557050  0.090150
sounding_086_122       52.9004   23.8449   -1.0 415.451822 -0.098837
sounding_086_123       52.8880   24.2170   -1.0 414.535097  0.959957
sounding_086_124       52.8745   24.5889   -1.0 413.094733 -0.572653
sounding_086_125       52.8598   24.9605   -1.0 411.973195  0.282964
sounding_087_118       53.1632   22.3669   -1.0 414.397783 -1.320525
sounding_087_119       53.1553   22.7416   -1.0 414.709611 -0.439200
sounding_087_120       53.1463   23.1161   -1.0 415.167934 -1.486296
sounding_087_121       53.1362   23.4905   -1.0 415.555866  0.098033
sounding_087_122       53.1249   23.8646   -1.0 415.365528  0.612372
sounding_087_123       53.1124   24.2386   -1.0 414.324483 -0.230434
sounding_087_124       53.0988   24.6124   -1.0 412.890551  1.213151
sounding_087_125       53.0841   24.9859   -1.0 411.860764  0.784383
sounding_088_118       53.3878   22.3791   -1.0 414.332303  1.193227
sounding_088_119       53.3799   22.7557   -1.0 414.662237  0.317972
sounding_088_120       53.3709   23.1322   -1.0 415.134901  0.821628
sounding_088_121       53.3607   23.5084   -1.0 415.487576 -0.495743
sounding_088_122       53.3493   23.8845   -1.0 415.246543 -1.507067
sounding_088_123       53.3368   24.2604   -1.0 414.135107  0.098919
sounding_088_124       53.3231   24.6361   -1.0 412.724246 -0.405536
sounding_088_125       53.3083   25.0115   -1.0 411.743009 -1.562820
sounding_089_119       53.6045   22.7700   -1.0 414.631318  0.077037
sounding_089_120       53.5954   23.1484   -1.0 415.066167 -0.286792
sounding_089_121       53.5852   23.5266   -1.0 415.353620  0.624408
sounding_089_122       53.5737   23.9046   -1.0 415.037288 -2.519296
sounding_089_123       53.5612   24.2825   -1.0 413.892318 -1.671516
sounding_089_124       53.5474   24.6600   -1.0 412.519985  2.918980
sounding_090_119       53.8291   22.7844   -1.0 414.588868 -0.974298
sounding_090_120       53.8199   23.1648   -1.0 414.995642  0.871805
sounding_090_121       53.8096   23.5450   -1.0 415.217450 -1.173409
sounding_090_122       53.7981   23.9249   -1.0 414.789011 -0.341818
sounding_090_123       53.7855   24.3047   -1.0 413.604481  0.769002
sounding_090_124       53.7717   24.6843   -1.0 412.276389 -0.204612
sounding_091_121       54.0340   23.5635   -1.0 415.063940 -0.303225
sounding_091_122       54.0225   23.9455   -1.0 414.523803  0.363505
sounding_092_121       54.2584   23.5822   -1.0 414.853496  0.463626
sounding_093_121       54.4827   23.6012   -1.0 414.614995  0.472871
sounding_094_121       54.7070   23.6203   -1.0 414.373502  0.065786
sounding_120_132       60.2862   29.1248   -1.0 412.783362 -0.319895
sounding_138_135       64.1231   31.7421   -1.0 413.776152  0.871631
sounding_138_136       64.0874   32.2366   -1.0 413.836628 -0.288176
sounding_142_139       64.8300   34.0959   -1.0 414.186394  0.361348
sounding_142_140       64.7875   34.5986   -1.0 414.284129 -1.685037
sounding_143_133       65.2692   31.1310   -1.0 413.571335  0.987489
sounding_143_134       65.2355   31.6446   -1.0 413.596420 -1.141222
sounding_143_135       65.2002   32.1572   -1.0 413.664374  0.552830
sounding_143_139       65.0440   34.1948   -1.0 414.186236  0.436272
sounding_143_140       65.0012   34.7009   -1.0 414.281287 -0.053770
sounding_144_131       65.5476   30.1726   -1.0 413.545750  0.039679
sounding_144_132       65.5167   30.6921   -1.0 413.524759 -0.026476
sounding_144_133       65.4842   31.2104   -1.0 413.527935 -0.752858
sounding_144_134       65.4503   31.7277   -1.0 413.566697 -0.167426
sounding_144_135       65.4148   32.2437   -1.0 413.648538  1.380135
sounding_144_136       65.3778   32.7585   -1.0 413.763751 -1.483518
sounding_144_137       65.3392   33.2721   -1.0 413.896564  1.063770
sounding_144_138       65.2992   33.7843   -1.0 414.032008  0.636909
sounding_144_139       65.2576   34.2952   -1.0 414.159915  0.741647
sounding_145_131       65.7627   30.2459   -1.0 413.517851  1.691453
sounding_145_132       65.7316   30.7690   -1.0 413.515949  1.680876
sounding_145_133       65.6989   31.2910   -1.0 413.536257  0.398601
sounding_145_136       65.5918   32.8498   -1.0 413.748108  1.119488
sounding_145_137       65.5531   33.3669   -1.0 413.859260 -2.182948
sounding_145_138       65.5128   33.8826   -1.0 413.983738  0.467840
sounding_145_139       65.4710   34.3969   -1.0 414.116541 -2.275544
sounding_146_131       65.9775   30.3203   -1.0 413.505199  0.581004
sounding_146_132       65.9462   30.8471   -1.0 413.530611  0.079874
sounding_146_133       65.9134   31.3728   -1.0 413.568115 -1.534278
sounding_146_134       65.8790   31.8972   -1.0 413.612559  0.963268
sounding_146_135       65.8431   32.4205   -1.0 413.665584  0.539180
sounding_146_136       65.8056   32.9424   -1.0 413.728929 -1.484377
sounding_146_137       65.7666   33.4630   -1.0 413.811146  0.597909
sounding_146_138       65.7261   33.9823   -1.0 413.924295  0.787164
sounding_146_139       65.6841   34.5001   -1.0 414.061315  1.073676
sounding_147_131       66.1920   30.3958   -1.0 413.503379  2.267009
sounding_147_133       66.1275   31.4557   -1.0 413.584552 -0.536095
sounding_147_134       66.0929   31.9839   -1.0 413.632118 -0.319044
sounding_147_135       66.0568   32.5108   -1.0 413.673382  0.771267
sounding_147_136       66.0191   33.0364   -1.0 413.709774  1.491685
sounding_147_137       65.9799   33.5606   -1.0 413.766100 -0.153523
sounding_147_138       65.9391   34.0834   -1.0 413.862262  0.483763
sounding_147_139       65.8969   34.6048   -1.0 413.996370 -0.219154
sounding_148_131       66.4063   30.4724   -1.0 413.509332  0.057440
sounding_148_132       66.3746   31.0067   -1.0 413.546678 -1.115676
sounding_148_133       66.3414   31.5399   -1.0 413.589035  0.965046
sounding_148_134       66.3066   32.0718   -1.0 413.640233  0.438872
sounding_148_135       66.2702   32.6024   -1.0 413.676935 -0.107866
sounding_148_136       66.2323   33.1317   -1.0 413.700852  0.097383
sounding_148_137       66.1929   33.6596   -1.0 413.737506 -1.245846
sounding_148_138       66.1519   34.1860   -1.0 413.818252  1.931550
sounding_149_132       66.5883   31.0883   -1.0 413.550617  1.264540
sounding_149_133       66.5549   31.6252   -1.0 413.596657 -0.352927
sounding_149_135       66.4833   32.6953   -1.0 413.673098  1.135041
sounding_149_136       66.4452   33.2283   -1.0 413.693459 -2.052219
sounding_150_132       66.8018   31.1711   -1.0 413.543652  2.258206
sounding_150_135       66.6961   32.7896   -1.0 413.673369  0.938680
sounding_150_140       66.4887   35.4586   -1.0 413.923301 -1.057424
sounding_150_141       66.4425   35.9877   -1.0 414.036212 -0.508102
sounding_151_132       67.0149   31.2551   -1.0 413.515406 -0.309016
sounding_151_133       66.9811   31.7998   -1.0 413.571074 -0.728093
sounding_151_134       66.9456   32.3433   -1.0 413.626196 -0.018565
sounding_151_136       66.8700   33.4260   -1.0 413.698278  2.918449
sounding_151_137       66.8298   33.9651   -1.0 413.722829 -1.229381
sounding_151_138       66.7881   34.5027   -1.0 413.738554  0.444169
sounding_151_139       66.7448   35.0388   -1.0 413.765191 -1.209274
sounding_151_140       66.6999   35.5732   -1.0 413.825821  0.748342
sounding_151_141       66.6535   36.1059   -1.0 413.913667  0.396129
sounding_151_142       66.6055   36.6369   -1.0 414.009948  0.049577
sounding_152_132       67.2277   31.3403   -1.0 413.487989 -0.987586
sounding_152_133       67.1937   31.8891   -1.0 413.542891  0.033122
sounding_152_134       67.1580   32.4365   -1.0 413.590690 -1.849540
sounding_152_135       67.1208   32.9825   -1.0 413.631365 -0.442876
sounding_152_136       67.0819   33.5270   -1.0 413.679429 -1.050903
sounding_152_137       67.0415   34.0700   -1.0 413.721092  1.072210
sounding_152_138       66.9995   34.6114   -1.0 413.737014 -0.974169
sounding_152_139       66.9559   35.1513   -1.0 413.738073 -0.919655
sounding_152_140       66.9108   35.6894   -1.0 413.750734  0.404128
sounding_152_141       66.8641   36.2259   -1.0 413.794074 -1.079178
sounding_152_142       66.8158   36.7605   -1.0 413.871480 -0.585763
sounding_153_132       67.4402   31.4269   -1.0 413.503112  0.612607
sounding_153_133       67.4060   31.9797   -1.0 413.549795 -1.847229
sounding_153_134       67.3701   32.5311   -1.0 413.579246 -0.095673
sounding_153_135       67.3326   33.0810   -1.0 413.605633 -0.099077
sounding_153_136       67.2935   33.6295   -1.0 413.651343 -1.228751
sounding_153_137       67.2528   34.1765   -1.0 413.704975  0.121794
sounding_153_138       67.2106   34.7218   -1.0 413.737058  0.495835
sounding_153_139       67.1667   35.2654   -1.0 413.733082  0.570981
sounding_153_140       67.1213   35.8074   -1.0 413.708473  0.430949
sounding_153_141       67.0743   36.3476   -1.0 413.701926  0.986204
sounding_153_142       67.0258   36.8860   -1.0 413.739814  0.503270
sounding_154_133       67.6179   32.0717   -1.0 413.589913  1.528884
sounding_154_134       67.5818   32.6271   -1.0 413.601509 -1.443869
sounding_154_135       67.5441   33.1812   -1.0 413.608859  0.375819
sounding_154_136       67.5048   33.7336   -1.0 413.634038 -0.826895
sounding_154_137       67.4638   34.2845   -1.0 413.678165  0.014220
sounding_154_138       67.4213   34.8338   -1.0 413.717592 -0.366545
sounding_154_139       67.3772   35.3813   -1.0 413.720647 -0.302037
sounding_154_140       67.3315   35.9271   -1.0 413.683913  1.284903
sounding_154_141       67.2842   36.4712   -1.0 413.638235  0.034817
sounding_154_142       67.2354   37.0133   -1.0 413.630504 -1.475636
sounding_155_133       67.8295   32.1650   -1.0 413.630398  1.429415
sounding_155_134       67.7932   32.7246   -1.0 413.637214  0.206276
sounding_155_135       67.7553   33.2828   -1.0 413.634728  0.148898
sounding_155_136       67.7157   33.8393   -1.0 413.634404 -0.432420
sounding_155_137       67.6745   34.3942   -1.0 413.649844  0.816207
sounding_155_138       67.6317   34.9475   -1.0 413.681336 -0.430989
sounding_155_139       67.5873   35.4990   -1.0 413.692083  0.233386
sounding_155_140       67.5413   36.0487   -1.0 413.664504 -1.573821
sounding_155_141       67.4938   36.5966   -1.0 413.608533 -0.500552
sounding_155_142       67.4446   37.1426   -1.0 413.563701  1.280523
sounding_155_143       67.3939   37.6866   -1.0 413.569847  1.251815
sounding_156_133       68.0408   32.2599   -1.0 413.688757  0.396028
sounding_156_134       68.0042   32.8237   -1.0 413.694934  0.664207
sounding_156_135       67.9661   33.3859   -1.0 413.679863  0.798863
sounding_156_136       67.9262   33.9466   -1.0 413.657812  0.495020
sounding_156_137       67.8848   34.5055   -1.0 413.650055 -2.249454
sounding_156_138       67.8418   35.0628   -1.0 413.661993  0.472342
sounding_156_139       67.7971   35.6183   -1.0 413.671237  0.154475
sounding_156_140       67.7508   36.1721   -1.0 413.654874 -0.431913
sounding_156_141       67.7030   36.7238   -1.0 413.607422 -1.238399
sounding_156_142       67.6535   37.2737   -1.0 413.543370  0.817974
sounding_156_143       67.6025   37.8216   -1.0 413.503940  2.358993
sounding_157_133       68.2517   32.3562   -1.0 413.753143  0.238280
sounding_157_134       68.2149   32.9242   -1.0 413.758073  1.326248
sounding_157_135       68.1765   33.4907   -1.0 413.731042  0.967489
sounding_157_136       68.1364   34.0555   -1.0 413.696343  0.420881
sounding_157_137       68.0948   34.6187   -1.0 413.678270 -0.848621
sounding_157_138       68.0514   35.1800   -1.0 413.681884  0.682550
sounding_157_139       68.0065   35.7396   -1.0 413.682796  2.500227
sounding_157_140       67.9599   36.2973   -1.0 413.664355 -0.742849
sounding_157_141       67.9118   36.8531   -1.0 413.619112  0.160965
sounding_157_142       67.8620   37.4069   -1.0 413.550569  0.550738
sounding_157_143       67.8106   37.9586   -1.0 413.477058 -0.458426
sounding_158_133       68.4623   32.4540   -1.0 413.759867 -1.378475
sounding_158_134       68.4253   33.0264   -1.0 413.766774 -2.618614
sounding_158_135       68.3866   33.5971   -1.0 413.743955 -0.448917
sounding_158_136       68.3463   34.1661   -1.0 413.709931  0.244903
sounding_158_137       68.3043   34.7335   -1.0 413.693075 -1.080843
sounding_158_138       68.2607   35.2990   -1.0 413.701984  0.602549
sounding_158_139       68.2155   35.8627   -1.0 413.703671 -0.210453
sounding_158_140       68.1687   36.4245   -1.0 413.682322  0.841726
sounding_158_141       68.1202   36.9843   -1.0 413.634377  0.119109
sounding_158_142       68.0701   37.5421   -1.0 413.564138  0.333011
sounding_158_143       68.0185   38.0978   -1.0 413.483262 -1.435161
sounding_159_134       68.6353   33.1301   -1.0 413.688700  0.854110
sounding_159_135       68.5964   33.7052   -1.0 413.679491 -0.097392
sounding_159_136       68.5558   34.2785   -1.0 413.662331  0.058582
sounding_159_137       68.5135   34.8501   -1.0 413.664331  0.961377
sounding_159_138       68.4697   35.4199   -1.0 413.687175  0.354657
sounding_159_139       68.4242   35.9877   -1.0 413.699719 -0.395770
sounding_159_140       68.3770   36.5536   -1.0 413.687329 -0.677602
sounding_159_141       68.3283   37.1175   -1.0 413.651215  0.946609
sounding_159_142       68.2779   37.6793   -1.0 413.600191 -0.283604
sounding_159_143       68.2259   38.2390   -1.0 413.540686 -0.620131
sounding_160_134       68.8449   33.2355   -1.0 413.565368 -0.202909
sounding_160_135       68.8057   33.8149   -1.0 413.567168  0.900198
sounding_160_136       68.7649   34.3927   -1.0 413.571805  0.347786
sounding_160_137       68.7224   34.9686   -1.0 413.596171 -0.096317
sounding_160_138       68.6782   35.5426   -1.0 413.634625 -0.985781
sounding_160_139       68.6324   36.1147   -1.0 413.661638 -1.782742
sounding_160_140       68.5850   36.6848   -1.0 413.671892  0.899925
sounding_160_141       68.5359   37.2528   -1.0 413.673081  0.574500
sounding_160_142       68.4852   37.8187   -1.0 413.670013  1.852131
sounding_161_134       69.0542   33.3426   -1.0 413.446382  0.332301
sounding_161_135       69.0147   33.9265   -1.0 413.460285  0.690281
sounding_161_136       68.9736   34.5086   -1.0 413.478534 -2.006343
sounding_161_137       68.9309   35.0889   -1.0 413.520135  2.279495
sounding_161_138       68.8864   35.6673   -1.0 413.573489  0.272350
sounding_161_139       68.8403   36.2437   -1.0 413.618986 -0.565433
sounding_161_140       68.7926   36.8180   -1.0 413.660889 -1.872162
sounding_161_141       68.7432   37.3902   -1.0 413.704662 -0.975094
sounding_162_134       69.2630   33.4513   -1.0 413.417093 -0.164505
sounding_162_135       69.2233   34.0398   -1.0 413.437515 -0.583479
sounding_162_136       69.1820   34.6264   -1.0 413.464413 -0.252635
sounding_162_137       69.1389   35.2112   -1.0 413.512553  0.090752
sounding_162_138       69.0942   35.7939   -1.0 413.572802 -0.654746
