sounding_005_023       31.9904   -2.6617   -1.0 414.382656  0.211633
sounding_005_024       32.0551   -2.4220   -1.0 414.385776  0.732740
sounding_005_025       32.1192   -2.1818   -1.0 414.391127 -0.306655
sounding_005_026       32.1826   -1.9411   -1.0 414.395906  0.172203
sounding_005_027       32.2454   -1.6999   -1.0 414.393966  0.379885
sounding_005_028       32.3075   -1.4582   -1.0 414.384371  2.202596
sounding_005_029       32.3690   -1.2160   -1.0 414.376998 -0.223264
sounding_005_030       32.4298   -0.9734   -1.0 414.373371  0.216366
sounding_005_031       32.4900   -0.7302   -1.0 414.359942 -0.122770
sounding_005_032       32.5495   -0.4866   -1.0 414.319452 -0.540911
sounding_005_033       32.6083   -0.2425   -1.0 414.253837  0.415750
sounding_005_034       32.6664    0.0020   -1.0 414.174960  0.381484
sounding_006_023       32.1936   -2.7387   -1.0 414.399465  0.544101
sounding_006_024       32.2586   -2.4982   -1.0 414.398272  1.706276
sounding_006_025       32.3229   -2.2573   -1.0 414.398797 -2.023965
sounding_006_026       32.3867   -2.0159   -1.0 414.405027 -0.929761
sounding_006_027       32.4497   -1.7740   -1.0 414.404047 -0.430369
sounding_006_028       32.5121   -1.5316   -1.0 414.394025 -2.415963
sounding_006_029       32.5739   -1.2886   -1.0 414.383048  0.031051
sounding_006_030       32.6349   -1.0453   -1.0 414.373114  0.171706
sounding_006_031       32.6953   -0.8014   -1.0 414.355991 -0.331275
sounding_006_032       32.7551   -0.5570   -1.0 414.323357  1.230458
sounding_006_033       32.8142   -0.3122   -1.0 414.270681  0.203671
sounding_006_034       32.8726   -0.0669   -1.0 414.208716 -1.706375
sounding_007_024       32.4622   -2.5750   -1.0 414.392516 -0.302717
sounding_007_025       32.5268   -2.3333   -1.0 414.392805  0.287094
sounding_007_026       32.5908   -2.0912   -1.0 414.400465  0.045405
sounding_007_027       32.6541   -1.8485   -1.0 414.402808 -0.463676
sounding_007_028       32.7168   -1.6054   -1.0 414.394545 -0.210875
sounding_007_029       32.7788   -1.3618   -1.0 414.380253 -0.458595
sounding_007_030       32.8402   -1.1176   -1.0 414.364355  1.251004
sounding_007_031       32.9008   -0.8730   -1.0 414.349748 -0.231606
sounding_007_032       32.9609   -0.6279   -1.0 414.333628 -0.340336
sounding_007_033       33.0202   -0.3823   -1.0 414.305521 -0.429996
sounding_007_034       33.0789   -0.1363   -1.0 414.263340 -0.549758
sounding_007_035       33.1368    0.1102   -1.0 414.199814  0.997326
sounding_008_025       32.7308   -2.4099   -1.0 414.387087 -0.845062
sounding_008_026       32.7951   -2.1670   -1.0 414.394816  1.760657
sounding_008_027       32.8587   -1.9236   -1.0 414.400405 -0.410719
sounding_008_028       32.9217   -1.6798   -1.0 414.398020  1.159217
sounding_008_029       32.9840   -1.4354   -1.0 414.386092 -1.416181
sounding_008_030       33.0456   -1.1905   -1.0 414.369232  0.029515
sounding_008_031       33.1065   -0.9451   -1.0 414.358884 -0.268042
sounding_008_032       33.1668   -0.6993   -1.0 414.355238 -0.648318
sounding_008_033       33.2264   -0.4529   -1.0 414.345464  0.488513
sounding_008_034       33.2853   -0.2061   -1.0 414.318594 -1.755145
sounding_008_035       33.3435    0.0412   -1.0 414.264846 -0.158028
sounding_008_036       33.4011    0.2889   -1.0 414.180382  1.299899
sounding_009_025       32.9350   -2.4869   -1.0 414.391103 -1.742289
sounding_009_026       32.9996   -2.2433   -1.0 414.398236  0.720164
sounding_009_027       33.0635   -1.9992   -1.0 414.404836 -0.003553
sounding_009_028       33.1267   -1.7546   -1.0 414.405384  0.862128
sounding_009_029       33.1892   -1.5095   -1.0 414.394062  0.750338
sounding_009_030       33.2511   -1.2638   -1.0 414.373114 -0.112379
sounding_009_031       33.3123   -1.0177   -1.0 414.352343 -0.719130
sounding_009_032       33.3729   -0.7711   -1.0 414.338672 -1.055545
sounding_009_033       33.4327   -0.5240   -1.0 414.326267  0.153419
sounding_009_034       33.4919   -0.2764   -1.0 414.300687  1.016847
sounding_009_035       33.5504   -0.0284   -1.0 414.248873  0.604152
sounding_009_036       33.6082    0.2202   -1.0 414.165219 -0.378617
sounding_010_026       33.2041   -2.3202   -1.0 414.411530 -2.147678
sounding_010_027       33.2683   -2.0753   -1.0 414.413642  1.156868
sounding_010_028       33.3318   -1.8299   -1.0 414.411059 -0.376096
sounding_010_029       33.3947   -1.5840   -1.0 414.396067  0.419741
sounding_010_030       33.4568   -1.3377   -1.0 414.359795 -0.317079
sounding_010_031       33.5183   -1.0908   -1.0 414.309752  0.215074
sounding_010_032       33.5791   -0.8434   -1.0 414.268005 -1.102714
sounding_010_033       33.6392   -0.5956   -1.0 414.246466  0.693428
sounding_010_034       33.6987   -0.3472   -1.0 414.225133  2.095986
sounding_010_035       33.7574   -0.0984   -1.0 414.173155  0.466471
sounding_010_036       33.8155    0.1509   -1.0 414.085396  1.124253
sounding_010_037       33.8728    0.4007   -1.0 413.983026 -0.338044
sounding_011_026       33.4089   -2.3975   -1.0 414.427045  0.157416
sounding_011_027       33.4733   -2.1519   -1.0 414.423218 -0.145774
sounding_011_028       33.5371   -1.9058   -1.0 414.411411 -0.141368
sounding_011_029       33.6002   -1.6591   -1.0 414.383742 -0.791156
sounding_011_030       33.6626   -1.4120   -1.0 414.327433  0.191195
sounding_011_031       33.7244   -1.1644   -1.0 414.246162  1.006619
sounding_011_032       33.7855   -0.9163   -1.0 414.167190 -1.354594
sounding_011_033       33.8458   -0.6676   -1.0 414.116147  0.643992
sounding_011_034       33.9055   -0.4185   -1.0 414.078430  0.031315
sounding_011_035       33.9646   -0.1689   -1.0 414.021902  1.052804
sounding_011_036       34.0229    0.0812   -1.0 413.947146  0.115135
sounding_011_037       34.0805    0.3318   -1.0 413.868508  0.571570
sounding_012_027       33.6785   -2.2290   -1.0 414.420475 -0.781635
sounding_012_028       33.7425   -1.9822   -1.0 414.399152  0.959796
sounding_012_029       33.8059   -1.7348   -1.0 414.358289  1.438654
sounding_012_030       33.8686   -1.4869   -1.0 414.275990  0.785370
sounding_012_031       33.9306   -1.2385   -1.0 414.155772 -0.666887
sounding_012_032       33.9920   -0.9896   -1.0 414.020114  0.401533
sounding_012_033       34.0526   -0.7402   -1.0 413.904580 -2.059116
sounding_012_034       34.1126   -0.4903   -1.0 413.827983 -1.833050
sounding_012_035       34.1718   -0.2398   -1.0 413.773135 -0.784378
sounding_012_036       34.2304    0.0111   -1.0 413.739471 -0.805429
sounding_012_037       34.2883    0.2624   -1.0 413.715885 -0.149465
sounding_012_038       34.3455    0.5142   -1.0 413.689165 -0.276067
sounding_013_028       33.9481   -2.0591   -1.0 414.366326 -0.746230
sounding_013_029       34.0117   -1.8109   -1.0 414.301611  0.418063
sounding_013_030       34.0747   -1.5623   -1.0 414.169997 -1.498066
sounding_013_031       34.1370   -1.3131   -1.0 413.966734  0.769351
sounding_013_032       34.1986   -1.0634   -1.0 413.735919 -0.996197
sounding_013_033       34.2595   -0.8132   -1.0 413.556534 -0.368766
sounding_013_034       34.3198   -0.5625   -1.0 413.470633  0.723566
sounding_013_035       34.3793   -0.3113   -1.0 413.455557  0.166649
sounding_013_036       34.4381   -0.0596   -1.0 413.480047  0.814521
sounding_013_037       34.4963    0.1925   -1.0 413.509791  0.379039
sounding_013_038       34.5537    0.4452   -1.0 413.510746  0.745815
sounding_014_028       34.1538   -2.1364   -1.0 414.256649 -0.259605
sounding_014_029       34.2177   -1.8875   -1.0 414.117725 -0.739020
sounding_014_030       34.2810   -1.6381   -1.0 413.877856 -0.544553
sounding_014_031       34.3435   -1.3882   -1.0 413.582536 -0.460464
sounding_014_032       34.4054   -1.1377   -1.0 413.342758 -0.240446
sounding_014_033       34.4666   -0.8868   -1.0 413.200494  0.265497
sounding_014_034       34.5271   -0.6352   -1.0 413.183025  0.083484
sounding_014_035       34.5869   -0.3833   -1.0 413.253642 -0.182317
sounding_014_036       34.6460   -0.1308   -1.0 413.350294 -0.624973
sounding_014_037       34.7044    0.1222   -1.0 413.415770 -0.330433
sounding_014_038       34.7621    0.3756   -1.0 413.418742 -1.091033
sounding_014_039       34.8190    0.6296   -1.0 413.362842 -0.287524
sounding_015_029       34.4238   -1.9647   -1.0 413.670038 -0.139838
sounding_015_030       34.4873   -1.7145   -1.0 413.370597  1.270945
sounding_015_031       34.5502   -1.4638   -1.0 413.163364  2.348901
sounding_015_032       34.6123   -1.2126   -1.0 413.048657  1.700032
sounding_015_033       34.6738   -0.9608   -1.0 412.997175 -0.039581
sounding_015_034       34.7345   -0.7085   -1.0 413.018706 -0.179352
sounding_015_035       34.7946   -0.4557   -1.0 413.128730  1.356555
sounding_015_036       34.8540   -0.2024   -1.0 413.248964 -0.265025
sounding_015_037       34.9126    0.0513   -1.0 413.323245  1.956270
sounding_015_038       34.9706    0.3056   -1.0 413.329214  0.083888
sounding_015_039       35.0278    0.5604   -1.0 413.257038  0.454468
sounding_015_040       35.0843    0.8156   -1.0 413.193193  1.998023
sounding_016_029       34.6300   -2.0424   -1.0 413.074942  0.656311
sounding_016_030       34.6938   -1.7914   -1.0 412.894445  1.115237
sounding_016_031       34.7570   -1.5399   -1.0 412.899764  0.250936
sounding_016_032       34.8194   -1.2879   -1.0 412.983499 -2.125669
sounding_016_033       34.8811   -1.0353   -1.0 413.057787  1.147287
sounding_016_034       34.9421   -0.7823   -1.0 413.117980  1.653541
sounding_016_035       35.0025   -0.5287   -1.0 413.182294  1.079435
sounding_016_036       35.0621   -0.2746   -1.0 413.235555 -0.539575
sounding_016_037       35.1210   -0.0200   -1.0 413.265795  0.337437
sounding_016_038       35.1792    0.2351   -1.0 413.235243  0.508894
sounding_016_039       35.2367    0.4907   -1.0 413.090389 -0.798212
sounding_016_040       35.2934    0.7468   -1.0 412.930275  1.237661
sounding_017_030       34.9005   -1.8689   -1.0 412.830723  1.418882
sounding_017_031       34.9639   -1.6166   -1.0 412.933496  0.071457
sounding_017_032       35.0266   -1.3638   -1.0 413.082273 -0.306505
sounding_017_033       35.0886   -1.1104   -1.0 413.205633  0.871101
sounding_017_034       35.1499   -0.8565   -1.0 413.282207 -1.989355
sounding_017_035       35.2105   -0.6021   -1.0 413.326248 -1.055814
sounding_017_036       35.2703   -0.3472   -1.0 413.327468 -1.348896
sounding_017_037       35.3295   -0.0918   -1.0 413.282638 -0.598776
sounding_017_038       35.3880    0.1641   -1.0 413.167560  0.385904
sounding_017_039       35.4457    0.4205   -1.0 412.920885 -0.578577
sounding_017_040       35.5027    0.6774   -1.0 412.662872  0.251707
sounding_017_041       35.5590    0.9348   -1.0 412.575034  1.757616
sounding_018_031       35.1709   -1.6938   -1.0 413.185698 -0.543238
sounding_018_032       35.2339   -1.4402   -1.0 413.245182 -0.490162
sounding_018_033       35.2962   -1.1860   -1.0 413.326696  0.774996
sounding_018_034       35.3577   -0.9313   -1.0 413.399543  0.150170
sounding_018_035       35.4186   -0.6761   -1.0 413.433473 -0.127606
sounding_018_036       35.4787   -0.4204   -1.0 413.390447  0.704857
sounding_018_037       35.5382   -0.1641   -1.0 413.300834 -1.174427
sounding_018_038       35.5969    0.0926   -1.0 413.148572  0.237461
sounding_018_039       35.6549    0.3498   -1.0 412.870070 -0.953971
sounding_018_040       35.7121    0.6076   -1.0 412.532939 -0.119909
sounding_018_041       35.7687    0.8658   -1.0 412.359346 -0.267425
sounding_019_034       35.5657   -1.0067   -1.0 413.446570  0.447939
sounding_019_035       35.6268   -0.7506   -1.0 413.447704 -0.424332
sounding_019_036       35.6872   -0.4941   -1.0 413.372379 -0.449479
sounding_019_037       35.7469   -0.2370   -1.0 413.278254 -0.799545
sounding_019_038       35.8059    0.0206   -1.0 413.156560  0.271372
sounding_019_039       35.8642    0.2787   -1.0 412.901461  0.879177
sounding_019_040       35.9217    0.5373   -1.0 412.519320 -0.698737
sounding_019_041       35.9785    0.7964   -1.0 412.264539  0.462372
sounding_019_042       36.0346    1.0559   -1.0 412.211125 -0.709398
sounding_020_039       36.0736    0.2070   -1.0 412.910192  1.331615
sounding_020_040       36.1314    0.4664   -1.0 412.575822 -1.328875
sounding_020_041       36.1884    0.7264   -1.0 412.316263 -0.039504
sounding_020_042       36.2447    0.9868   -1.0 412.230688 -2.244599
sounding_028_036       37.5693   -1.1812   -1.0 413.182253 -0.055421
sounding_028_037       37.6314   -0.9165   -1.0 413.160973  0.634253
sounding_029_037       37.8413   -0.9947   -1.0 413.221927  0.359743
sounding_030_037       38.0513   -1.0735   -1.0 413.294443  0.077770
sounding_030_038       38.1133   -0.8065   -1.0 413.329495  0.292115
sounding_031_038       38.3237   -0.8850   -1.0 413.391459 -0.668791
sounding_031_039       38.3851   -0.6164   -1.0 413.396547 -0.299524
sounding_032_038       38.5342   -0.9640   -1.0 413.426669  0.140209
sounding_032_039       38.5959   -0.6946   -1.0 413.440670  0.293802
sounding_032_040       38.6568   -0.4245   -1.0 413.421550 -2.238535
sounding_032_041       38.7170   -0.1539   -1.0 413.377362  0.108164
sounding_032_042       38.7764    0.1172   -1.0 413.335972  0.234643
sounding_032_047       39.0617    1.4814   -1.0 413.363354 -0.780826
sounding_033_039       38.8067   -0.7733   -1.0 413.443285  2.346603
sounding_033_040       38.8680   -0.5024   -1.0 413.404071  1.347312
sounding_033_041       38.9284   -0.2309   -1.0 413.355229 -0.333815
sounding_034_039       39.0177   -0.8527   -1.0 413.417661  1.299984
sounding_034_040       39.0792   -0.5808   -1.0 413.376131 -0.416039
sounding_034_041       39.1399   -0.3084   -1.0 413.334333 -1.297017
sounding_035_040       39.2905   -0.6598   -1.0 413.381128 -0.125113
sounding_035_041       39.3515   -0.3864   -1.0 413.341273  0.316700
sounding_036_041       39.5631   -0.4651   -1.0 413.375807 -0.879197
sounding_037_041       39.7749   -0.5443   -1.0 413.440004  1.195239
sounding_037_042       39.8356   -0.2684   -1.0 413.369928 -0.128464
sounding_038_042       40.0477   -0.3473   -1.0 413.458874  0.810631
sounding_038_043       40.1080   -0.0699   -1.0 413.372938 -0.543027
sounding_039_042       40.2599   -0.4268   -1.0 413.570068  0.332816
sounding_039_043       40.3204   -0.1484   -1.0 413.504302  0.494155
sounding_039_044       40.3801    0.1306   -1.0 413.412378  0.170149
sounding_039_045       40.4390    0.4102   -1.0 413.350779  0.087022
sounding_040_043       40.5329   -0.2275   -1.0 413.565137  0.183222
sounding_040_044       40.5929    0.0525   -1.0 413.506573 -0.188596
sounding_040_045       40.6521    0.3331   -1.0 413.449582 -0.624896
sounding_040_046       40.7104    0.6143   -1.0 413.413081 -0.127670
sounding_041_043       40.7455   -0.3072   -1.0 413.465296  0.646136
sounding_041_044       40.8058   -0.0262   -1.0 413.463156 -1.277704
sounding_041_045       40.8652    0.2553   -1.0 413.494563 -0.382141
sounding_041_046       40.9238    0.5375   -1.0 413.508959  0.345714
sounding_041_047       40.9816    0.8203   -1.0 413.508491  0.539788
sounding_042_044       41.0187   -0.1056   -1.0 413.356298 -1.017250
sounding_042_045       41.0784    0.1770   -1.0 413.451824 -0.093460
sounding_042_046       41.1373    0.4602   -1.0 413.552941 -0.712222
sounding_042_047       41.1953    0.7440   -1.0 413.598981  0.508877
sounding_042_048       41.2526    1.0284   -1.0 413.570335 -0.640460
sounding_042_049       41.3090    1.3134   -1.0 413.493861  0.009016
sounding_042_050       41.3646    1.5989   -1.0 413.410068  0.118821
sounding_042_051       41.4193    1.8851   -1.0 413.354646 -0.597928
sounding_042_052       41.4732    2.1718   -1.0 413.356963 -0.152421
sounding_043_044       41.2317   -0.1855   -1.0 413.359815  0.034631
sounding_043_045       41.2917    0.0980   -1.0 413.432449 -0.797493
sounding_043_046       41.3508    0.3823   -1.0 413.527366  1.071895
sounding_043_047       41.4091    0.6671   -1.0 413.573325  0.720368
sounding_043_048       41.4666    0.9525   -1.0 413.565602 -0.730684
sounding_043_049       41.5233    1.2385   -1.0 413.513482 -0.099751
sounding_043_050       41.5791    1.5252   -1.0 413.420105  0.515180
sounding_043_051       41.6341    1.8123   -1.0 413.344089 -0.863565
sounding_043_052       41.6883    2.1001   -1.0 413.348749  0.345776
sounding_043_053       41.7416    2.3884   -1.0 413.362427  0.146753
sounding_043_054       41.7941    2.6773   -1.0 413.366447  1.405344
sounding_043_055       41.8457    2.9668   -1.0 413.364971  0.885550
sounding_044_045       41.5050    0.0185   -1.0 413.488055  0.770579
sounding_044_046       41.5645    0.3037   -1.0 413.487784 -0.640197
sounding_044_047       41.6230    0.5896   -1.0 413.494022  0.209239
sounding_044_048       41.6808    0.8760   -1.0 413.482748  0.197649
sounding_044_049       41.7377    1.1631   -1.0 413.453337 -0.951264
sounding_044_050       41.7938    1.4508   -1.0 413.416224  1.458296
sounding_044_051       41.8490    1.7390   -1.0 413.393553 -1.472503
sounding_044_052       41.9034    2.0278   -1.0 413.424846 -0.935731
sounding_044_053       41.9570    2.3173   -1.0 413.413934  0.019239
sounding_044_054       42.0097    2.6072   -1.0 413.313035 -0.426258
sounding_044_055       42.0616    2.8977   -1.0 413.229660 -1.444304
sounding_045_046       41.7781    0.2246   -1.0 413.496235  0.189452
sounding_045_047       41.8370    0.5115   -1.0 413.472990 -1.273228
sounding_045_048       41.8950    0.7990   -1.0 413.446983  1.534425
sounding_045_049       41.9522    1.0871   -1.0 413.438508  0.281318
sounding_045_050       42.0085    1.3758   -1.0 413.479470 -0.954675
sounding_045_051       42.0640    1.6651   -1.0 413.532640  0.533781
sounding_045_052       42.1187    1.9550   -1.0 413.562493 -0.968039
sounding_045_053       42.1725    2.2455   -1.0 413.458735  0.121365
sounding_045_054       42.2254    2.5366   -1.0 413.201865  0.720405
sounding_045_055       42.2775    2.8282   -1.0 413.095832  0.564042
sounding_045_056       42.3288    3.1204   -1.0 413.280678 -0.371662
sounding_046_046       41.9919    0.1448   -1.0 413.531751 -2.204186
sounding_046_047       42.0510    0.4327   -1.0 413.505463  0.503902
sounding_046_048       42.1093    0.7213   -1.0 413.510995 -0.158528
sounding_046_049       42.1667    1.0105   -1.0 413.550547  0.326697
sounding_046_050       42.2233    1.3002   -1.0 413.640785 -0.045073
sounding_046_051       42.2790    1.5906   -1.0 413.719345 -1.081669
sounding_046_052       42.3340    1.8816   -1.0 413.686572  0.942575
sounding_046_053       42.3880    2.1732   -1.0 413.435208  1.911042
sounding_046_054       42.4412    2.4653   -1.0 413.147077 -0.196605
sounding_046_055       42.4935    2.7581   -1.0 413.217153 -0.692421
sounding_046_056       42.5450    3.0513   -1.0 413.512914  0.513961
sounding_047_047       42.2651    0.3534   -1.0 413.572188 -0.849206
sounding_047_048       42.3236    0.6430   -1.0 413.661949  0.581786
sounding_047_049       42.3813    0.9332   -1.0 413.739462  0.973079
sounding_047_050       42.4381    1.2241   -1.0 413.779654 -1.442631
sounding_047_051       42.4941    1.5156   -1.0 413.789754  0.808637
sounding_047_052       42.5493    1.8076   -1.0 413.668904  2.162059
sounding_047_053       42.6036    2.1003   -1.0 413.428579 -0.331297
sounding_047_054       42.6570    2.3935   -1.0 413.310847 -1.002458
sounding_047_055       42.7096    2.6873   -1.0 413.465658 -0.047124
sounding_047_056       42.7614    2.9817   -1.0 413.688573 -1.127942
sounding_048_047       42.4792    0.2734   -1.0 413.718421  0.343300
sounding_048_048       42.5380    0.5641   -1.0 413.784636 -1.515039
sounding_048_049       42.5959    0.8554   -1.0 413.788094 -0.746539
sounding_048_050       42.6531    1.1473   -1.0 413.740420  1.581100
sounding_048_051       42.7093    1.4399   -1.0 413.692181 -1.030751
sounding_048_052       42.7647    1.7330   -1.0 413.608536  0.613053
sounding_048_053       42.8193    2.0268   -1.0 413.532212 -1.745328
sounding_048_054       42.8730    2.3211   -1.0 413.533252 -0.348090
sounding_048_055       42.9258    2.6161   -1.0 413.599192 -1.836188
sounding_048_056       42.9778    2.9116   -1.0 413.668680 -0.737584
sounding_049_048       42.7524    0.4845   -1.0 413.704747  0.415710
sounding_049_049       42.8106    0.7769   -1.0 413.621950 -1.314007
sounding_049_050       42.8680    1.0699   -1.0 413.632406 -1.912403
sounding_049_051       42.9245    1.3636   -1.0 413.676200 -1.481180
sounding_049_052       42.9802    1.6578   -1.0 413.668705  0.434817
sounding_049_053       43.0350    1.9527   -1.0 413.652197  0.368932
sounding_049_054       43.0889    2.2482   -1.0 413.621152 -0.457036
sounding_049_055       43.1420    2.5442   -1.0 413.576703 -0.236962
sounding_049_056       43.1942    2.8409   -1.0 413.522368  1.328709
sounding_049_057       43.2455    3.1381   -1.0 413.492229 -1.152262
sounding_050_048       42.9669    0.4043   -1.0 413.535403  0.207804
sounding_050_049       43.0254    0.6978   -1.0 413.627458 -0.889179
sounding_050_050       43.0830    0.9919   -1.0 413.786164  0.338561
sounding_050_051       43.1398    1.2867   -1.0 413.843261 -0.092135
sounding_050_052       43.1957    1.5820   -1.0 413.792116 -0.555094
sounding_050_053       43.2508    1.8780   -1.0 413.682423 -0.493741
sounding_050_054       43.3049    2.1746   -1.0 413.565031 -0.519349
sounding_050_055       43.3583    2.4718   -1.0 413.475837  0.254296
sounding_050_056       43.4107    2.7696   -1.0 413.399440 -1.240833
sounding_050_057       43.4623    3.0680   -1.0 413.348507  1.058831
sounding_050_058       43.5129    3.3669   -1.0 413.331584  0.171244
sounding_050_059       43.5627    3.6664   -1.0 413.312106  1.015765
sounding_051_049       43.2402    0.6181   -1.0 413.863498 -1.239562
sounding_051_050       43.2981    0.9133   -1.0 414.007366 -2.047411
sounding_051_051       43.3551    1.2091   -1.0 414.000516 -1.039345
sounding_051_052       43.4113    1.5056   -1.0 413.850723  0.590151
sounding_051_053       43.4666    1.8027   -1.0 413.628583 -0.618042
sounding_051_054       43.5210    2.1005   -1.0 413.444816 -1.152852
sounding_051_055       43.5746    2.3988   -1.0 413.365565 -0.240450
sounding_051_056       43.6273    2.6977   -1.0 413.334586  2.285459
sounding_051_057       43.6791    2.9973   -1.0 413.301400 -0.432704
sounding_051_058       43.7300    3.2974   -1.0 413.257576 -0.347205
sounding_051_059       43.7800    3.5980   -1.0 413.177824  0.591096
sounding_052_049       43.4550    0.5377   -1.0 414.002732  0.359082
sounding_052_050       43.5132    0.8340   -1.0 414.096667  0.206474
sounding_052_051       43.5705    1.1310   -1.0 414.048582 -0.357463
sounding_052_052       43.6269    1.4286   -1.0 413.822070 -0.927495
sounding_052_053       43.6825    1.7268   -1.0 413.530343  2.119926
sounding_052_054       43.7372    2.0257   -1.0 413.321520 -0.181074
sounding_052_055       43.7910    2.3252   -1.0 413.255716 -1.652224
sounding_052_056       43.8439    2.6253   -1.0 413.246432 -1.435583
sounding_052_057       43.8959    2.9259   -1.0 413.246219 -0.232198
sounding_052_058       43.9471    3.2272   -1.0 413.243166  1.042179
sounding_052_059       43.9973    3.5291   -1.0 413.175031  0.808421
sounding_052_060       44.0467    3.8315   -1.0 413.028577  0.745932
sounding_053_050       43.7284    0.7541   -1.0 414.073747  1.346507
sounding_053_051       43.7859    1.0522   -1.0 414.001681  0.599767
sounding_053_052       43.8426    1.3509   -1.0 413.740668  1.158841
sounding_053_053       43.8984    1.6503   -1.0 413.429565  1.854523
sounding_053_054       43.9533    1.9503   -1.0 413.227294  1.071038
sounding_053_055       44.0074    2.2510   -1.0 413.177125 -0.597794
sounding_053_056       44.0606    2.5522   -1.0 413.172821 -0.220385
sounding_053_057       44.1128    2.8541   -1.0 413.179937 -0.236096
sounding_053_058       44.1642    3.1565   -1.0 413.201221  0.556206
sounding_053_059       44.2147    3.4595   -1.0 413.205012  0.026371
sounding_053_060       44.2643    3.7631   -1.0 413.115832 -2.612546
sounding_054_050       43.9436    0.6735   -1.0 414.000714  0.766004
sounding_054_051       44.0014    0.9727   -1.0 413.916739 -0.311982
sounding_054_052       44.0583    1.2726   -1.0 413.649977 -0.761923
sounding_054_053       44.1144    1.5732   -1.0 413.346250 -0.795382
sounding_054_054       44.1696    1.8743   -1.0 413.157006 -1.356307
sounding_054_055       44.2239    2.1761   -1.0 413.111826  1.548333
sounding_054_056       44.2773    2.4785   -1.0 413.106587 -0.704739
sounding_054_057       44.3298    2.7816   -1.0 413.113877 -0.894590
sounding_054_058       44.3814    3.0852   -1.0 413.132200  0.616819
sounding_054_059       44.4321    3.3894   -1.0 413.165792  0.230588
sounding_054_060       44.4820    3.6942   -1.0 413.173222 -0.136000
sounding_054_061       44.5309    3.9996   -1.0 413.097152  0.635857
sounding_055_051       44.2169    0.8926   -1.0 413.821690 -0.200337
sounding_055_052       44.2741    1.1937   -1.0 413.562887  1.654073
sounding_055_053       44.3304    1.4954   -1.0 413.269882  0.591571
sounding_055_054       44.3858    1.7977   -1.0 413.074185  2.041541
sounding_055_055       44.4404    2.1006   -1.0 413.007142  0.896049
sounding_055_056       44.4940    2.4042   -1.0 413.006418 -1.374297
sounding_055_057       44.5468    2.7085   -1.0 413.044642  1.419738
sounding_055_058       44.5987    3.0133   -1.0 413.071813  0.015596
sounding_055_059       44.6496    3.3187   -1.0 413.067762 -2.136113
sounding_055_060       44.6997    3.6248   -1.0 413.085989 -0.908827
sounding_055_061       44.7488    3.9314   -1.0 413.100436  0.039685
sounding_056_052       44.4899    1.1141   -1.0 413.473542 -0.210448
sounding_056_053       44.5465    1.4169   -1.0 413.177440 -0.294488
sounding_056_054       44.6022    1.7204   -1.0 412.977016  0.403953
sounding_056_055       44.6570    2.0246   -1.0 412.900478  0.268859
sounding_056_056       44.7108    2.3293   -1.0 412.923497 -0.399004
sounding_056_057       44.7638    2.6348   -1.0 412.985683  1.200077
sounding_056_058       44.8160    2.9408   -1.0 413.002200  0.044904
sounding_056_059       44.8672    3.2474   -1.0 412.953866  0.951492
sounding_056_060       44.9174    3.5547   -1.0 412.907579 -0.915466
sounding_056_061       44.9668    3.8625   -1.0 412.937478 -0.320418
sounding_056_062       45.0153    4.1709   -1.0 412.989489 -1.875267
sounding_057_052       44.7057    1.0338   -1.0 413.384246  0.584380
sounding_057_053       44.7625    1.3378   -1.0 413.079569 -0.171635
sounding_057_054       44.8185    1.6425   -1.0 412.875124 -1.088949
sounding_057_055       44.8735    1.9479   -1.0 412.823343 -0.477334
sounding_057_056       44.9277    2.2538   -1.0 412.879235  1.066571
sounding_057_057       44.9809    2.5604   -1.0 412.950159 -0.176375
sounding_057_058       45.0333    2.8677   -1.0 412.937232  0.502483
sounding_057_059       45.0847    3.1755   -1.0 412.841709 -0.504078
sounding_057_060       45.1352    3.4840   -1.0 412.752979 -1.270714
sounding_057_061       45.1848    3.7931   -1.0 412.760959 -0.249668
sounding_057_062       45.2335    4.1028   -1.0 412.835635  0.410354
sounding_058_053       44.9787    1.2581   -1.0 412.975606 -1.562112
sounding_058_054       45.0349    1.5639   -1.0 412.791622 -0.000062
sounding_058_055       45.0902    1.8705   -1.0 412.758513 -2.481893
sounding_058_056       45.1446    2.1777   -1.0 412.816255 -0.075549
sounding_058_057       45.1981    2.4855   -1.0 412.873403  0.279043
sounding_058_058       45.2506    2.7940   -1.0 412.843236 -1.985951
sounding_058_059       45.3023    3.1030   -1.0 412.740297 -1.115699
sounding_058_060       45.3531    3.4127   -1.0 412.691076 -1.571683
sounding_058_061       45.4029    3.7231   -1.0 412.739362 -0.137406
sounding_058_062       45.4518    4.0340   -1.0 412.787645  1.794647
sounding_058_063       45.4998    4.3455   -1.0 412.852570 -1.303758
sounding_059_053       45.1948    1.1776   -1.0 412.866461 -1.155973
sounding_059_054       45.2513    1.4847   -1.0 412.727116  0.073570
sounding_059_055       45.3068    1.7925   -1.0 412.710777 -0.976297
sounding_059_056       45.3615    2.1009   -1.0 412.737591  0.323130
sounding_059_057       45.4152    2.4099   -1.0 412.748518  1.865476
sounding_059_058       45.4680    2.7196   -1.0 412.754071  1.042813
sounding_059_059       45.5200    3.0299   -1.0 412.692617 -0.371859
sounding_059_060       45.5709    3.3409   -1.0 412.700211 -1.360485
sounding_059_061       45.6210    3.6524   -1.0 412.798373  0.127916
sounding_059_062       45.6701    3.9646   -1.0 412.848258  2.463483
sounding_059_063       45.7184    4.2774   -1.0 412.863619 -2.062652
sounding_060_054       45.4677    1.4048   -1.0 412.658403  1.407946
sounding_060_055       45.5235    1.7138   -1.0 412.654515  0.285856
sounding_060_056       45.5784    2.0234   -1.0 412.675506  0.412396
sounding_060_057       45.6324    2.3337   -1.0 412.661457  0.567971
sounding_060_058       45.6855    2.6446   -1.0 412.659199 -0.948542
sounding_060_059       45.7376    2.9562   -1.0 412.680864  0.169682
sounding_060_060       45.7888    3.2684   -1.0 412.744718 -0.076827
sounding_060_061       45.8391    3.5812   -1.0 412.848208 -0.440264
sounding_060_062       45.8885    3.8946   -1.0 412.906637  0.242800
sounding_060_063       45.9369    4.2087   -1.0 412.916436  1.764730
sounding_060_064       45.9844    4.5233   -1.0 412.916655  2.055921
sounding_061_054       45.6841    1.3242   -1.0 412.567279 -0.873040
sounding_061_055       45.7402    1.6344   -1.0 412.574477 -0.620654
sounding_061_056       45.7954    1.9453   -1.0 412.610885  1.727658
sounding_061_057       45.8496    2.2568   -1.0 412.596838  1.288275
sounding_061_058       45.9029    2.5690   -1.0 412.615896  1.527090
sounding_061_059       45.9553    2.8818   -1.0 412.709688  1.300155
sounding_061_060       46.0068    3.1953   -1.0 412.796553  1.094737
sounding_061_061       46.0573    3.5094   -1.0 412.889110 -0.098721
sounding_061_062       46.1069    3.8241   -1.0 412.962871 -0.734814
sounding_061_063       46.1556    4.1394   -1.0 413.005878  1.631744
sounding_061_064       46.2033    4.4554   -1.0 413.033797  0.975399
sounding_062_055       45.9569    1.5544   -1.0 412.517945  1.234139
sounding_062_056       46.0123    1.8665   -1.0 412.565095  0.311553
sounding_062_057       46.0668    2.1793   -1.0 412.607035  0.252964
sounding_062_058       46.1204    2.4927   -1.0 412.694797 -0.226158
sounding_062_059       46.1730    2.8068   -1.0 412.798527 -0.711360
sounding_062_060       46.2247    3.1216   -1.0 412.882498  1.332641
sounding_062_061       46.2755    3.4369   -1.0 412.962527 -0.430619
sounding_062_062       46.3253    3.7529   -1.0 413.040531 -0.482440
sounding_062_063       46.3742    4.0695   -1.0 413.098837 -1.354919
sounding_062_064       46.4222    4.3868   -1.0 413.135687 -0.729927
sounding_062_065       46.4692    4.7046   -1.0 413.140569 -0.390288
sounding_063_055       46.1737    1.4737   -1.0 412.542871 -1.824066
sounding_063_056       46.2293    1.7870   -1.0 412.608348 -0.726292
sounding_063_057       46.2841    2.1010   -1.0 412.695737  1.060752
sounding_063_058       46.3379    2.4158   -1.0 412.802521 -0.733733
sounding_063_059       46.3908    2.7311   -1.0 412.910719  1.895750
sounding_063_060       46.4427    3.0471   -1.0 413.004087  0.798783
sounding_063_061       46.4937    3.3638   -1.0 413.067961 -0.535939
sounding_063_062       46.5438    3.6812   -1.0 413.133743 -1.861186
sounding_063_063       46.5929    3.9991   -1.0 413.183722 -0.122333
sounding_063_064       46.6411    4.3176   -1.0 413.201950 -1.539266
sounding_063_065       46.6883    4.6368   -1.0 413.194967  0.969225
sounding_063_066       46.7345    4.9565   -1.0 413.184835  0.159073
sounding_064_056       46.4464    1.7069   -1.0 412.736254 -0.499921
sounding_064_057       46.5014    2.0222   -1.0 412.838438 -0.447850
sounding_064_058       46.5554    2.3382   -1.0 412.938759  1.026033
sounding_064_059       46.6085    2.6548   -1.0 413.032648 -1.406447
sounding_064_060       46.6607    2.9721   -1.0 413.122607  0.603934
sounding_064_061       46.7120    3.2901   -1.0 413.179671 -0.354291
sounding_064_062       46.7623    3.6087   -1.0 413.219897  1.469824
sounding_064_063       46.8116    3.9280   -1.0 413.243211  0.373348
sounding_064_064       46.8600    4.2479   -1.0 413.241356  0.154114
sounding_064_065       46.9074    4.5684   -1.0 413.224180 -1.667184
sounding_064_066       46.9539    4.8895   -1.0 413.230311 -0.665486
sounding_065_056       46.6634    1.6260   -1.0 412.905963  0.214408
sounding_065_057       46.7186    1.9426   -1.0 413.005728  0.238496
sounding_065_058       46.7729    2.2599   -1.0 413.096142 -0.820731
sounding_065_059       46.8263    2.5778   -1.0 413.171160 -0.165905
sounding_065_060       46.8787    2.8965   -1.0 413.222578 -1.166935
sounding_065_061       46.9302    3.2158   -1.0 413.251639 -1.797542
sounding_065_062       46.9808    3.5357   -1.0 413.263493 -0.568092
sounding_065_063       47.0303    3.8563   -1.0 413.271818 -0.400494
sounding_065_064       47.0789    4.1775   -1.0 413.278787 -0.030505
sounding_065_065       47.1266    4.4993   -1.0 413.269883 -1.350320
sounding_065_066       47.1733    4.8218   -1.0 413.273239 -2.164184
sounding_065_067       47.2190    5.1448   -1.0 413.321681  0.642755
sounding_066_057       46.9359    1.8624   -1.0 413.164755 -0.450100
sounding_066_058       46.9905    2.1809   -1.0 413.231310 -0.951793
sounding_066_059       47.0441    2.5002   -1.0 413.278787 -1.964140
sounding_066_060       47.0968    2.8201   -1.0 413.292410 -1.523593
sounding_066_061       47.1485    3.1407   -1.0 413.284981  0.090719
sounding_066_062       47.1993    3.4620   -1.0 413.273121 -0.378386
sounding_066_063       47.2491    3.7839   -1.0 413.273872 -0.043952
sounding_066_064       47.2979    4.1065   -1.0 413.283558  0.812645
sounding_066_065       47.3458    4.4297   -1.0 413.270611  0.409412
sounding_066_066       47.3927    4.7535   -1.0 413.255215  1.162848
sounding_066_067       47.4387    5.0779   -1.0 413.269826 -1.338113
sounding_067_057       47.1532    1.7814   -1.0 413.263704 -0.142864
sounding_067_058       47.2080    2.1013   -1.0 413.309077  0.354787
sounding_067_059       47.2619    2.4218   -1.0 413.328335 -0.906683
sounding_067_060       47.3148    2.7431   -1.0 413.313508  1.077755
sounding_067_061       47.3668    3.0650   -1.0 413.286457 -1.782951
sounding_067_062       47.4178    3.3877   -1.0 413.264650 -0.617693
sounding_067_063       47.4678    3.7109   -1.0 413.251149  0.851505
sounding_067_064       47.5169    4.0348   -1.0 413.234303  0.822485
sounding_067_065       47.5650    4.3594   -1.0 413.199998 -1.076943
sounding_067_066       47.6121    4.6846   -1.0 413.151433 -2.000018
sounding_067_067       47.6583    5.0104   -1.0 413.090799 -0.769119
sounding_067_068       47.7035    5.3368   -1.0 413.013923  0.520636
sounding_068_058       47.4256    2.0209   -1.0 413.303656  0.332945
sounding_068_059       47.4797    2.3428   -1.0 413.291791  0.214457
sounding_068_060       47.5328    2.6654   -1.0 413.270612 -0.138319
sounding_068_061       47.5850    2.9887   -1.0 413.240694 -1.418613
sounding_068_062       47.6363    3.3127   -1.0 413.204404  0.481916
sounding_068_063       47.6866    3.6373   -1.0 413.157695 -0.614318
sounding_068_064       47.7359    3.9626   -1.0 413.098493 -0.252558
sounding_068_065       47.7842    4.2885   -1.0 413.020462  0.213319
sounding_068_066       47.8316    4.6151   -1.0 412.919054  0.320731
sounding_068_067       47.8780    4.9423   -1.0 412.796000 -0.056975
sounding_068_068       47.9234    5.2701   -1.0 412.655534 -0.112746
sounding_069_058       47.6431    1.9399   -1.0 413.223495  0.478275
sounding_069_059       47.6975    2.2631   -1.0 413.172467 -1.520984
sounding_069_060       47.7509    2.5870   -1.0 413.133739  1.061921
sounding_069_061       47.8033    2.9116   -1.0 413.087420 -0.521752
sounding_069_062       47.8548    3.2370   -1.0 413.027693  1.156104
sounding_069_063       47.9053    3.5630   -1.0 412.941354 -0.051147
sounding_069_064       47.9549    3.8897   -1.0 412.839013  0.727871
sounding_069_065       48.0034    4.2170   -1.0 412.721925 -1.024579
sounding_069_066       48.0510    4.5450   -1.0 412.586333 -0.241934
sounding_069_067       48.0976    4.8735   -1.0 412.434749  0.030511
sounding_069_068       48.1432    5.2028   -1.0 412.274064 -0.639633
sounding_069_069       48.1879    5.5326   -1.0 412.112939  1.734299
sounding_070_059       47.9152    2.1827   -1.0 412.974163 -0.447869
sounding_070_060       47.9689    2.5079   -1.0 412.907327  1.684299
sounding_070_061       48.0216    2.8339   -1.0 412.820522  1.256199
sounding_070_062       48.0733    3.1606   -1.0 412.731076 -0.243237
sounding_070_063       48.1241    3.4880   -1.0 412.625592  0.495273
sounding_070_064       48.1739    3.8161   -1.0 412.500690  1.482655
sounding_070_065       48.2227    4.1448   -1.0 412.360713 -0.400580
sounding_070_066       48.2705    4.4742   -1.0 412.213386 -0.822467
sounding_070_067       48.3173    4.8042   -1.0 412.063299  0.267101
sounding_070_068       48.3631    5.1348   -1.0 411.913885  0.308191
sounding_070_069       48.4080    5.4661   -1.0 411.774888 -1.206968
sounding_071_060       48.1869    2.4282   -1.0 412.617205  0.340945
sounding_071_061       48.2399    2.7555   -1.0 412.504819 -0.641883
sounding_071_062       48.2919    3.0836   -1.0 412.392126  0.081945
sounding_071_063       48.3429    3.4124   -1.0 412.283495 -0.278175
sounding_071_064       48.3929    3.7418   -1.0 412.159003 -0.318745
sounding_071_065       48.4419    4.0720   -1.0 412.014243  1.123333
sounding_071_066       48.4899    4.4028   -1.0 411.863584  0.697957
sounding_071_067       48.5370    4.7342   -1.0 411.721880  0.051586
sounding_071_068       48.5830    5.0663   -1.0 411.605119  1.348557
sounding_071_069       48.6281    5.3990   -1.0 411.506079  0.384098
sounding_071_070       48.6721    5.7323   -1.0 411.419681 -0.184712
sounding_072_060       48.4050    2.3476   -1.0 412.341278 -0.123672
sounding_072_061       48.4582    2.6764   -1.0 412.214858  1.154919
sounding_072_062       48.5104    3.0059   -1.0 412.084911  0.819467
sounding_072_063       48.5616    3.3361   -1.0 411.974667  0.789771
sounding_072_064       48.6118    3.6669   -1.0 411.852270  0.401550
sounding_072_065       48.6611    3.9985   -1.0 411.713086 -0.915025
sounding_072_066       48.7094    4.3307   -1.0 411.576207  0.413657
sounding_072_067       48.7566    4.6636   -1.0 411.460691 -0.709123
sounding_072_068       48.8029    4.9971   -1.0 411.388392  0.772886
sounding_072_069       48.8482    5.3313   -1.0 411.337283 -1.068896
sounding_072_070       48.8924    5.6661   -1.0 411.284155 -0.164822
sounding_073_061       48.6764    2.5966   -1.0 411.970733  0.594477
sounding_073_062       48.7289    2.9274   -1.0 411.839097 -1.534736
sounding_073_063       48.7803    3.2590   -1.0 411.732720 -0.814046
sounding_073_065       48.8803    3.9243   -1.0 411.497035 -0.057231
sounding_073_066       48.9288    4.2580   -1.0 411.388984 -0.411190
sounding_073_067       48.9763    4.5923   -1.0 411.316272  0.354726
sounding_073_068       49.0228    4.9273   -1.0 411.282755  0.915734
sounding_073_069       49.0683    5.2629   -1.0 411.264580 -0.426147
sounding_073_070       49.1128    5.5992   -1.0 411.226749 -0.542245
sounding_073_071       49.1562    5.9361   -1.0 411.168513  0.675141
sounding_074_061       48.8946    2.5160   -1.0 411.794102 -0.884981
sounding_074_062       48.9474    2.8483   -1.0 411.675088 -0.391272
sounding_074_065       49.0995    3.8495   -1.0 411.376170  0.133166
sounding_074_066       49.1482    4.1846   -1.0 411.301754 -0.507838
sounding_074_067       49.1960    4.5204   -1.0 411.261184  0.885878
sounding_074_068       49.2427    4.8569   -1.0 411.243957  1.230567
sounding_074_069       49.2884    5.1940   -1.0 411.223513 -0.798610
sounding_074_070       49.3331    5.5317   -1.0 411.183942  0.211695
sounding_074_071       49.3767    5.8701   -1.0 411.121717 -0.238550
sounding_075_064       49.2688    3.4381   -1.0 411.410426 -1.440137
sounding_075_065       49.3187    3.7740   -1.0 411.335527 -1.601108
sounding_075_066       49.3677    4.1105   -1.0 411.281509 -0.669662
sounding_075_067       49.4156    4.4478   -1.0 411.240205 -0.272489
sounding_075_068       49.4626    4.7858   -1.0 411.192245 -0.892864
sounding_075_069       49.5085    5.1244   -1.0 411.144364  2.691626
sounding_075_070       49.5534    5.4636   -1.0 411.083367 -0.332970
sounding_075_071       49.5972    5.8035   -1.0 411.043380  0.393416
sounding_075_072       49.6401    6.1440   -1.0 411.029154 -0.942874
sounding_076_064       49.4877    3.3604   -1.0 411.404871  0.423024
sounding_076_065       49.5379    3.6977   -1.0 411.326196  1.314867
sounding_076_066       49.5871    4.0358   -1.0 411.256828  0.206033
sounding_076_067       49.6352    4.3746   -1.0 411.178980  0.137540
sounding_076_068       49.6824    4.7140   -1.0 411.094386 -1.341543
sounding_076_069       49.7285    5.0541   -1.0 411.024184  0.453436
sounding_076_071       49.8177    5.7363   -1.0 410.992687 -1.608529
sounding_076_072       49.8608    6.0784   -1.0 411.026385 -1.575323
sounding_077_063       49.6551    2.9438   -1.0 411.520163 -1.875289
sounding_077_064       49.7066    3.2820   -1.0 411.414976 -1.656308
sounding_077_065       49.7570    3.6208   -1.0 411.320089  0.291044
sounding_077_066       49.8065    3.9604   -1.0 411.225905  0.379693
sounding_077_067       49.8549    4.3006   -1.0 411.115622  0.890768
sounding_077_068       49.9022    4.6416   -1.0 411.012908  0.134477
sounding_077_070       49.9939    5.3255   -1.0 410.956637  1.712951
sounding_077_071       50.0382    5.6685   -1.0 410.998689 -1.153108
sounding_077_072       50.0815    6.0121   -1.0 411.043098 -0.460448
sounding_077_073       50.1237    6.3563   -1.0 411.046151  0.623870
sounding_078_063       49.8738    2.8632   -1.0 411.535295 -2.546287
sounding_078_064       49.9255    3.2028   -1.0 411.435276  0.237424
sounding_078_065       49.9761    3.5431   -1.0 411.329048 -2.039950
sounding_078_066       50.0258    3.8842   -1.0 411.213026  0.592103
sounding_078_067       50.0744    4.2260   -1.0 411.095113  1.954322
sounding_078_068       50.1221    4.5685   -1.0 411.000943 -1.304213
sounding_078_069       50.1686    4.9116   -1.0 410.954853  1.637090
sounding_078_070       50.2142    5.2555   -1.0 410.978135 -1.007896
sounding_078_071       50.2587    5.6000   -1.0 411.043264 -0.849796
sounding_078_072       50.3022    5.9451   -1.0 411.091937 -1.741163
sounding_078_073       50.3446    6.2909   -1.0 411.080210  0.117124
sounding_079_064       50.1443    3.1229   -1.0 411.440059 -0.775459
sounding_079_065       50.1952    3.4648   -1.0 411.340809 -0.229541
sounding_079_066       50.2451    3.8073   -1.0 411.222497  1.413713
sounding_079_067       50.2940    4.1506   -1.0 411.112868 -0.603308
sounding_079_068       50.3418    4.4947   -1.0 411.045601 -0.206846
sounding_079_069       50.3886    4.8394   -1.0 411.040034  0.430130
sounding_079_070       50.4344    5.1848   -1.0 411.075103 -0.587328
sounding_079_071       50.4791    5.5308   -1.0 411.117914  0.576380
sounding_079_072       50.5228    5.8776   -1.0 411.132619  0.133913
sounding_079_073       50.5655    6.2249   -1.0 411.098126  1.566613
sounding_079_074       50.6071    6.5729   -1.0 411.013766  0.627195
sounding_080_064       50.3631    3.0423   -1.0 411.410799 -0.895609
sounding_080_065       50.4143    3.3857   -1.0 411.329697  0.781780
sounding_080_066       50.4644    3.7298   -1.0 411.227830  0.048228
sounding_080_067       50.5135    4.0746   -1.0 411.131692 -0.626785
sounding_080_068       50.5616    4.4202   -1.0 411.087471 -0.079404
sounding_080_069       50.6086    4.7664   -1.0 411.104552  0.137591
sounding_080_070       50.6546    5.1134   -1.0 411.132302  0.355878
sounding_080_071       50.6996    5.4610   -1.0 411.145276  0.636139
sounding_080_072       50.7435    5.8094   -1.0 411.122994 -0.473990
sounding_080_073       50.7863    6.1583   -1.0 411.072966 -0.936003
sounding_080_074       50.8281    6.5079   -1.0 410.993161 -1.288731
sounding_081_065       50.6333    3.3058   -1.0 411.269177 -0.034669
sounding_081_066       50.6837    3.6514   -1.0 411.188305 -0.759149
sounding_081_067       50.7330    3.9978   -1.0 411.112141  0.584112
sounding_081_068       50.7813    4.3449   -1.0 411.065952  1.517666
sounding_081_069       50.8286    4.6928   -1.0 411.069098 -2.132276
sounding_081_070       50.8748    5.0414   -1.0 411.092640  0.367121
sounding_081_071       50.9200    5.3906   -1.0 411.091870  0.860612
sounding_081_072       50.9641    5.7405   -1.0 411.065504  1.607021
sounding_081_073       51.0071    6.0911   -1.0 411.022423  0.406119
sounding_081_074       51.0491    6.4423   -1.0 410.985991  0.113807
sounding_081_075       51.0900    6.7942   -1.0 410.975448 -1.223634
sounding_082_065       50.8523    3.2252   -1.0 411.168930 -0.965995
sounding_082_066       50.9029    3.5724   -1.0 411.103057  1.088641
sounding_082_067       50.9525    3.9203   -1.0 411.040196  0.107622
sounding_082_068       51.0010    4.2690   -1.0 410.995781  1.317730
sounding_082_069       51.0485    4.6184   -1.0 410.996946 -1.549074
sounding_082_070       51.0949    4.9686   -1.0 411.018869  0.187527
sounding_082_071       51.1403    5.3194   -1.0 411.024234  0.387327
sounding_082_072       51.1846    5.6710   -1.0 411.005213 -0.802215
sounding_082_073       51.2279    6.0232   -1.0 410.975181  1.860723
sounding_082_074       51.2701    6.3760   -1.0 410.972210 -0.423643
sounding_082_075       51.3112    6.7295   -1.0 410.999879  1.660941
sounding_083_067       51.1719    3.8421   -1.0 410.957793  0.820838
sounding_083_068       51.2207    4.1924   -1.0 410.931170  0.255453
sounding_083_069       51.2684    4.5434   -1.0 410.932777 -0.994006
sounding_083_070       51.3150    4.8951   -1.0 410.948098  1.286713
sounding_083_071       51.3606    5.2476   -1.0 410.953032 -0.929082
sounding_083_072       51.4052    5.6008   -1.0 410.949634 -0.624475
sounding_083_073       51.4486    5.9546   -1.0 410.943642  1.817181
sounding_083_074       51.4910    6.3091   -1.0 410.959770 -1.462268
sounding_083_075       51.5324    6.6643   -1.0 411.003409 -0.059142
sounding_083_076       51.5726    7.0201   -1.0 411.130578 -0.030532
sounding_084_067       51.3913    3.7631   -1.0 410.918295 -0.608717
sounding_084_068       51.4403    4.1150   -1.0 410.900624  0.276763
sounding_084_069       51.4882    4.4676   -1.0 410.887914 -1.231536
sounding_084_070       51.5351    4.8210   -1.0 410.886998  0.183162
sounding_084_071       51.5809    5.1751   -1.0 410.880108  1.160893
sounding_084_072       51.6257    5.5299   -1.0 410.881088  0.504186
sounding_084_073       51.6694    5.8854   -1.0 410.904996 -0.699938
sounding_084_074       51.7120    6.2416   -1.0 410.935267  1.275483
sounding_084_075       51.7535    6.5984   -1.0 410.984505  0.412345
sounding_084_076       51.7939    6.9559   -1.0 411.093059  1.268272
sounding_085_068       51.6598    4.0368   -1.0 410.878381 -0.825779
sounding_085_069       51.7080    4.3911   -1.0 410.833996  1.235943
sounding_085_070       51.7551    4.7461   -1.0 410.806165 -0.770347
sounding_085_071       51.8011    5.1018   -1.0 410.797066 -0.458599
sounding_085_072       51.8461    5.4583   -1.0 410.796940 -0.215683
sounding_085_073       51.8900    5.8155   -1.0 410.826887 -1.640328
sounding_085_074       51.9328    6.1733   -1.0 410.871434 -1.021886
sounding_085_075       51.9746    6.5318   -1.0 410.915209 -0.220350
sounding_085_076       52.0152    6.8910   -1.0 410.988690 -1.438567
sounding_085_077       52.0548    7.2508   -1.0 411.045283 -1.272979
sounding_086_069       51.9277    4.3138   -1.0 410.764137  0.575999
sounding_086_070       51.9751    4.6705   -1.0 410.711655  2.069729
sounding_086_071       52.0213    5.0279   -1.0 410.686497  0.023903
sounding_086_072       52.0665    5.3861   -1.0 410.674434  1.072834
sounding_086_073       52.1106    5.7449   -1.0 410.686995  0.830340
sounding_086_074       52.1536    6.1044   -1.0 410.716465  0.222623
sounding_087_070       52.1950    4.5941   -1.0 410.623732  0.350041
sounding_087_071       52.2415    4.9532   -1.0 410.577831 -0.229265
sounding_087_072       52.2869    5.3130   -1.0 410.548045 -0.436255
sounding_103_085       56.3335    9.1733   -1.0 410.499299  1.184863
sounding_103_086       56.3659    9.5734   -1.0 410.536896 -0.806903
sounding_104_083       56.4862    8.3108   -1.0 410.521639  0.579242
sounding_104_084       56.5212    8.7117   -1.0 410.566658 -2.486636
sounding_104_085       56.5550    9.1133   -1.0 410.583091 -0.634430
sounding_104_086       56.5877    9.5156   -1.0 410.603515 -1.349213
sounding_104_087       56.6191    9.9185   -1.0 410.662533 -0.303565
sounding_105_084       56.7425    8.6489   -1.0 410.675225 -0.245719
sounding_105_086       56.8093    9.4571   -1.0 410.710839  0.018421
sounding_105_087       56.8409    9.8622   -1.0 410.740321 -1.508243
sounding_106_084       56.9637    8.5854   -1.0 410.784227  1.056518
sounding_106_086       57.0308    9.3980   -1.0 410.832649  1.283937
sounding_106_087       57.0625    9.8053   -1.0 410.845628 -0.261405
sounding_106_088       57.0930   10.2132   -1.0 410.848631  1.809447
sounding_107_087       57.2841    9.7478   -1.0 410.938492  2.475141
sounding_107_088       57.3147   10.1579   -1.0 410.946318 -0.518489
sounding_108_088       57.5364   10.1020   -1.0 411.044913 -1.451942
sounding_112_081       58.1747    6.9353   -1.0 411.342148  0.002321
sounding_112_082       58.2138    7.3524   -1.0 411.260781 -1.253984
sounding_112_083       58.2516    7.7704   -1.0 411.166997 -0.463031
sounding_112_084       58.2881    8.1892   -1.0 411.101893  0.174535
sounding_113_081       58.3944    6.8596   -1.0 411.393251  1.848970
sounding_113_082       58.4337    7.2790   -1.0 411.327444  2.474220
sounding_113_083       58.4716    7.6993   -1.0 411.240326  0.282646
sounding_113_084       58.5084    8.1205   -1.0 411.194853 -1.238131
sounding_113_085       58.5438    8.5424   -1.0 411.163246  0.167285
sounding_113_086       58.5780    8.9651   -1.0 411.117470  0.062730
sounding_114_082       58.6534    7.2048   -1.0 411.438513  0.143194
sounding_114_083       58.6916    7.6275   -1.0 411.361162 -0.032803
sounding_114_084       58.7285    8.0510   -1.0 411.287015  1.342375
sounding_114_085       58.7642    8.4753   -1.0 411.254886 -0.181375
sounding_114_086       58.7985    8.9004   -1.0 411.214601 -0.441976
sounding_114_087       58.8316    9.3263   -1.0 411.189331  0.159821
sounding_114_092       58.9776   11.4659   -1.0 410.870421 -0.117839
sounding_115_082       58.8730    7.1297   -1.0 411.566530 -1.317332
sounding_115_083       58.9114    7.5548   -1.0 411.535132  0.726169
sounding_115_084       58.9485    7.9806   -1.0 411.452722 -0.871744
sounding_115_085       58.9843    8.4074   -1.0 411.378008 -1.151422
sounding_115_086       59.0189    8.8349   -1.0 411.336084 -0.574762
sounding_115_087       59.0521    9.2632   -1.0 411.333804 -0.294484
sounding_115_088       59.0841    9.6923   -1.0 411.326908  0.248607
sounding_115_089       59.1148   10.1220   -1.0 411.252442 -0.520034
sounding_115_092       59.1989   11.4153   -1.0 410.940509 -0.429893
sounding_116_083       59.1310    7.4812   -1.0 411.700564 -0.246003
sounding_116_084       59.1683    7.9095   -1.0 411.655188 -0.545676
sounding_116_085       59.2043    8.3387   -1.0 411.570554 -1.286792
sounding_116_086       59.2391    8.7686   -1.0 411.509462 -0.690003
sounding_116_087       59.2725    9.1994   -1.0 411.491086  0.972262
sounding_116_088       59.3046    9.6310   -1.0 411.472117 -0.244047
sounding_116_089       59.3355   10.0632   -1.0 411.373486  0.591384
sounding_116_091       59.3932   10.9298   -1.0 411.082862  0.607387
sounding_116_092       59.4201   11.3640   -1.0 410.976535 -0.927491
sounding_116_093       59.4457   11.7989   -1.0 410.909518  0.309125
sounding_117_083       59.3505    7.4068   -1.0 411.802048  0.729167
sounding_117_084       59.3880    7.8375   -1.0 411.798927  1.097513
sounding_117_085       59.4242    8.2692   -1.0 411.755413  0.421612
sounding_117_086       59.4591    8.7016   -1.0 411.695234  0.336996
sounding_117_087       59.4927    9.1349   -1.0 411.641694 -0.424025
sounding_117_088       59.5250    9.5689   -1.0 411.580688 -0.704147
sounding_117_089       59.5560   10.0037   -1.0 411.442622 -1.181730
sounding_117_090       59.5857   10.4391   -1.0 411.256362 -3.036965
sounding_117_091       59.6141   10.8753   -1.0 411.092130  0.955225
sounding_117_092       59.6411   11.3121   -1.0 410.994752 -0.347329
sounding_117_093       59.6668   11.7496   -1.0 410.956127 -1.179852
sounding_118_084       59.6075    7.7647   -1.0 411.900299  0.426406
sounding_118_085       59.6439    8.1988   -1.0 411.902970 -0.775155
sounding_118_086       59.6790    8.6338   -1.0 411.873078  0.468496
sounding_118_087       59.7128    9.0696   -1.0 411.795968  0.329263
sounding_118_088       59.7453    9.5061   -1.0 411.676891 -0.304554
sounding_118_089       59.7764    9.9435   -1.0 411.518317  2.614778
sounding_118_090       59.8063   10.3815   -1.0 411.334517  0.402425
sounding_118_091       59.8348   10.8202   -1.0 411.189455  1.660479
sounding_118_092       59.8620   11.2596   -1.0 411.140686  1.840165
sounding_118_093       59.8878   11.6997   -1.0 411.173579 -1.624584
sounding_118_094       59.9123   12.1403   -1.0 411.253455  0.364004
sounding_119_084       59.8268    7.6910   -1.0 412.019930  0.379024
sounding_119_085       59.8634    8.1277   -1.0 412.058724  0.482824
sounding_119_086       59.8987    8.5652   -1.0 412.046293  0.333538
sounding_119_087       59.9327    9.0035   -1.0 411.943288 -1.783376
sounding_119_088       59.9653    9.4426   -1.0 411.791522  0.000204
sounding_119_089       59.9967    9.8825   -1.0 411.643805 -0.520481
sounding_119_090       60.0267   10.3231   -1.0 411.510655 -0.611804
sounding_119_091       60.0553   10.7645   -1.0 411.430053 -0.183397
sounding_119_092       60.0827   11.2065   -1.0 411.433143 -2.537546
sounding_119_093       60.1087   11.6492   -1.0 411.498555 -0.953539
sounding_119_094       60.1333   12.0924   -1.0 411.578635  0.048200
sounding_120_085       60.0828    8.0556   -1.0 412.160747 -0.303380
sounding_120_086       60.1183    8.4957   -1.0 412.147169 -1.275400
sounding_120_087       60.1524    8.9366   -1.0 412.045145  0.449840
sounding_120_088       60.1852    9.3783   -1.0 411.902854  1.860864
sounding_120_089       60.2167    9.8208   -1.0 411.785318  0.670579
sounding_120_090       60.2469   10.2641   -1.0 411.703683  1.008226
sounding_120_091       60.2757   10.7080   -1.0 411.668440 -0.416511
sounding_120_092       60.3032   11.1527   -1.0 411.671152 -0.880054
sounding_120_093       60.3293   11.5980   -1.0 411.678892 -0.256169
sounding_120_094       60.3541   12.0440   -1.0 411.655559 -0.627851
sounding_120_095       60.3776   12.4905   -1.0 411.560657 -0.886269
sounding_121_085       60.3019    7.9827   -1.0 412.159903 -0.105274
sounding_121_086       60.3376    8.4253   -1.0 412.118877 -1.084669
sounding_121_087       60.3720    8.8689   -1.0 412.020752  1.049942
sounding_121_088       60.4050    9.3132   -1.0 411.908896  0.289778
sounding_121_089       60.4366    9.7584   -1.0 411.820732  1.653347
sounding_121_090       60.4670   10.2043   -1.0 411.752155 -0.215737
sounding_121_091       60.4959   10.6509   -1.0 411.683729  1.156270
sounding_121_092       60.5236   11.0983   -1.0 411.611912  1.323300
sounding_121_093       60.5498   11.5463   -1.0 411.501667  1.236023
sounding_121_094       60.5748   11.9949   -1.0 411.344721  0.395535
sounding_121_095       60.5984   12.4442   -1.0 411.161587 -0.887649
sounding_122_086       60.5568    8.3542   -1.0 411.971068  0.850696
sounding_122_087       60.5913    8.8003   -1.0 411.846469 -1.736019
sounding_122_088       60.6245    9.2473   -1.0 411.744228  0.330236
sounding_122_089       60.6564    9.6952   -1.0 411.654761 -1.395572
sounding_122_090       60.6869   10.1437   -1.0 411.537206 -1.001164
sounding_122_091       60.7160   10.5931   -1.0 411.386665  1.136158
sounding_122_092       60.7438   11.0432   -1.0 411.213447 -0.017669
sounding_122_093       60.7702   11.4939   -1.0 411.036456  0.867965
sounding_122_094       60.7953   11.9452   -1.0 410.864132 -0.096591
sounding_122_095       60.8190   12.3973   -1.0 410.736067  0.265405
sounding_122_096       60.8413   12.8498   -1.0 410.666743 -2.013944
sounding_123_086       60.7758    8.2821   -1.0 411.670443 -0.693271
sounding_123_087       60.8105    8.7310   -1.0 411.482517  0.887284
sounding_123_088       60.8439    9.1807   -1.0 411.357823  0.452807
sounding_123_089       60.8759    9.6312   -1.0 411.245752  0.072326
sounding_123_090       60.9066   10.0825   -1.0 411.074671  0.167590
sounding_123_091       60.9359   10.5345   -1.0 410.883080  1.046483
sounding_123_092       60.9638   10.9873   -1.0 410.712261 -0.131032
sounding_123_093       60.9904   11.4408   -1.0 410.594005 -0.284454
sounding_123_094       61.0156   11.8950   -1.0 410.543623  1.636562
sounding_123_095       61.0394   12.3498   -1.0 410.561040 -0.568201
sounding_123_096       61.0619   12.8051   -1.0 410.599301  0.031874
sounding_124_087       61.0296    8.6607   -1.0 410.927684 -0.203258
sounding_124_088       61.0631    9.1131   -1.0 410.788538  0.143813
sounding_124_089       61.0953    9.5664   -1.0 410.679113 -0.525094
sounding_124_090       61.1261   10.0205   -1.0 410.529621 -0.321348
sounding_124_091       61.1556   10.4753   -1.0 410.422584  0.228586
sounding_124_092       61.1837   10.9308   -1.0 410.399007  0.741647
sounding_124_093       61.2104   11.3871   -1.0 410.426567  0.198398
sounding_124_094       61.2357   11.8441   -1.0 410.521215  0.446336
sounding_124_095       61.2597   12.3017   -1.0 410.632668  1.134848
sounding_124_096       61.2822   12.7599   -1.0 410.693192  0.117912
sounding_124_097       61.3034   13.2187   -1.0 410.695372  0.508020
sounding_125_087       61.2484    8.5896   -1.0 410.371311  2.176174
sounding_125_088       61.2821    9.0448   -1.0 410.242720 -0.085672
sounding_125_089       61.3145    9.5008   -1.0 410.214897 -0.151069
sounding_125_090       61.3455    9.9576   -1.0 410.210930  0.069318
sounding_125_091       61.3751   10.4153   -1.0 410.284936 -1.654472
sounding_125_092       61.4033   10.8736   -1.0 410.418444  0.048576
sounding_125_093       61.4302   11.3327   -1.0 410.550524 -0.309156
sounding_125_094       61.4557   11.7925   -1.0 410.689156  0.242654
sounding_125_095       61.4798   12.2530   -1.0 410.787348  1.231037
sounding_125_096       61.5025   12.7141   -1.0 410.811550  0.107976
sounding_125_097       61.5238   13.1757   -1.0 410.782607  0.311382
sounding_126_088       61.5009    8.9756   -1.0 410.025138 -0.039351
sounding_126_089       61.5335    9.4344   -1.0 410.114295  0.113744
sounding_126_090       61.5646    9.8940   -1.0 410.268264  1.225200
sounding_126_096       61.7225   12.6676   -1.0 410.895114 -1.133358
sounding_126_097       61.7439   13.1322   -1.0 410.824653  0.141806
sounding_126_098       61.7640   13.5973   -1.0 410.721339  1.604413
sounding_127_089       61.7522    9.3671   -1.0 410.382445 -1.822738
sounding_128_099       62.2228   13.9861   -1.0 410.468376  0.205031
sounding_129_099       62.4426   13.9469   -1.0 410.470886  0.250482
sounding_130_091       62.4697   10.1035   -1.0 411.014736 -0.862512
sounding_130_098       62.6431   13.4296   -1.0 410.508798 -1.010844
sounding_130_099       62.6622   13.9073   -1.0 410.485885 -0.829158
sounding_130_100       62.6798   14.3855   -1.0 410.470146  1.448204
sounding_131_099       62.8816   13.8671   -1.0 410.444454 -1.265725
sounding_131_100       62.8993   14.3484   -1.0 410.324752  1.324739
sounding_132_099       63.1008   13.8263   -1.0 410.339062  0.745339
sounding_132_100       63.1186   14.3109   -1.0 410.157587  1.005971
sounding_132_101       63.1350   14.7959   -1.0 410.015935 -1.702190
sounding_133_099       63.3198   13.7851   -1.0 410.252698  0.381489
sounding_133_100       63.3377   14.2728   -1.0 410.074665 -0.673131
sounding_133_101       63.3541   14.7611   -1.0 409.947974  0.639258
sounding_149_109       66.9156   18.5215   -1.0 410.210254 -1.105744
sounding_150_110       67.1346   19.0644   -1.0 410.272836  0.508996
sounding_151_110       67.3499   19.0572   -1.0 410.261940  0.835734
