sounding_014_092       36.7654   14.6367   -1.0 417.220790 -1.104603
sounding_014_093       36.7810   14.9082   -1.0 417.204287  1.282479
sounding_015_092       36.9829   14.6167   -1.0 417.078992  0.081127
sounding_016_090       37.1668   14.0499   -1.0 417.114115 -0.195374
sounding_016_091       37.1841   14.3232   -1.0 417.069397  0.506351
sounding_016_092       37.2007   14.5965   -1.0 416.935938  0.101341
sounding_017_088       37.3472   13.4796   -1.0 417.113601 -0.677599
sounding_017_089       37.3663   13.7535   -1.0 417.043831 -0.619201
sounding_017_090       37.3845   14.0276   -1.0 417.004034 -0.106913
sounding_017_091       37.4019   14.3018   -1.0 416.959653 -0.736428
sounding_017_092       37.4186   14.5762   -1.0 416.843331  0.819895
sounding_017_093       37.4344   14.8508   -1.0 416.758554 -0.842013
sounding_018_087       37.5450   13.1803   -1.0 417.124301 -1.466304
sounding_018_088       37.5650   13.4550   -1.0 417.036504  1.211941
sounding_018_091       37.6200   14.2803   -1.0 416.874377  0.194692
sounding_018_092       37.6367   14.5557   -1.0 416.820677  0.339946
sounding_019_085       37.7203   12.6036   -1.0 417.142955 -0.949189
sounding_019_086       37.7420   12.8790   -1.0 417.119670 -1.026789
sounding_019_087       37.7629   13.1545   -1.0 417.084575 -0.287902
sounding_019_088       37.7829   13.4303   -1.0 417.018685 -0.626996
sounding_019_092       37.8549   14.5351   -1.0 416.860736 -1.072808
sounding_020_085       37.9381   12.5756   -1.0 417.104933  0.796209
sounding_020_086       37.9599   12.8519   -1.0 417.098918 -0.263551
sounding_020_087       37.9809   13.1285   -1.0 417.082158  0.588252
sounding_020_088       38.0010   13.4053   -1.0 417.067582 -0.731919
sounding_020_093       38.0894   14.7920   -1.0 416.906780  2.078969
sounding_020_094       38.1045   15.0698   -1.0 416.846955 -0.736433
sounding_020_095       38.1189   15.3477   -1.0 416.766537  1.154441
sounding_028_097       39.9013   15.7753   -1.0 416.336812  0.389284
sounding_029_096       40.1083   15.4706   -1.0 416.303645  0.769776
sounding_029_097       40.1215   15.7586   -1.0 416.225677 -1.134086
sounding_029_098       40.1339   16.0468   -1.0 416.110107 -0.231470
sounding_030_095       40.3145   15.1636   -1.0 416.322035 -0.180706
sounding_030_096       40.3286   15.4526   -1.0 416.220499  0.633823
sounding_030_097       40.3419   15.7418   -1.0 416.121095  1.651130
sounding_030_098       40.3543   16.0311   -1.0 415.939637  0.868377
sounding_031_095       40.5349   15.1444   -1.0 416.268565  0.428168
sounding_031_096       40.5491   15.4346   -1.0 416.170117 -1.065129
sounding_031_097       40.5624   15.7249   -1.0 416.047637  0.682226
sounding_031_098       40.5749   16.0154   -1.0 415.850260 -0.374030
sounding_032_093       40.7242   14.5428   -1.0 416.328074  0.604831
sounding_032_094       40.7403   14.8338   -1.0 416.279332 -0.596311
sounding_032_096       40.7697   15.4163   -1.0 416.150029  0.386117
sounding_032_097       40.7831   15.7078   -1.0 416.022283 -0.789481
sounding_032_098       40.7957   15.9994   -1.0 415.869948 -0.774327
sounding_033_092       40.9278   14.2290   -1.0 416.345408 -1.027134
sounding_033_093       40.9448   14.5210   -1.0 416.294541  1.788109
sounding_033_094       40.9609   14.8131   -1.0 416.260476  1.415309
sounding_033_096       40.9905   15.3980   -1.0 416.116221 -1.391897
sounding_033_097       41.0040   15.6906   -1.0 415.994798 -0.851252
sounding_033_098       41.0166   15.9834   -1.0 415.944999 -1.875954
sounding_033_099       41.0283   16.2763   -1.0 416.017852 -0.957704
sounding_034_091       41.1304   13.9128   -1.0 416.376184  1.280705
sounding_034_092       41.1484   14.2058   -1.0 416.299541  0.704121
sounding_034_093       41.1655   14.4989   -1.0 416.260278  1.178892
sounding_034_094       41.1817   14.7923   -1.0 416.242719 -0.783298
sounding_034_095       41.1970   15.0858   -1.0 416.197956 -0.881089
sounding_034_096       41.2114   15.3795   -1.0 416.096782  1.424613
sounding_034_097       41.2249   15.6733   -1.0 415.996275  0.244669
sounding_034_098       41.2376   15.9672   -1.0 416.012660  0.426035
sounding_034_099       41.2494   16.2613   -1.0 416.186262  0.040592
sounding_035_090       41.3321   13.5943   -1.0 416.362654 -0.318156
sounding_035_091       41.3511   13.8882   -1.0 416.307170 -3.429620
sounding_035_094       41.4026   14.7713   -1.0 416.225058 -0.290269
sounding_035_095       41.4180   15.0660   -1.0 416.175771 -0.150618
sounding_035_096       41.4325   15.3608   -1.0 416.095694  0.142216
sounding_035_097       41.4461   15.6558   -1.0 416.047264  1.827254
sounding_035_098       41.4588   15.9509   -1.0 416.115369  0.316882
sounding_036_090       41.5529   13.5684   -1.0 416.277776 -1.118743
sounding_036_091       41.5719   13.8635   -1.0 416.240410 -0.044655
sounding_036_094       41.6236   14.7501   -1.0 416.167095  0.693666
sounding_036_095       41.6391   15.0459   -1.0 416.142855  1.611856
sounding_036_096       41.6536   15.3420   -1.0 416.145973 -1.840673
sounding_036_097       41.6673   15.6381   -1.0 416.160314  1.105560
sounding_036_098       41.6801   15.9345   -1.0 416.257902 -0.353921
sounding_037_094       41.8448   14.7287   -1.0 416.101412  2.173704
sounding_037_095       41.8603   15.0258   -1.0 416.193359 -1.640717
sounding_037_096       41.8749   15.3230   -1.0 416.287593  1.504684
sounding_037_097       41.8887   15.6204   -1.0 416.341658  0.320472
sounding_037_098       41.9015   15.9179   -1.0 416.433512  0.709605
sounding_038_094       42.0661   14.7072   -1.0 416.261329 -0.402682
sounding_039_092       42.2535   14.0870   -1.0 416.028114 -0.485930
sounding_039_093       42.2709   14.3861   -1.0 416.294070 -1.759270
sounding_044_101       43.4893   16.7176   -1.0 416.576062 -0.626148
sounding_044_102       43.4988   17.0243   -1.0 416.445393 -0.367181
sounding_045_099       43.6899   16.0880   -1.0 416.997587  0.302028
sounding_045_100       43.7013   16.3958   -1.0 416.698745  0.408493
sounding_045_101       43.7118   16.7038   -1.0 416.467730  0.076258
sounding_045_102       43.7214   17.0118   -1.0 416.338599 -0.618425
sounding_045_103       43.7300   17.3200   -1.0 416.261404 -0.474715
sounding_046_098       43.9000   15.7625   -1.0 417.116724  0.246125
sounding_046_099       43.9124   16.0715   -1.0 416.952497 -1.262312
sounding_046_100       43.9239   16.3806   -1.0 416.638214 -1.076495
sounding_046_101       43.9345   16.6898   -1.0 416.388279 -0.130664
sounding_046_102       43.9441   16.9992   -1.0 416.256160  2.039781
sounding_046_103       43.9528   17.3086   -1.0 416.152963 -0.887052
sounding_047_097       44.1092   15.4344   -1.0 416.860728  1.342248
sounding_047_098       44.1226   15.7445   -1.0 416.903367 -0.510984
sounding_047_099       44.1351   16.0548   -1.0 416.825568  1.084581
sounding_047_100       44.1467   16.3652   -1.0 416.604668 -0.886978
sounding_047_101       44.1573   16.6758   -1.0 416.346089 -0.530881
sounding_047_102       44.1670   16.9864   -1.0 416.111997  0.462244
sounding_047_103       44.1757   17.2972   -1.0 415.908384  1.288649
sounding_048_097       44.3318   15.4149   -1.0 416.702078 -0.229271
sounding_048_098       44.3453   15.7264   -1.0 416.729558  0.891781
sounding_048_099       44.3579   16.0380   -1.0 416.713558 -0.607137
sounding_048_100       44.3695   16.3497   -1.0 416.592702  1.492832
sounding_048_101       44.3802   16.6616   -1.0 416.348375 -0.448442
sounding_048_102       44.3899   16.9735   -1.0 415.975200  0.629171
sounding_048_103       44.3987   17.2856   -1.0 415.618677 -0.558121
sounding_048_104       44.4065   17.5978   -1.0 415.376637  0.007794
sounding_049_096       44.5401   15.0827   -1.0 416.607217 -0.015496
sounding_049_097       44.5546   15.3953   -1.0 416.579446 -0.180869
sounding_049_098       44.5682   15.7081   -1.0 416.617289 -1.011788
sounding_049_099       44.5808   16.0210   -1.0 416.639329 -0.700315
sounding_049_100       44.5924   16.3341   -1.0 416.584262  0.582133
sounding_049_101       44.6032   16.6472   -1.0 416.350593 -1.685531
sounding_049_102       44.6129   16.9605   -1.0 415.878836  1.015167
sounding_049_103       44.6217   17.2740   -1.0 415.381129  0.346028
sounding_049_104       44.6296   17.5875   -1.0 415.058585 -0.480846
sounding_050_096       44.7628   15.0616   -1.0 416.511644  0.148487
sounding_050_097       44.7774   15.3755   -1.0 416.489075 -1.391016
sounding_050_098       44.7911   15.6896   -1.0 416.522790 -1.771120
sounding_050_099       44.8038   16.0039   -1.0 416.566659  0.752828
sounding_050_100       44.8155   16.3183   -1.0 416.515275  0.150407
sounding_050_101       44.8262   16.6328   -1.0 416.253663  0.416399
sounding_050_102       44.8360   16.9474   -1.0 415.763301  0.459971
sounding_050_103       44.8449   17.2622   -1.0 415.273298  0.334481
sounding_050_104       44.8528   17.5771   -1.0 415.087117  0.656180
sounding_051_096       44.9857   15.0403   -1.0 416.387440  0.737805
sounding_051_097       45.0004   15.3555   -1.0 416.382909  0.868827
sounding_051_098       45.0141   15.6710   -1.0 416.417770  1.081406
sounding_051_099       45.0268   15.9866   -1.0 416.455018  0.114141
sounding_051_100       45.0386   16.3023   -1.0 416.366595 -1.432584
sounding_051_101       45.0494   16.6182   -1.0 416.083065 -1.171510
sounding_051_102       45.0593   16.9343   -1.0 415.683282  0.493152
sounding_051_103       45.0682   17.2504   -1.0 415.400734  2.026174
sounding_051_104       45.0761   17.5666   -1.0 415.432370 -1.746070
sounding_052_095       45.1930   14.7023   -1.0 416.203126 -1.381871
sounding_052_096       45.2087   15.0188   -1.0 416.233797  0.457063
sounding_052_097       45.2234   15.3354   -1.0 416.264995  0.069897
sounding_052_098       45.2372   15.6522   -1.0 416.273640 -0.401667
sounding_052_099       45.2500   15.9692   -1.0 416.265933 -2.183091
sounding_052_100       45.2618   16.2863   -1.0 416.162562 -1.363685
sounding_052_101       45.2727   16.6035   -1.0 415.957925 -1.264922
sounding_052_102       45.2826   16.9209   -1.0 415.792191  0.011485
sounding_052_103       45.2915   17.2384   -1.0 415.770658 -1.114958
sounding_052_104       45.2995   17.5560   -1.0 415.884536  0.199295
sounding_052_105       45.3064   17.8738   -1.0 416.071177 -0.690911
sounding_053_096       45.4317   14.9971   -1.0 416.098820  0.645639
sounding_053_097       45.4465   15.3151   -1.0 416.129149  0.719642
sounding_053_098       45.4604   15.6332   -1.0 416.106968  2.265888
sounding_053_099       45.4732   15.9516   -1.0 416.047298  0.825149
sounding_053_100       45.4851   16.2701   -1.0 415.990924 -0.104321
sounding_053_101       45.4960   16.5888   -1.0 415.957030 -0.604451
sounding_053_102       45.5060   16.9075   -1.0 416.022830  0.318420
sounding_053_103       45.5149   17.2264   -1.0 416.161083  0.429920
sounding_053_104       45.5230   17.5454   -1.0 416.298073 -0.347019
sounding_053_105       45.5300   17.8645   -1.0 416.395048 -0.650016
sounding_054_096       45.6549   14.9752   -1.0 415.969107 -0.181975
sounding_054_097       45.6697   15.2946   -1.0 415.980138  0.664512
sounding_054_098       45.6836   15.6141   -1.0 415.925611  0.940486
sounding_054_099       45.6966   15.9339   -1.0 415.867742  0.960053
sounding_054_100       45.7085   16.2538   -1.0 415.903582 -0.989857
sounding_054_101       45.7195   16.5738   -1.0 416.025385 -0.275504
sounding_054_102       45.7295   16.8940   -1.0 416.237066  0.419025
sounding_054_103       45.7385   17.2142   -1.0 416.470029 -0.404541
sounding_054_104       45.7465   17.5346   -1.0 416.624697 -2.707256
sounding_054_105       45.7536   17.8551   -1.0 416.663222 -0.265155
sounding_055_097       45.8930   15.2739   -1.0 415.843198  0.434656
sounding_055_098       45.9070   15.5948   -1.0 415.751958 -1.762676
sounding_055_099       45.9200   15.9160   -1.0 415.735021  0.618551
sounding_055_100       45.9320   16.2373   -1.0 415.865623  1.211130
sounding_055_101       45.9430   16.5587   -1.0 416.115718 -1.128452
sounding_055_102       45.9530   16.8803   -1.0 416.420927  0.932101
sounding_055_103       45.9621   17.2020   -1.0 416.689076  1.254507
sounding_055_104       45.9702   17.5237   -1.0 416.825549 -0.741071
sounding_055_105       45.9773   17.8456   -1.0 416.819155  0.171710
sounding_055_106       45.9834   18.1676   -1.0 416.739339  1.931077
sounding_056_097       46.1164   15.2530   -1.0 415.715162 -1.046707
sounding_056_098       46.1304   15.5754   -1.0 415.634937  0.282640
sounding_056_099       46.1435   15.8979   -1.0 415.651291  0.270165
sounding_056_100       46.1555   16.2206   -1.0 415.850329  0.537668
sounding_056_101       46.1666   16.5435   -1.0 416.187942  2.576727
sounding_056_102       46.1767   16.8665   -1.0 416.542734  0.149347
sounding_056_103       46.1858   17.1896   -1.0 416.805097 -0.553444
sounding_056_104       46.1939   17.5128   -1.0 416.884816 -0.803173
sounding_056_105       46.2010   17.8361   -1.0 416.864604 -0.819481
sounding_056_106       46.2072   18.1595   -1.0 416.798143 -1.001076
sounding_057_097       46.3398   15.2320   -1.0 415.629913 -1.107372
sounding_057_098       46.3539   15.5558   -1.0 415.573693 -0.349073
sounding_057_099       46.3670   15.8797   -1.0 415.617522  0.769380
sounding_057_100       46.3792   16.2039   -1.0 415.825647 -0.131850
sounding_057_106       46.4310   18.1513   -1.0 416.849360  1.961018
sounding_058_097       46.5633   15.2108   -1.0 415.597885  0.094490
sounding_058_098       46.5775   15.5360   -1.0 415.579046 -1.923542
sounding_058_105       46.6488   17.8168   -1.0 416.789122  1.833555
sounding_058_106       46.6550   18.1431   -1.0 416.808087 -1.037581
sounding_058_107       46.6602   18.4694   -1.0 416.770758  1.734934
sounding_059_098       46.8012   15.5160   -1.0 415.613682 -1.050769
sounding_059_106       46.8790   18.1348   -1.0 416.719078  0.762540
sounding_059_107       46.8842   18.4626   -1.0 416.712755  0.311575
sounding_060_106       47.1031   18.1263   -1.0 416.617134  0.138106
sounding_060_107       47.1083   18.4557   -1.0 416.601864  0.192754
sounding_061_106       47.3272   18.1179   -1.0 416.591089  1.525776
sounding_061_107       47.3325   18.4487   -1.0 416.557290 -0.941072
sounding_061_108       47.3368   18.7795   -1.0 416.643979  0.627687
sounding_062_105       47.5451   17.7771   -1.0 416.781607  0.552397
sounding_062_106       47.5515   18.1093   -1.0 416.716168 -0.730577
sounding_062_107       47.5568   18.4416   -1.0 416.663904  1.196721
sounding_062_108       47.5610   18.7740   -1.0 416.762142  1.540672
sounding_063_104       47.7620   17.4333   -1.0 417.031698 -0.080293
sounding_063_105       47.7694   17.7670   -1.0 417.081494 -1.217676
sounding_063_106       47.7757   18.1007   -1.0 417.006126  0.334089
sounding_063_107       47.7810   18.4345   -1.0 416.898529 -0.714989
sounding_063_108       47.7853   18.7684   -1.0 416.888831  0.860304
sounding_064_103       47.9779   17.0865   -1.0 416.939054 -0.843953
sounding_064_104       47.9863   17.4216   -1.0 417.352296 -0.214353
sounding_064_105       47.9937   17.7567   -1.0 417.510318  0.374484
sounding_064_106       48.0001   18.0920   -1.0 417.397690 -0.568088
sounding_064_107       48.0054   18.4273   -1.0 417.111463 -0.628770
sounding_064_108       48.0097   18.7627   -1.0 416.868969  0.041866
sounding_065_102       48.1926   16.7366   -1.0 416.332909 -1.018643
sounding_065_103       48.2021   17.0731   -1.0 416.951396 -0.376635
sounding_065_104       48.2106   17.4097   -1.0 417.514244 -0.924667
sounding_065_105       48.2180   17.7464   -1.0 417.804976  0.456186
sounding_065_106       48.2244   18.0832   -1.0 417.646152 -1.813783
sounding_065_107       48.2298   18.4200   -1.0 417.076592 -1.651419
sounding_065_108       48.2341   18.7570   -1.0 416.553823 -1.248202
sounding_065_109       48.2375   19.0940   -1.0 416.186212  1.067769
sounding_066_101       48.4063   16.3836   -1.0 416.182098  0.120203
sounding_066_102       48.4169   16.7215   -1.0 416.626010 -1.799142
sounding_066_103       48.4265   17.0595   -1.0 417.139097 -0.386144
sounding_066_104       48.4350   17.3977   -1.0 417.585122  1.358396
sounding_066_105       48.4425   17.7360   -1.0 417.767824 -1.349227
sounding_066_106       48.4489   18.0743   -1.0 417.480565 -0.148290
sounding_066_107       48.4543   18.4127   -1.0 416.729458 -0.015800
sounding_066_108       48.4586   18.7512   -1.0 416.054234  0.118984
sounding_066_109       48.4619   19.0898   -1.0 415.515651  0.732077
sounding_067_101       48.6306   16.3668   -1.0 416.459509 -0.290969
sounding_067_102       48.6412   16.7063   -1.0 417.006917  1.176453
sounding_067_103       48.6508   17.0459   -1.0 417.421894  0.857078
sounding_067_104       48.6594   17.3856   -1.0 417.576600 -0.196967
sounding_067_105       48.6669   17.7254   -1.0 417.422362 -0.760942
sounding_067_106       48.6733   18.0653   -1.0 416.905135  1.697417
sounding_067_107       48.6788   18.4054   -1.0 416.129980 -0.999140
sounding_067_108       48.6832   18.7454   -1.0 415.425696 -1.152274
sounding_067_109       48.6865   19.0856   -1.0 414.879153 -0.059917
sounding_068_100       48.8432   16.0090   -1.0 415.782540  1.257767
sounding_068_101       48.8549   16.3499   -1.0 416.430394 -1.364220
sounding_068_102       48.8656   16.6909   -1.0 417.177442 -2.196505
sounding_068_103       48.8752   17.0321   -1.0 417.558062 -0.096249
sounding_068_104       48.8838   17.3734   -1.0 417.416156  0.038956
sounding_068_105       48.8914   17.7148   -1.0 416.891193  0.990340
sounding_068_106       48.8979   18.0563   -1.0 416.105981  2.571569
sounding_068_107       48.9033   18.3979   -1.0 415.302385 -0.348435
sounding_068_108       48.9077   18.7396   -1.0 414.744713 -0.120472
sounding_068_109       48.9111   19.0813   -1.0 414.365153  1.023534
sounding_068_110       48.9134   19.4231   -1.0 414.175359 -0.106011
sounding_069_101       49.0793   16.3328   -1.0 416.158417 -1.680403
sounding_069_102       49.0900   16.6754   -1.0 417.052048 -0.726460
sounding_069_103       49.0997   17.0182   -1.0 417.456634  0.257360
sounding_069_104       49.1083   17.3610   -1.0 417.086109  1.581120
sounding_069_105       49.1159   17.7041   -1.0 416.197971  1.509611
sounding_069_106       49.1224   18.0472   -1.0 415.253392 -0.239660
sounding_069_107       49.1279   18.3904   -1.0 414.518336 -0.833663
sounding_069_108       49.1323   18.7336   -1.0 414.144262  1.378484
sounding_069_109       49.1357   19.0770   -1.0 413.910703  0.331042
sounding_069_110       49.1380   19.4203   -1.0 413.836478  0.658469
sounding_070_101       49.3037   16.3155   -1.0 415.832771  2.268148
sounding_070_102       49.3145   16.6597   -1.0 416.718753  2.484515
sounding_070_103       49.3242   17.0041   -1.0 417.196778 -0.575212
sounding_070_104       49.3329   17.3486   -1.0 416.692302 -0.939604
sounding_070_105       49.3405   17.6932   -1.0 415.559517  1.010521
sounding_070_106       49.3470   18.0380   -1.0 414.550145 -0.357019
sounding_070_107       49.3525   18.3828   -1.0 413.975692  2.349006
sounding_070_108       49.3570   18.7277   -1.0 413.723185  2.097299
sounding_070_109       49.3603   19.0726   -1.0 413.590467  1.843353
sounding_070_110       49.3627   19.4176   -1.0 413.587892  0.563629
sounding_071_101       49.5281   16.2981   -1.0 415.560640  1.629193
sounding_071_102       49.5389   16.6439   -1.0 416.293822 -1.862360
sounding_071_103       49.5487   16.9899   -1.0 416.811586 -1.381931
sounding_071_104       49.5574   17.3361   -1.0 416.395434  1.245113
sounding_071_105       49.5651   17.6823   -1.0 415.221182 -0.717900
sounding_071_106       49.5717   18.0287   -1.0 414.112228 -0.314614
sounding_071_107       49.5772   18.3751   -1.0 413.555335  0.087229
sounding_071_108       49.5817   18.7217   -1.0 413.342189  1.402107
sounding_071_109       49.5851   19.0682   -1.0 413.284053 -0.078135
sounding_071_110       49.5874   19.4149   -1.0 413.282570 -0.978972
sounding_071_111       49.5886   19.7615   -1.0 413.303182  1.561174
sounding_072_103       49.7732   16.9756   -1.0 416.364124 -0.471781
sounding_072_104       49.7820   17.3234   -1.0 416.188806  1.178184
sounding_072_105       49.7897   17.6713   -1.0 415.222608  0.332810
sounding_072_106       49.7963   18.0193   -1.0 413.971289 -0.718228
sounding_072_107       49.8019   18.3674   -1.0 413.064344 -1.164410
sounding_072_108       49.8064   18.7156   -1.0 412.630156  0.192516
sounding_072_109       49.8098   19.0638   -1.0 412.555257 -1.691343
sounding_072_110       49.8121   19.4121   -1.0 412.562294  0.441636
sounding_072_111       49.8134   19.7604   -1.0 412.464455 -0.622514
sounding_073_103       49.9978   16.9611   -1.0 416.016492 -0.016144
sounding_073_104       50.0066   17.3106   -1.0 416.058955 -0.633297
sounding_073_105       50.0144   17.6601   -1.0 415.348350  0.320767
sounding_073_107       50.0266   18.3596   -1.0 412.364706  0.029492
sounding_073_108       50.0311   18.7094   -1.0 411.704269 -1.016982
sounding_073_109       50.0345   19.0593   -1.0 411.769010  1.934567
sounding_073_110       50.0369   19.4092   -1.0 411.784995  0.062473
sounding_073_111       50.0382   19.7592   -1.0 411.598699  1.569509
sounding_074_102       50.2125   16.5955   -1.0 415.631408 -0.542104
sounding_074_103       50.2224   16.9465   -1.0 415.857947 -1.460124
sounding_074_104       50.2313   17.2976   -1.0 416.011221 -0.970102
sounding_074_107       50.2513   18.3517   -1.0 411.916232 -0.554112
sounding_074_108       50.2559   18.7032   -1.0 411.317972  0.756800
sounding_074_109       50.2593   19.0548   -1.0 411.556429 -1.278297
sounding_074_110       50.2617   19.4064   -1.0 411.445468  0.755804
sounding_074_111       50.2629   19.7581   -1.0 411.240049  1.785156
sounding_074_112       50.2632   20.1097   -1.0 411.389141  0.307959
sounding_075_102       50.4370   16.5791   -1.0 415.737706  0.030238
sounding_075_103       50.4470   16.9318   -1.0 415.912387 -0.452180
sounding_075_104       50.4559   17.2846   -1.0 416.099561 -1.258215
sounding_075_107       50.4761   18.3437   -1.0 411.865211  1.441822
sounding_075_108       50.4806   18.6969   -1.0 411.460916  0.065871
sounding_075_109       50.4841   19.0502   -1.0 411.637852 -0.378447
sounding_075_110       50.4865   19.4035   -1.0 411.374094 -0.543271
sounding_075_111       50.4878   19.7569   -1.0 411.123321 -0.371513
sounding_075_112       50.4880   20.1103   -1.0 411.378051 -1.641414
sounding_076_103       50.6717   16.9169   -1.0 416.196525  1.134899
sounding_076_106       50.6952   17.9808   -1.0 413.999715  2.049631
sounding_076_107       50.7009   18.3357   -1.0 412.070394  1.455089
sounding_076_108       50.7054   18.6906   -1.0 411.548599  0.440307
sounding_076_109       50.7089   19.0456   -1.0 411.550556  0.115244
sounding_076_110       50.7113   19.4006   -1.0 411.177168 -2.384231
sounding_076_111       50.7126   19.7557   -1.0 410.998617  0.645813
sounding_076_112       50.7128   20.1108   -1.0 411.510467  0.473349
sounding_077_106       50.9200   17.9710   -1.0 414.546088  0.786864
sounding_077_107       50.9256   18.3276   -1.0 412.536966  0.508645
sounding_077_108       50.9302   18.6842   -1.0 411.611888  1.628178
sounding_077_109       50.9337   19.0409   -1.0 411.331577 -0.169334
sounding_077_110       50.9361   19.3977   -1.0 411.039157  0.189264
sounding_077_111       50.9374   19.7545   -1.0 411.051051  1.525346
sounding_077_112       50.9376   20.1113   -1.0 411.762728 -1.736264
sounding_078_106       51.1447   17.9610   -1.0 414.966227  0.456064
sounding_078_107       51.1504   18.3194   -1.0 412.803349 -1.776573
sounding_078_108       51.1551   18.6778   -1.0 411.575618 -0.751262
sounding_078_109       51.1586   19.0362   -1.0 411.257434  0.990759
sounding_078_110       51.1610   19.3948   -1.0 411.111064  0.021393
sounding_078_111       51.1623   19.7533   -1.0 411.283214 -0.066951
sounding_078_112       51.1625   20.1119   -1.0 412.098906  1.487591
sounding_078_113       51.1616   20.4704   -1.0 413.272705 -1.260917
sounding_079_105       51.3626   17.5910   -1.0 416.807716  0.050116
sounding_079_106       51.3695   17.9510   -1.0 415.113675  1.544642
sounding_079_107       51.3752   18.3111   -1.0 413.047743  0.131314
sounding_079_108       51.3799   18.6713   -1.0 411.758506  0.695612
sounding_079_109       51.3834   19.0315   -1.0 411.337680 -1.853904
sounding_079_110       51.3858   19.3918   -1.0 411.298242  1.597511
sounding_079_111       51.3871   19.7521   -1.0 411.678520 -1.786507
sounding_079_112       51.3874   20.1124   -1.0 412.640704  1.433621
sounding_079_113       51.3865   20.4728   -1.0 413.820918  0.021993
sounding_080_104       51.5794   17.2174   -1.0 417.138321 -0.150838
sounding_080_105       51.5874   17.5791   -1.0 416.725338  1.121890
sounding_080_106       51.5943   17.9409   -1.0 415.056082 -0.102870
sounding_080_107       51.6000   18.3027   -1.0 413.196360  0.938501
sounding_080_108       51.6047   18.6647   -1.0 411.950214 -0.739523
sounding_080_109       51.6082   19.0267   -1.0 411.443333  0.327056
sounding_080_110       51.6107   19.3888   -1.0 411.605098 -1.683089
sounding_080_111       51.6120   19.7508   -1.0 412.387642  1.355208
sounding_080_112       51.6122   20.1130   -1.0 413.467936 -0.612293
sounding_080_113       51.6113   20.4751   -1.0 414.325281  1.535988
sounding_081_104       51.8041   17.2036   -1.0 417.149727  0.930023
sounding_081_105       51.8121   17.5670   -1.0 416.553132  0.855973
sounding_081_106       51.8190   17.9306   -1.0 414.846780 -0.359030
sounding_081_107       51.8248   18.2943   -1.0 413.106745  0.255543
sounding_081_108       51.8295   18.6580   -1.0 411.984337  1.696969
sounding_081_109       51.8331   19.0219   -1.0 411.735703 -0.305709
sounding_081_110       51.8355   19.3857   -1.0 412.359527 -0.878897
sounding_081_111       51.8369   19.7496   -1.0 413.360085  1.837364
sounding_081_112       51.8371   20.1136   -1.0 414.160949  0.032260
sounding_081_113       51.8362   20.4775   -1.0 414.406781  0.472898
sounding_081_114       51.8342   20.8413   -1.0 414.234536 -0.978192
sounding_082_105       52.0369   17.5549   -1.0 416.257183  0.026735
sounding_082_106       52.0438   17.9203   -1.0 414.500586  0.036778
sounding_082_107       52.0496   18.2857   -1.0 412.985764  1.467205
sounding_082_108       52.0544   18.6513   -1.0 412.317035  0.461404
sounding_082_109       52.0579   19.0170   -1.0 412.606565  0.670962
sounding_082_110       52.0604   19.3827   -1.0 413.424388  1.373554
sounding_082_111       52.0617   19.7484   -1.0 414.061371  0.113722
sounding_082_112       52.0620   20.1141   -1.0 414.203889  1.463342
sounding_082_113       52.0610   20.4799   -1.0 413.950377 -0.563997
sounding_082_114       52.0590   20.8455   -1.0 413.570177 -1.263154
sounding_083_105       52.2616   17.5426   -1.0 415.835836  0.796731
sounding_083_106       52.2686   17.9098   -1.0 414.263154 -0.091427
sounding_083_107       52.2744   18.2771   -1.0 413.279711  0.889452
sounding_083_108       52.2792   18.6445   -1.0 413.186948 -1.004276
sounding_083_109       52.2828   19.0120   -1.0 413.682566 -0.039467
sounding_083_110       52.2852   19.3795   -1.0 414.051665 -0.123931
sounding_083_111       52.2866   19.7471   -1.0 414.015493  1.066558
sounding_083_112       52.2868   20.1147   -1.0 413.659740  0.860989
sounding_083_113       52.2859   20.4823   -1.0 413.230001 -0.437000
sounding_083_114       52.2838   20.8498   -1.0 412.802119 -2.074129
sounding_084_105       52.4863   17.5302   -1.0 415.582636 -1.306419
sounding_084_106       52.4933   17.8992   -1.0 414.520039 -0.392424
sounding_084_107       52.4992   18.2684   -1.0 414.074045 -0.039109
sounding_084_108       52.5040   18.6377   -1.0 414.157926 -1.385723
sounding_084_109       52.5076   19.0070   -1.0 414.227953 -0.732408
sounding_084_110       52.5101   19.3764   -1.0 413.895923  0.932061
sounding_084_111       52.5114   19.7459   -1.0 413.402211 -0.772173
sounding_084_112       52.5117   20.1153   -1.0 412.974430  0.070975
sounding_084_113       52.5107   20.4847   -1.0 412.604658  0.131757
sounding_084_114       52.5087   20.8541   -1.0 412.316645  0.587188
sounding_084_115       52.5055   21.2234   -1.0 412.145627 -1.852181
sounding_085_105       52.7110   17.5176   -1.0 415.721906 -0.637374
sounding_085_106       52.7181   17.8886   -1.0 415.082388  1.117236
sounding_085_107       52.7240   18.2596   -1.0 414.733809 -0.839585
sounding_085_108       52.7288   18.6308   -1.0 414.434766  0.605972
sounding_085_109       52.7324   19.0020   -1.0 413.870605  1.068447
sounding_085_110       52.7349   19.3733   -1.0 413.221779 -0.352226
sounding_085_111       52.7363   19.7445   -1.0 412.773642 -0.680197
sounding_085_112       52.7365   20.1158   -1.0 412.446249 -1.192206
sounding_085_113       52.7356   20.4871   -1.0 412.217185 -0.849898
sounding_085_114       52.7335   20.8584   -1.0 412.037630  0.140331
sounding_085_115       52.7303   21.2297   -1.0 411.924102  0.400619
sounding_086_106       52.9428   17.8778   -1.0 415.205012 -1.188073
sounding_086_107       52.9487   18.2508   -1.0 414.537988 -2.204497
sounding_086_108       52.9535   18.6238   -1.0 413.766955 -0.120675
sounding_086_109       52.9572   18.9969   -1.0 413.021023 -0.743229
sounding_086_110       52.9597   19.3701   -1.0 412.571621 -0.925592
sounding_086_111       52.9611   19.7432   -1.0 412.312737  1.305389
sounding_086_112       52.9613   20.1165   -1.0 412.136200 -1.263062
sounding_086_113       52.9604   20.4897   -1.0 411.966783  1.026311
sounding_086_114       52.9583   20.8628   -1.0 411.868656  1.263877
sounding_086_115       52.9550   21.2359   -1.0 411.918018  0.911683
sounding_087_106       53.1675   17.8669   -1.0 414.420089  0.068531
sounding_087_107       53.1735   18.2418   -1.0 413.475576 -1.086001
sounding_087_108       53.1783   18.6167   -1.0 412.721083 -0.453326
sounding_087_109       53.1820   18.9918   -1.0 412.310350 -0.991388
sounding_087_110       53.1845   19.3668   -1.0 412.150363 -0.746264
sounding_087_111       53.1859   19.7419   -1.0 412.058299 -0.687550
sounding_087_112       53.1861   20.1170   -1.0 411.953837 -0.631562
sounding_087_113       53.1851   20.4922   -1.0 411.878219  1.034234
sounding_087_114       53.1831   20.8672   -1.0 411.978849 -0.704886
sounding_087_115       53.1798   21.2423   -1.0 412.308339 -0.786653
sounding_088_106       53.3922   17.8559   -1.0 413.063379 -2.927594
sounding_088_107       53.3982   18.2327   -1.0 412.342976 -0.313743
sounding_088_108       53.4030   18.6096   -1.0 412.004463 -0.491500
sounding_088_109       53.4067   18.9865   -1.0 411.947176 -1.169009
sounding_088_110       53.4093   19.3636   -1.0 411.948779  0.463727
sounding_088_111       53.4106   19.7406   -1.0 411.956923 -0.986921
sounding_088_112       53.4108   20.1177   -1.0 411.963789  1.071306
sounding_088_113       53.4099   20.4947   -1.0 412.078191 -0.218222
sounding_088_114       53.4078   20.8717   -1.0 412.443396  0.161306
sounding_088_115       53.4045   21.2487   -1.0 413.061383 -1.135578
sounding_088_116       53.4001   21.6256   -1.0 413.847801 -1.865173
sounding_089_107       53.6228   18.2236   -1.0 411.837130 -1.845127
sounding_089_108       53.6277   18.6024   -1.0 411.805123  1.131794
sounding_089_109       53.6314   18.9813   -1.0 411.883032  0.388756
sounding_089_110       53.6340   19.3603   -1.0 411.977938 -0.852610
sounding_089_111       53.6354   19.7393   -1.0 412.074721 -0.254113
sounding_089_112       53.6356   20.1183   -1.0 412.224902 -1.252186
sounding_089_113       53.6346   20.4973   -1.0 412.588968  0.308282
sounding_089_114       53.6325   20.8762   -1.0 413.222800  0.810595
sounding_089_115       53.6292   21.2552   -1.0 413.999949 -1.409063
sounding_089_116       53.6248   21.6340   -1.0 414.701974 -0.599133
sounding_090_107       53.8475   18.2143   -1.0 411.931507 -1.216846
sounding_090_108       53.8524   18.5951   -1.0 412.001755  0.673396
sounding_090_109       53.8561   18.9760   -1.0 412.100826  0.713980
sounding_090_110       53.8587   19.3569   -1.0 412.229693 -0.237928
sounding_090_111       53.8601   19.7379   -1.0 412.435930  0.785369
sounding_090_112       53.8603   20.1189   -1.0 412.783460 -0.519895
sounding_090_113       53.8593   20.4998   -1.0 413.391179 -0.586220
sounding_090_114       53.8572   20.8808   -1.0 414.142933  0.172151
sounding_090_115       53.8539   21.2617   -1.0 414.791558  0.563566
sounding_090_116       53.8495   21.6425   -1.0 415.149141 -0.347744
sounding_091_107       54.0721   18.2050   -1.0 412.348528 -0.385256
sounding_091_108       54.0770   18.5877   -1.0 412.422326  1.469890
sounding_091_109       54.0808   18.9706   -1.0 412.492701  0.502848
sounding_091_110       54.0833   19.3535   -1.0 412.661108 -0.755026
sounding_091_111       54.0847   19.7365   -1.0 413.030432 -0.727690
sounding_091_112       54.0849   20.1195   -1.0 413.624606  1.757669
sounding_091_113       54.0840   20.5025   -1.0 414.337443  0.917895
sounding_091_114       54.0819   20.8854   -1.0 414.918129  1.764814
sounding_091_115       54.0786   21.2683   -1.0 415.190056  0.537879
sounding_091_116       54.0741   21.6511   -1.0 415.202756  1.006152
sounding_091_117       54.0684   22.0339   -1.0 415.177264 -0.496255
sounding_092_108       54.3016   18.5803   -1.0 412.890477 -0.595799
sounding_092_109       54.3054   18.9652   -1.0 413.030198 -0.990406
sounding_092_111       54.3094   19.7351   -1.0 413.895114 -0.564563
sounding_092_112       54.3096   20.1201   -1.0 414.564058  0.748564
sounding_092_113       54.3086   20.5051   -1.0 415.082858  1.369571
sounding_092_114       54.3065   20.8901   -1.0 415.280168  1.130601
sounding_092_115       54.3032   21.2750   -1.0 415.246240  0.073803
sounding_092_116       54.2987   21.6598   -1.0 415.171006 -0.304988
sounding_092_117       54.2929   22.0446   -1.0 415.169376 -1.857938
sounding_093_112       54.5342   20.1208   -1.0 415.260013 -0.399409
sounding_093_113       54.5332   20.5078   -1.0 415.392207 -0.443749
sounding_093_114       54.5311   20.8948   -1.0 415.331392 -0.708110
sounding_093_115       54.5277   21.2817   -1.0 415.232440  0.191601
sounding_093_116       54.5232   21.6686   -1.0 415.179108  0.042563
sounding_093_117       54.5175   22.0554   -1.0 415.172158  3.495529
sounding_094_112       54.7587   20.1214   -1.0 415.552497  0.242193
sounding_094_113       54.7577   20.5105   -1.0 415.465986  0.323934
sounding_094_114       54.7556   20.8995   -1.0 415.360431  0.002296
sounding_094_115       54.7522   21.2885   -1.0 415.271907  0.451034
sounding_094_116       54.7477   21.6775   -1.0 415.195848 -0.172715
sounding_094_117       54.7419   22.0663   -1.0 415.171633  1.497247
sounding_095_115       54.9767   21.2954   -1.0 415.317216 -1.468136
sounding_095_116       54.9721   21.6865   -1.0 415.218301  0.299664
sounding_095_117       54.9663   22.0774   -1.0 415.167733 -0.139712
sounding_095_118       54.9593   22.4682   -1.0 415.152639 -0.438297
sounding_096_115       55.2011   21.3024   -1.0 415.328923 -0.829468
sounding_096_116       55.1965   21.6955   -1.0 415.214794 -0.512171
sounding_096_117       55.1907   22.0885   -1.0 415.152026  1.177321
sounding_096_118       55.1837   22.4814   -1.0 415.115978  1.752080
sounding_097_115       55.4254   21.3094   -1.0 415.290481  0.348858
sounding_097_116       55.4208   21.7047   -1.0 415.169409 -0.368519
sounding_097_117       55.4150   22.0998   -1.0 415.123633  0.692138
sounding_097_118       55.4079   22.4948   -1.0 415.067026  0.453253
sounding_098_115       55.6497   21.3166   -1.0 415.256700 -2.191940
sounding_098_116       55.6450   21.7140   -1.0 415.143991  0.474116
sounding_098_117       55.6392   22.1112   -1.0 415.103370 -0.696287
sounding_098_118       55.6321   22.5084   -1.0 415.034897  0.704948
sounding_098_119       55.6238   22.9054   -1.0 414.945477  0.066333
sounding_099_115       55.8739   21.3238   -1.0 415.216807 -0.398036
sounding_099_116       55.8693   21.7233   -1.0 415.127682 -1.020331
sounding_099_117       55.8633   22.1228   -1.0 415.084088 -0.269123
sounding_099_118       55.8562   22.5221   -1.0 415.017241 -0.299213
sounding_099_119       55.8479   22.9213   -1.0 414.926861  0.338238
sounding_100_115       56.0981   21.3311   -1.0 415.172019 -0.695689
sounding_100_116       56.0934   21.7328   -1.0 415.114047  0.857683
sounding_100_117       56.0874   22.1345   -1.0 415.065453  1.106331
sounding_100_118       56.0803   22.5360   -1.0 414.992605  0.379171
sounding_100_119       56.0719   22.9373   -1.0 414.890387  0.440938
sounding_101_115       56.3221   21.3384   -1.0 415.145909  1.460082
sounding_101_116       56.3174   21.7424   -1.0 415.087485 -1.389578
sounding_101_117       56.3115   22.1462   -1.0 415.041042  0.489663
sounding_101_118       56.3043   22.5500   -1.0 414.958444  2.146151
sounding_101_119       56.2958   22.9535   -1.0 414.841751 -0.436624
sounding_101_120       56.2862   23.3569   -1.0 414.688205  0.752134
sounding_102_115       56.5461   21.3459   -1.0 415.120001  0.058682
sounding_102_116       56.5414   21.7520   -1.0 415.064079 -1.527228
sounding_102_117       56.5354   22.1582   -1.0 415.014788  0.274725
sounding_102_118       56.5282   22.5642   -1.0 414.929030 -0.548215
sounding_102_119       56.5197   22.9699   -1.0 414.783610 -0.752809
sounding_102_120       56.5100   23.3756   -1.0 414.587034 -1.560742
sounding_103_115       56.7700   21.3534   -1.0 415.131863 -1.329078
sounding_103_116       56.7653   21.7618   -1.0 415.076241 -0.016267
sounding_103_117       56.7593   22.1702   -1.0 415.014097  0.619953
sounding_103_118       56.7520   22.5785   -1.0 414.902483  1.107793
sounding_103_119       56.7435   22.9865   -1.0 414.719391  0.078774
sounding_103_120       56.7337   23.3944   -1.0 414.499002  0.538716
sounding_104_115       56.9939   21.3610   -1.0 415.166422  0.708304
sounding_104_116       56.9891   21.7718   -1.0 415.094466  0.937861
sounding_104_117       56.9830   22.1824   -1.0 415.008183 -1.633236
sounding_104_118       56.9757   22.5929   -1.0 414.860956 -0.656786
sounding_104_119       56.9672   23.0033   -1.0 414.665900  1.307259
sounding_104_120       56.9573   23.4135   -1.0 414.475699 -0.707686
sounding_105_116       57.2128   21.7818   -1.0 415.106960 -1.212493
sounding_105_117       57.2067   22.1947   -1.0 414.993273  1.603613
sounding_105_118       57.1994   22.6076   -1.0 414.832361 -0.683675
sounding_105_119       57.1908   23.0203   -1.0 414.640708  0.337462
sounding_106_116       57.4364   21.7919   -1.0 415.133491  0.620743
sounding_106_117       57.4303   22.2072   -1.0 414.996114 -0.089311
sounding_106_118       57.4229   22.6224   -1.0 414.811272  1.388446
sounding_107_117       57.6538   22.2198   -1.0 414.995031 -1.025953
sounding_110_117       58.3237   22.2585   -1.0 414.663725 -1.281515
sounding_110_118       58.3161   22.6834   -1.0 414.378434  2.089151
sounding_111_118       58.5392   22.6991   -1.0 414.320799 -0.496773
sounding_111_119       58.5303   23.1262   -1.0 414.175040  0.208571
sounding_111_121       58.5086   23.9797   -1.0 414.142035  0.832952
sounding_111_122       58.4958   24.4061   -1.0 414.234400  1.969275
sounding_112_120       58.7429   23.5740   -1.0 414.047880 -1.255622
sounding_112_121       58.7313   24.0031   -1.0 414.049311 -0.030198
sounding_112_122       58.7185   24.4320   -1.0 414.154553  0.012626
sounding_112_123       58.7043   24.8606   -1.0 414.340551 -0.545356
sounding_113_118       58.9849   22.7310   -1.0 414.377273 -0.248679
sounding_113_120       58.9656   23.5951   -1.0 414.003795 -2.202167
sounding_113_121       58.9540   24.0268   -1.0 413.979481  1.695262
sounding_113_122       58.9410   24.4582   -1.0 414.062249 -0.347032
sounding_113_123       58.9268   24.8893   -1.0 414.227055  0.083924
sounding_114_120       59.1882   23.6165   -1.0 414.008564  1.345450
sounding_114_121       59.1765   24.0507   -1.0 413.951344 -0.099533
sounding_114_122       59.1635   24.4847   -1.0 413.982410 -0.800989
sounding_114_123       59.1492   24.9183   -1.0 414.096001 -2.577057
sounding_115_122       59.3858   24.5115   -1.0 413.936347 -1.466177
sounding_115_123       59.3714   24.9477   -1.0 413.999962  0.353097
sounding_115_124       59.3557   25.3836   -1.0 414.122413 -0.314393
sounding_118_119       60.0876   23.2595   -1.0 413.956290 -1.252267
sounding_118_120       60.0771   23.7046   -1.0 413.818791 -1.487426
sounding_118_121       60.0651   24.1493   -1.0 413.754111  0.468634
sounding_119_118       60.3188   22.8315   -1.0 414.170275  1.113761
sounding_119_119       60.3096   23.2795   -1.0 413.891327  0.007238
sounding_119_120       60.2989   23.7273   -1.0 413.751076  0.271972
sounding_119_121       60.2869   24.1748   -1.0 413.687322 -0.121036
sounding_120_117       60.5486   22.3980   -1.0 414.582609 -1.174245
sounding_120_118       60.5407   22.8489   -1.0 414.163620  0.176679
sounding_120_119       60.5314   23.2997   -1.0 413.891319 -0.623012
sounding_120_120       60.5207   23.7503   -1.0 413.753267 -0.356155
sounding_121_116       60.7770   21.9589   -1.0 414.996271  1.054625
sounding_121_117       60.7704   22.4128   -1.0 414.606527 -0.941914
sounding_121_118       60.7623   22.8666   -1.0 414.206684 -1.399150
sounding_121_119       60.7530   23.3202   -1.0 413.947480  0.272931
sounding_122_116       60.9986   21.9711   -1.0 415.000395  0.024119
sounding_122_117       60.9919   22.4279   -1.0 414.639595 -0.249313
sounding_122_118       60.9839   22.8846   -1.0 414.270667 -0.215257
sounding_123_116       61.2200   21.9835   -1.0 414.998016  0.657040
sounding_123_117       61.2133   22.4432   -1.0 414.666136 -0.068954
sounding_126_127       61.7307   27.1578   -1.0 413.642605 -1.092906
sounding_127_127       61.9506   27.2037   -1.0 413.642868 -2.665814
sounding_128_126       62.1915   26.7795   -1.0 413.733804  1.202956
sounding_128_127       62.1703   27.2502   -1.0 413.628405  1.313012
sounding_129_125       62.4309   26.3493   -1.0 413.795152  0.101270
sounding_129_126       62.4111   26.8236   -1.0 413.693525  0.608784
sounding_129_127       62.3898   27.2973   -1.0 413.580537  1.170207
sounding_129_128       62.3671   27.7704   -1.0 413.443909 -0.397096
sounding_130_124       62.6690   25.9130   -1.0 413.845448  1.704113
sounding_130_125       62.6505   26.3909   -1.0 413.722987  0.488149
sounding_130_126       62.6305   26.8683   -1.0 413.616162 -0.365952
sounding_130_127       62.6091   27.3450   -1.0 413.505837 -2.033367
sounding_130_128       62.5863   27.8212   -1.0 413.387775 -0.935044
sounding_131_121       62.9356   24.5059   -1.0 414.177856  0.074250
sounding_131_122       62.9213   24.9884   -1.0 414.073524  1.816008
sounding_131_123       62.9056   25.4705   -1.0 413.926719  1.400399
sounding_131_124       62.8884   25.9520   -1.0 413.772251  0.648406
sounding_131_125       62.8698   26.4330   -1.0 413.633011 -0.416702
sounding_131_126       62.8497   26.9135   -1.0 413.524544 -0.743648
sounding_132_120       63.1680   24.0499   -1.0 414.142409  0.756166
sounding_132_121       63.1551   24.5359   -1.0 414.058883  1.456837
sounding_132_122       63.1407   25.0216   -1.0 413.963142  0.820940
sounding_132_123       63.1249   25.5068   -1.0 413.830662 -0.863335
sounding_132_124       63.1076   25.9915   -1.0 413.690455  2.574201
sounding_132_125       63.0889   26.4757   -1.0 413.561879  0.022401
sounding_132_128       63.0241   27.9247   -1.0 413.296669  0.885322
sounding_133_119       63.3989   23.5874   -1.0 414.088361  0.255060
sounding_133_120       63.3874   24.0770   -1.0 414.005361 -1.044900
sounding_133_121       63.3744   24.5663   -1.0 413.920583  0.355803
sounding_133_122       63.3599   25.0552   -1.0 413.840289 -0.320668
sounding_133_127       63.2658   27.4920   -1.0 413.327718  0.571391
sounding_133_128       63.2426   27.9775   -1.0 413.267208 -0.721138
sounding_133_129       63.2179   28.4623   -1.0 413.287915 -0.369693
sounding_134_120       63.6065   24.1045   -1.0 413.879854 -1.119387
sounding_134_125       63.5265   26.5628   -1.0 413.507737  0.051564
sounding_134_126       63.5061   27.0529   -1.0 413.411259 -1.061468
sounding_134_127       63.4843   27.5423   -1.0 413.297338 -0.463527
sounding_134_128       63.4609   28.0310   -1.0 413.257220 -0.085821
sounding_134_129       63.4361   28.5190   -1.0 413.302192 -0.250714
sounding_135_122       63.7977   25.1238   -1.0 413.658080 -0.672377
sounding_135_123       63.7816   25.6188   -1.0 413.595443 -0.293586
sounding_135_124       63.7641   26.1133   -1.0 413.533941  0.589210
sounding_135_125       63.7450   26.6073   -1.0 413.461660 -0.405715
sounding_135_126       63.7245   27.1006   -1.0 413.359891  0.578982
sounding_135_127       63.7025   27.5933   -1.0 413.269108  0.387551
sounding_135_128       63.6790   28.0853   -1.0 413.255289  0.184900
sounding_135_129       63.6541   28.5765   -1.0 413.315448  0.986687
sounding_136_122       64.0163   25.1588   -1.0 413.592703  0.146783
sounding_136_123       64.0001   25.6572   -1.0 413.537508  0.922659
sounding_136_124       63.9824   26.1550   -1.0 413.472625  1.087040
sounding_136_125       63.9633   26.6523   -1.0 413.382289 -1.083108
sounding_136_126       63.9426   27.1490   -1.0 413.279670 -0.909820
sounding_136_127       63.9205   27.6449   -1.0 413.229872 -1.661263
sounding_136_128       63.8969   28.1402   -1.0 413.244998 -0.648462
sounding_136_129       63.8718   28.6348   -1.0 413.308068  0.305199
sounding_136_130       63.8453   29.1285   -1.0 413.380001 -0.061331
sounding_137_121       64.2494   24.6920   -1.0 413.571178  0.001633
sounding_137_122       64.2346   25.1943   -1.0 413.541232 -1.402931
sounding_137_123       64.2184   25.6961   -1.0 413.485426  0.184964
sounding_137_124       64.2006   26.1973   -1.0 413.397020 -0.009476
sounding_137_125       64.1813   26.6979   -1.0 413.289356  0.186176
sounding_137_126       64.1605   27.1980   -1.0 413.205397  2.212733
sounding_137_127       64.1383   27.6973   -1.0 413.189318 -0.021332
sounding_137_128       64.1145   28.1959   -1.0 413.232954  1.082385
sounding_137_129       64.0893   28.6938   -1.0 413.286782  1.378815
sounding_137_130       64.0626   29.1909   -1.0 413.346262  0.048843
sounding_138_121       64.4676   24.7246   -1.0 413.489759  0.242626
sounding_138_122       64.4527   25.2303   -1.0 413.479803  0.554133
sounding_138_123       64.4364   25.7355   -1.0 413.425300 -0.882485
sounding_138_124       64.4185   26.2402   -1.0 413.313409  0.845214
sounding_138_125       64.3991   26.7442   -1.0 413.192044 -0.551707
sounding_138_127       64.3558   27.7504   -1.0 413.158542 -1.305115
sounding_138_128       64.3319   28.2524   -1.0 413.217117 -2.031125
sounding_138_129       64.3066   28.7536   -1.0 413.256814  0.424908
sounding_138_130       64.2797   29.2540   -1.0 413.294616 -0.187302
sounding_139_121       64.6856   24.7575   -1.0 413.397206  0.430277
sounding_139_122       64.6706   25.2667   -1.0 413.375581  2.038685
sounding_139_123       64.6541   25.7755   -1.0 413.319836  1.030974
sounding_139_124       64.6362   26.2836   -1.0 413.214658 -0.686495
sounding_139_125       64.6167   26.7912   -1.0 413.107873  1.842992
sounding_139_126       64.5956   27.2980   -1.0 413.089860 -0.864990
sounding_139_127       64.5731   27.8042   -1.0 413.138880 -0.152265
sounding_139_128       64.5491   28.3097   -1.0 413.205600  1.851893
sounding_139_129       64.5236   28.8143   -1.0 413.249123 -0.121640
sounding_139_130       64.4965   29.3181   -1.0 413.275375 -1.100792
sounding_139_131       64.4680   29.8210   -1.0 413.308785 -0.198084
sounding_140_122       64.8882   25.3037   -1.0 413.239910 -0.219043
sounding_140_123       64.8717   25.8160   -1.0 413.181485 -0.670725
sounding_140_124       64.8536   26.3277   -1.0 413.099142 -0.828899
sounding_140_125       64.8340   26.8388   -1.0 413.057728 -1.078302
sounding_140_126       64.8128   27.3492   -1.0 413.079547 -0.572814
sounding_140_127       64.7902   27.8588   -1.0 413.143184 -0.161072
sounding_140_128       64.7660   28.3677   -1.0 413.215387 -0.530535
sounding_140_129       64.7403   28.8758   -1.0 413.267604 -0.953538
sounding_140_130       64.7132   29.3831   -1.0 413.298245 -0.211535
sounding_140_131       64.6845   29.8894   -1.0 413.339895 -0.028181
sounding_141_123       65.0890   25.8571   -1.0 413.021590  0.160589
sounding_141_124       65.0708   26.3724   -1.0 413.002308  0.885004
sounding_141_125       65.0510   26.8870   -1.0 413.030876  0.844165
sounding_141_126       65.0298   27.4009   -1.0 413.102408  0.137552
sounding_141_127       65.0070   27.9141   -1.0 413.191187 -0.309528
sounding_141_128       64.9827   28.4266   -1.0 413.271579 -0.511091
sounding_141_129       64.9569   28.9382   -1.0 413.330436  0.506684
sounding_141_130       64.9295   29.4489   -1.0 413.376095  0.720205
sounding_141_131       64.9006   29.9587   -1.0 413.429957  2.013386
sounding_142_122       65.3227   25.3793   -1.0 412.905189 -1.229958
sounding_142_123       65.3060   25.8988   -1.0 412.885356  1.871763
sounding_142_124       65.2877   26.4177   -1.0 412.938189 -0.412226
sounding_142_125       65.2678   26.9359   -1.0 413.037040  1.598216
sounding_142_126       65.2464   27.4535   -1.0 413.157120 -0.743792
sounding_142_127       65.2235   27.9703   -1.0 413.270093 -1.515381
sounding_142_128       65.1991   28.4863   -1.0 413.360949  0.394818
sounding_142_129       65.1731   29.0014   -1.0 413.431836  1.495124
sounding_142_130       65.1456   29.5157   -1.0 413.506645 -1.043670
sounding_142_131       65.1166   30.0290   -1.0 413.572036  0.833426
sounding_143_122       65.5396   25.4179   -1.0 412.787827  0.008541
sounding_143_123       65.5228   25.9411   -1.0 412.801016 -0.227085
sounding_143_124       65.5044   26.4637   -1.0 412.909200 -0.406067
sounding_143_125       65.4844   26.9856   -1.0 413.063091  1.037514
sounding_143_126       65.4629   27.5068   -1.0 413.214469 -1.246008
sounding_143_127       65.4398   28.0272   -1.0 413.341765 -1.320271
sounding_143_128       65.4152   28.5468   -1.0 413.443019  1.217941
sounding_143_129       65.3891   29.0656   -1.0 413.535117 -0.558127
sounding_143_130       65.3614   29.5834   -1.0 413.633087  0.203050
sounding_143_131       65.3322   30.1003   -1.0 413.724226 -0.604193
sounding_143_132       65.3015   30.6162   -1.0 413.792942 -0.036458
sounding_144_127       65.6558   28.0850   -1.0 413.377291 -0.942620
sounding_144_128       65.6311   28.6083   -1.0 413.478405  0.261758
sounding_144_129       65.6048   29.1306   -1.0 413.584709 -0.203981
sounding_144_130       65.5770   29.6521   -1.0 413.700224 -0.668890
sounding_144_131       65.5476   30.1726   -1.0 413.809648 -1.255895
sounding_144_132       65.5167   30.6921   -1.0 413.890403 -0.494965
sounding_145_128       65.8467   28.6705   -1.0 413.460806 -1.007970
sounding_145_129       65.8202   29.1967   -1.0 413.561702 -0.811919
sounding_145_130       65.7922   29.7218   -1.0 413.682356 -0.000352
sounding_145_131       65.7627   30.2459   -1.0 413.806230  0.266992
sounding_145_132       65.7316   30.7690   -1.0 413.904079  0.217155
sounding_146_130       66.0072   29.7925   -1.0 413.610608 -1.196120
sounding_146_131       65.9775   30.3203   -1.0 413.740832  1.771564
sounding_146_132       65.9462   30.8471   -1.0 413.847581  0.743323
sounding_146_133       65.9134   31.3728   -1.0 413.935195 -0.099001
sounding_147_133       66.1275   31.4557   -1.0 413.842030  0.971481
sounding_148_130       66.4364   29.9370   -1.0 413.469672 -0.482720
sounding_148_131       66.4063   30.4724   -1.0 413.589033 -0.365400
sounding_148_132       66.3746   31.0067   -1.0 413.689348 -0.137920
sounding_148_133       66.3414   31.5399   -1.0 413.765293 -0.896243
sounding_149_130       66.6505   30.0108   -1.0 413.402586  2.078880
sounding_149_131       66.6202   30.5501   -1.0 413.537276 -1.567683
sounding_149_132       66.5883   31.0883   -1.0 413.649032 -0.960737
sounding_149_133       66.5549   31.6252   -1.0 413.739320  0.617870
sounding_157_131       68.3204   31.2157   -1.0 413.598970 -0.830263
sounding_158_132       68.4977   31.8801   -1.0 413.515173  1.692247
sounding_158_133       68.4623   32.4540   -1.0 413.586066 -1.243251
sounding_158_134       68.4253   33.0264   -1.0 413.683267  0.807313
sounding_159_132       68.7081   31.9751   -1.0 413.343847  0.999752
sounding_159_133       68.6725   32.5534   -1.0 413.440801 -1.184322
sounding_159_134       68.6353   33.1301   -1.0 413.558978 -0.679434
sounding_159_135       68.5964   33.7052   -1.0 413.669252 -0.036183
sounding_160_133       68.8824   32.6543   -1.0 413.320174 -0.159663
sounding_160_134       68.8449   33.2355   -1.0 413.446258  1.593796
sounding_160_135       68.8057   33.8149   -1.0 413.547107  0.219195
sounding_161_133       69.0919   32.7569   -1.0 413.254690  0.659924
sounding_161_134       69.0542   33.3426   -1.0 413.360614 -0.030213
sounding_161_135       69.0147   33.9265   -1.0 413.460201 -0.332614
sounding_162_127       69.4930   29.2866   -1.0 413.301321 -0.654957
sounding_162_132       69.3373   32.2692   -1.0 413.188546 -1.298060
sounding_162_133       69.3010   32.8611   -1.0 413.266404 -1.105718
sounding_162_134       69.2630   33.4513   -1.0 413.340597  1.031158
sounding_162_135       69.2233   34.0398   -1.0 413.429192  2.220331
sounding_162_136       69.1820   34.6264   -1.0 413.573164 -1.253226
sounding_163_127       69.7030   29.3638   -1.0 413.416291 -1.283544
sounding_163_128       69.6752   29.9680   -1.0 413.399595  0.060211
sounding_163_129       69.6455   30.5709   -1.0 413.352344 -0.448267
sounding_163_130       69.6142   31.1723   -1.0 413.303603 -0.314889
sounding_163_131       69.5811   31.7721   -1.0 413.286347  1.570023
sounding_164_131       69.7899   31.8702   -1.0 413.450519  0.600849
sounding_164_132       69.7549   32.4733   -1.0 413.426064 -0.397231
