sounding_005_033       32.6083   -0.2425   -1.0 417.855492  0.306774
sounding_005_034       32.6664    0.0020   -1.0 417.862731  1.238975
sounding_005_035       32.7239    0.2470   -1.0 417.870362 -1.519879
sounding_005_036       32.7807    0.4924   -1.0 417.872880 -0.792858
sounding_005_037       32.8368    0.7383   -1.0 417.872770  0.722437
sounding_006_033       32.8142   -0.3122   -1.0 417.781624  0.786818
sounding_006_034       32.8726   -0.0669   -1.0 417.814944 -2.322238
sounding_006_035       32.9303    0.1788   -1.0 417.830781  0.056002
sounding_006_036       32.9873    0.4250   -1.0 417.848336  0.042071
sounding_007_034       33.0789   -0.1363   -1.0 417.680713  0.269740
sounding_007_035       33.1368    0.1102   -1.0 417.719374 -1.093760
sounding_007_036       33.1941    0.3572   -1.0 417.770521  0.293903
sounding_007_037       33.2508    0.6046   -1.0 417.819554  0.291216
sounding_008_035       33.3435    0.0412   -1.0 417.566840 -0.471189
sounding_008_036       33.4011    0.2889   -1.0 417.600437 -0.553249
sounding_008_037       33.4580    0.5371   -1.0 417.661822  2.062420
sounding_009_035       33.5504   -0.0284   -1.0 417.521439  0.360365
sounding_009_036       33.6082    0.2202   -1.0 417.491185  1.844506
sounding_009_037       33.6653    0.4692   -1.0 417.493342  0.356258
sounding_009_038       33.7217    0.7186   -1.0 417.544586 -0.858882
sounding_010_036       33.8155    0.1509   -1.0 417.518489 -0.832237
sounding_010_037       33.8728    0.4007   -1.0 417.493067  0.370429
sounding_010_038       33.9295    0.6510   -1.0 417.489991  0.645403
sounding_010_039       33.9855    0.9017   -1.0 417.508136  0.994306
sounding_011_036       34.0229    0.0812   -1.0 417.610262  0.117309
sounding_011_037       34.0805    0.3318   -1.0 417.604084  0.135665
sounding_011_038       34.1374    0.5829   -1.0 417.563978 -0.720551
sounding_011_039       34.1936    0.8344   -1.0 417.519870 -0.563034
sounding_011_040       34.2492    1.0864   -1.0 417.520325  0.306048
sounding_011_041       34.3040    1.3388   -1.0 417.580204  0.267845
sounding_011_042       34.3581    1.5917   -1.0 417.693745 -0.428538
sounding_012_037       34.2883    0.2624   -1.0 417.637810  0.430936
sounding_012_038       34.3455    0.5142   -1.0 417.605474  1.857262
sounding_012_039       34.4019    0.7666   -1.0 417.544840  1.895454
sounding_012_040       34.4577    1.0194   -1.0 417.489514  0.851926
sounding_012_041       34.5128    1.2726   -1.0 417.488477  1.192072
sounding_012_042       34.5671    1.5264   -1.0 417.557820  2.233144
sounding_012_043       34.6208    1.7806   -1.0 417.677450 -0.139878
sounding_013_037       34.4963    0.1925   -1.0 417.542569 -0.098332
sounding_013_038       34.5537    0.4452   -1.0 417.521820 -0.008981
sounding_013_039       34.6104    0.6983   -1.0 417.474863 -2.075884
sounding_013_040       34.6664    0.9519   -1.0 417.419095  0.361429
sounding_013_041       34.7217    1.2060   -1.0 417.398342 -0.708876
sounding_013_042       34.7763    1.4606   -1.0 417.431975  2.339354
sounding_013_043       34.8302    1.7156   -1.0 417.524258  0.043568
sounding_013_044       34.8834    1.9710   -1.0 417.666140  1.642033
sounding_014_038       34.7621    0.3756   -1.0 417.365029 -0.728924
sounding_014_039       34.8190    0.6296   -1.0 417.344331 -0.580388
sounding_014_040       34.8753    0.8840   -1.0 417.323656  0.015738
sounding_014_041       34.9308    1.1389   -1.0 417.321157  0.954892
sounding_014_042       34.9857    1.3943   -1.0 417.347864  1.005364
sounding_014_043       35.0398    1.6502   -1.0 417.405089 -1.032178
sounding_014_044       35.0932    1.9064   -1.0 417.494789 -1.117489
sounding_015_038       34.9706    0.3056   -1.0 417.237670  0.057786
sounding_015_039       35.0278    0.5604   -1.0 417.239396  0.118121
sounding_015_040       35.0843    0.8156   -1.0 417.254499  0.938521
sounding_015_041       35.1401    1.0714   -1.0 417.278463 -0.178068
sounding_015_042       35.1952    1.3276   -1.0 417.301260 -0.267181
sounding_015_043       35.2495    1.5843   -1.0 417.333244 -1.735863
sounding_015_044       35.3032    1.8414   -1.0 417.382248 -0.466222
sounding_015_045       35.3561    2.0990   -1.0 417.469631 -1.319809
sounding_015_046       35.4082    2.3571   -1.0 417.627863  1.106163
sounding_015_047       35.4597    2.6156   -1.0 417.835713  0.166052
sounding_015_048       35.5104    2.8745   -1.0 418.009342 -0.599077
sounding_015_049       35.5604    3.1339   -1.0 418.081486  0.070348
sounding_016_039       35.2367    0.4907   -1.0 417.181691 -1.065662
sounding_016_040       35.2934    0.7468   -1.0 417.213413 -0.975162
sounding_016_041       35.3495    1.0034   -1.0 417.238222 -1.519608
sounding_016_042       35.4048    1.2604   -1.0 417.263019 -0.831030
sounding_016_043       35.4594    1.5179   -1.0 417.290704  1.416158
sounding_016_044       35.5133    1.7759   -1.0 417.337603  1.349370
sounding_016_045       35.5664    2.0344   -1.0 417.411010  0.688376
sounding_016_046       35.6188    2.2933   -1.0 417.538327  0.214109
sounding_016_047       35.6705    2.5526   -1.0 417.733277 -0.700159
sounding_016_048       35.7214    2.8124   -1.0 417.929698  1.068693
sounding_016_049       35.7716    3.0727   -1.0 417.996323  0.833387
sounding_017_039       35.4457    0.4205   -1.0 417.145360 -1.297476
sounding_017_040       35.5027    0.6774   -1.0 417.174573  0.566648
sounding_017_041       35.5590    0.9348   -1.0 417.192744  0.311503
sounding_017_042       35.6146    1.1927   -1.0 417.209584  0.426967
sounding_017_043       35.6694    1.4511   -1.0 417.249637 -0.158410
sounding_017_044       35.7235    1.7099   -1.0 417.314561 -0.880150
sounding_017_045       35.7769    1.9692   -1.0 417.357260  1.425553
sounding_017_046       35.8295    2.2290   -1.0 417.407610 -1.567006
sounding_017_047       35.8815    2.4893   -1.0 417.542334  1.254818
sounding_017_048       35.9326    2.7499   -1.0 417.793023 -1.380647
sounding_017_050       36.0327    3.2726   -1.0 417.803310  0.376340
sounding_018_040       35.7121    0.6076   -1.0 417.116856  0.543461
sounding_018_041       35.7687    0.8658   -1.0 417.125442 -0.426764
sounding_018_042       35.8245    1.1246   -1.0 417.137416  1.233401
sounding_018_043       35.8796    1.3838   -1.0 417.180562 -0.513206
sounding_018_044       35.9339    1.6435   -1.0 417.246273 -0.430345
sounding_018_045       35.9875    1.9037   -1.0 417.294109  0.698661
sounding_018_046       36.0404    2.1643   -1.0 417.299623 -0.939238
sounding_018_047       36.0926    2.4254   -1.0 417.321405 -0.333737
sounding_018_048       36.1439    2.6870   -1.0 417.417114 -0.071215
sounding_018_049       36.1946    2.9490   -1.0 417.556647 -0.331463
sounding_019_040       35.9217    0.5373   -1.0 417.027947  1.295887
sounding_019_041       35.9785    0.7964   -1.0 417.042863 -0.853950
sounding_019_042       36.0346    1.0559   -1.0 417.057879 -0.766488
sounding_019_043       36.0899    1.3160   -1.0 417.089870 -0.548001
sounding_019_044       36.1445    1.5766   -1.0 417.146934  0.738955
sounding_019_045       36.1983    1.8376   -1.0 417.220506 -0.596805
sounding_019_046       36.2514    2.0991   -1.0 417.251150  2.337353
sounding_019_047       36.3038    2.3611   -1.0 417.195087  1.191964
sounding_019_048       36.3554    2.6236   -1.0 417.094868  1.355053
sounding_019_049       36.4063    2.8865   -1.0 417.049642 -0.296028
sounding_019_050       36.4564    3.1498   -1.0 417.034838  1.931800
sounding_019_051       36.5058    3.4136   -1.0 416.994148 -2.822389
sounding_020_041       36.1884    0.7264   -1.0 416.955485  2.066016
sounding_020_042       36.2447    0.9868   -1.0 416.967349 -0.986085
sounding_020_043       36.3003    1.2478   -1.0 416.991588 -1.179613
sounding_020_044       36.3551    1.5092   -1.0 417.041818  1.166869
sounding_020_045       36.4092    1.7711   -1.0 417.127252  0.287775
sounding_020_046       36.4626    2.0335   -1.0 417.193542  1.339094
sounding_020_047       36.5152    2.2964   -1.0 417.160656 -0.901176
sounding_020_048       36.5670    2.5597   -1.0 417.021962  0.983656
sounding_020_049       36.6181    2.8235   -1.0 416.859694  0.342274
sounding_020_050       36.6685    3.0878   -1.0 416.754568 -0.324296
sounding_020_051       36.7181    3.3525   -1.0 416.708065  0.294756
sounding_032_047       39.0617    1.4814   -1.0 416.276812  0.580141
sounding_032_053       39.3781    3.1359   -1.0 416.870273 -0.732108
sounding_033_052       39.5415    2.7925   -1.0 416.758436 -0.677705
sounding_033_053       39.5925    3.0705   -1.0 416.835770 -0.614735
sounding_033_054       39.6426    3.3490   -1.0 416.896531 -1.099164
sounding_034_052       39.7558    2.7256   -1.0 416.697910 -0.038530
sounding_034_053       39.8070    3.0046   -1.0 416.720131  0.880467
sounding_042_052       41.4732    2.1718   -1.0 415.857414  0.241838
sounding_043_053       41.7416    2.3884   -1.0 415.893334 -1.805777
sounding_043_054       41.7941    2.6773   -1.0 415.836815 -1.829487
sounding_043_055       41.8457    2.9668   -1.0 415.814382 -1.200123
sounding_044_054       42.0097    2.6072   -1.0 415.846030 -0.369161
sounding_044_055       42.0616    2.8977   -1.0 415.739962 -0.298846
sounding_045_054       42.2254    2.5366   -1.0 415.954272  1.104042
sounding_045_055       42.2775    2.8282   -1.0 415.704129 -0.615159
sounding_045_056       42.3288    3.1204   -1.0 415.591072  1.287275
sounding_046_055       42.4935    2.7581   -1.0 415.660067  0.909925
sounding_046_056       42.5450    3.0513   -1.0 415.481431 -1.154658
sounding_047_055       42.7096    2.6873   -1.0 415.590439 -0.950582
sounding_047_056       42.7614    2.9817   -1.0 415.429803 -0.673770
sounding_048_055       42.9258    2.6161   -1.0 415.547137 -1.543720
sounding_048_056       42.9778    2.9116   -1.0 415.421187  1.985588
sounding_051_059       43.7800    3.5980   -1.0 415.974550  0.198134
sounding_051_060       43.8291    3.8993   -1.0 415.971309  0.066181
sounding_051_062       43.9247    4.5034   -1.0 415.906303  1.444495
sounding_051_063       43.9712    4.8063   -1.0 415.832005  0.191922
sounding_051_064       44.0168    5.1097   -1.0 415.850912  0.144077
sounding_052_059       43.9973    3.5291   -1.0 416.147245  0.104489
sounding_052_060       44.0467    3.8315   -1.0 416.071707  0.457842
sounding_052_061       44.0952    4.1345   -1.0 415.994122 -0.114511
sounding_052_062       44.1427    4.4380   -1.0 415.946944 -0.620777
sounding_052_063       44.1894    4.7421   -1.0 415.932901  0.948479
sounding_052_064       44.2352    5.0468   -1.0 415.970072 -0.210295
sounding_053_060       44.2643    3.7631   -1.0 416.247126  0.699385
sounding_053_061       44.3130    4.0674   -1.0 416.117484 -1.727389
sounding_053_062       44.3608    4.3721   -1.0 416.060216  1.172599
sounding_053_063       44.4077    4.6774   -1.0 416.050041 -0.090456
sounding_054_061       44.5309    3.9996   -1.0 416.349996 -0.777695
sounding_054_062       44.5789    4.3056   -1.0 416.237078  2.252093
sounding_055_069       45.1090    6.4042   -1.0 416.511693 -1.861681
sounding_056_060       44.9174    3.5547   -1.0 416.569019 -0.915839
sounding_056_061       44.9668    3.8625   -1.0 416.626838 -0.030803
sounding_056_068       45.2867    6.0331   -1.0 416.357871 -0.383956
sounding_057_060       45.1352    3.4840   -1.0 416.550097  0.718016
sounding_057_061       45.1848    3.7931   -1.0 416.595949 -0.523658
sounding_057_062       45.2335    4.1028   -1.0 416.649128  0.060615
sounding_057_063       45.2813    4.4130   -1.0 416.658744  0.903791
sounding_057_068       45.5062    5.9726   -1.0 416.313632  0.402700
sounding_058_060       45.3531    3.4127   -1.0 416.569156 -1.243815
sounding_058_061       45.4029    3.7231   -1.0 416.625172 -1.104074
sounding_058_062       45.4518    4.0340   -1.0 416.658347  1.242359
sounding_058_067       45.6824    5.5971   -1.0 416.409190  1.161137
sounding_058_068       45.7257    5.9114   -1.0 416.343781 -0.228289
sounding_058_069       45.7681    6.2263   -1.0 416.279135  0.018236
sounding_059_061       45.6210    3.6524   -1.0 416.669983  0.961799
sounding_059_062       45.6701    3.9646   -1.0 416.682077 -1.130598
sounding_059_066       45.8574    5.2191   -1.0 416.534395  0.200031
sounding_059_067       45.9018    5.5342   -1.0 416.515574  0.079567
sounding_059_068       45.9453    5.8498   -1.0 416.436003 -0.340077
sounding_059_069       45.9879    6.1659   -1.0 416.323156 -0.759818
sounding_059_070       46.0296    6.4826   -1.0 416.238818  0.225337
sounding_060_061       45.8391    3.5812   -1.0 416.612144  0.913734
sounding_060_062       45.8885    3.8946   -1.0 416.640512  0.755319
sounding_060_066       46.0766    5.1544   -1.0 416.612545  0.219032
sounding_060_067       46.1213    5.4707   -1.0 416.598153 -0.432255
sounding_060_068       46.1650    5.7876   -1.0 416.538899  0.830025
sounding_060_069       46.2078    6.1051   -1.0 416.412962 -0.453432
sounding_060_070       46.2496    6.4231   -1.0 416.263816 -0.521883
sounding_060_071       46.2905    6.7416   -1.0 416.147723 -1.409902
sounding_061_062       46.1069    3.8241   -1.0 416.495963 -0.635557
sounding_061_066       46.2959    5.0890   -1.0 416.642010 -0.213445
sounding_061_067       46.3408    5.4067   -1.0 416.627735  1.655423
sounding_061_068       46.3847    5.7249   -1.0 416.591486  1.057440
sounding_061_069       46.4277    6.0437   -1.0 416.499393 -0.215595
sounding_061_070       46.4697    6.3630   -1.0 416.350071  0.182694
sounding_061_071       46.5108    6.6829   -1.0 416.212303  0.347903
sounding_062_063       46.3742    4.0695   -1.0 416.419071 -0.547661
sounding_062_065       46.4692    4.7046   -1.0 416.598846 -0.337221
sounding_062_066       46.5152    5.0231   -1.0 416.613636 -0.516727
sounding_062_067       46.5603    5.3421   -1.0 416.605130 -0.340706
sounding_062_068       46.6044    5.6616   -1.0 416.573477 -0.384134
sounding_062_069       46.6476    5.9817   -1.0 416.529282  0.846931
sounding_062_070       46.6898    6.3024   -1.0 416.447992  1.128754
sounding_062_071       46.7311    6.6236   -1.0 416.334757  0.552675
sounding_063_063       46.5929    3.9991   -1.0 416.319691 -0.962334
sounding_063_064       46.6411    4.3176   -1.0 416.396711 -0.471056
sounding_063_065       46.6883    4.6368   -1.0 416.486520 -0.040184
sounding_063_066       46.7345    4.9565   -1.0 416.535248 -1.549307
sounding_063_067       46.7799    5.2769   -1.0 416.543780  0.011740
sounding_063_068       46.8242    5.5978   -1.0 416.518594 -0.257306
sounding_063_069       46.8676    5.9193   -1.0 416.493858 -1.343355
sounding_063_070       46.9100    6.2413   -1.0 416.453026 -1.005555
sounding_063_071       46.9514    6.5639   -1.0 416.360881  1.773238
sounding_063_072       46.9919    6.8870   -1.0 416.251322  0.063233
sounding_064_063       46.8116    3.9280   -1.0 416.321118 -0.003018
sounding_064_064       46.8600    4.2479   -1.0 416.372164 -0.779815
sounding_064_065       46.9074    4.5684   -1.0 416.423250  0.771395
sounding_064_066       46.9539    4.8895   -1.0 416.462727  2.781637
sounding_064_067       46.9994    5.2111   -1.0 416.472895  1.339958
sounding_064_068       47.0440    5.5334   -1.0 416.460137  1.966038
sounding_064_069       47.0876    5.8563   -1.0 416.426468 -1.085116
sounding_064_070       47.1302    6.1797   -1.0 416.380043 -0.865748
sounding_064_071       47.1718    6.5036   -1.0 416.288065  0.659766
sounding_064_072       47.2125    6.8281   -1.0 416.191222 -1.019874
sounding_065_064       47.0789    4.1775   -1.0 416.430593  0.351043
sounding_065_065       47.1266    4.4993   -1.0 416.441753  2.621600
sounding_065_066       47.1733    4.8218   -1.0 416.433131 -0.762955
sounding_065_067       47.2190    5.1448   -1.0 416.421045 -0.618544
sounding_065_068       47.2638    5.4685   -1.0 416.413258 -0.941444
sounding_065_069       47.3076    5.7927   -1.0 416.381708  0.592771
sounding_065_070       47.3504    6.1175   -1.0 416.317804  1.042426
sounding_065_071       47.3922    6.4428   -1.0 416.219278  0.897367
sounding_065_072       47.4331    6.7687   -1.0 416.134472  0.205913
sounding_066_064       47.2979    4.1065   -1.0 416.485062  1.142908
sounding_066_065       47.3458    4.4297   -1.0 416.464640  0.723969
sounding_066_066       47.3927    4.7535   -1.0 416.417278  0.636515
sounding_066_067       47.4387    5.0779   -1.0 416.388172  1.113504
sounding_066_068       47.4836    5.4029   -1.0 416.385925  0.003971
sounding_066_069       47.5276    5.7285   -1.0 416.360163  0.297549
sounding_066_070       47.5707    6.0547   -1.0 416.297879  0.905922
sounding_066_071       47.6127    6.3814   -1.0 416.221020  0.088372
sounding_067_065       47.5650    4.3594   -1.0 416.472925 -1.088397
sounding_067_066       47.6121    4.6846   -1.0 416.404405 -1.511393
sounding_067_067       47.6583    5.0104   -1.0 416.355240 -0.475742
sounding_067_068       47.7035    5.3368   -1.0 416.346330  1.508813
sounding_067_069       47.7477    5.6638   -1.0 416.329260 -0.502957
sounding_067_070       47.7909    5.9914   -1.0 416.285529  1.620535
sounding_067_071       47.8332    6.3195   -1.0 416.256004  0.312884
sounding_068_065       47.7842    4.2885   -1.0 416.462677  0.590403
sounding_068_066       47.8316    4.6151   -1.0 416.370906 -0.536562
sounding_068_067       47.8780    4.9423   -1.0 416.309823  1.997280
sounding_068_068       47.9234    5.2701   -1.0 416.296756  0.070982
sounding_068_069       47.9678    5.5985   -1.0 416.298900 -0.978085
sounding_068_070       48.0112    5.9275   -1.0 416.288508 -0.654605
sounding_068_071       48.0536    6.2571   -1.0 416.291620 -0.684206
sounding_069_066       48.0510    4.5450   -1.0 416.307507  0.136049
sounding_069_067       48.0976    4.8735   -1.0 416.250068  0.564991
sounding_069_068       48.1432    5.2028   -1.0 416.250305  2.185564
sounding_069_069       48.1879    5.5326   -1.0 416.279332 -0.152056
sounding_069_070       48.2315    5.8630   -1.0 416.294565 -0.348933
sounding_069_071       48.2741    6.1940   -1.0 416.300299  0.665647
sounding_070_066       48.2705    4.4742   -1.0 416.234278 -0.503177
sounding_070_067       48.3173    4.8042   -1.0 416.202317  3.173811
sounding_070_068       48.3631    5.1348   -1.0 416.213039  0.512591
sounding_070_069       48.4080    5.4661   -1.0 416.255020 -1.555295
sounding_070_070       48.4518    5.7980   -1.0 416.283686  0.956590
sounding_070_071       48.4947    6.1304   -1.0 416.295603 -1.404458
sounding_071_067       48.5370    4.7342   -1.0 416.183568 -0.701025
sounding_071_068       48.5830    5.0663   -1.0 416.203831 -0.249335
sounding_071_069       48.6281    5.3990   -1.0 416.228264  0.330480
sounding_071_070       48.6721    5.7323   -1.0 416.231613 -1.454123
sounding_071_071       48.7152    6.0663   -1.0 416.232053  0.701794
sounding_072_067       48.7566    4.6636   -1.0 416.194630  1.189252
sounding_072_068       48.8029    4.9971   -1.0 416.205669 -0.098122
sounding_072_069       48.8482    5.3313   -1.0 416.193929  0.102113
sounding_072_070       48.8924    5.6661   -1.0 416.151606  1.404569
sounding_072_071       48.9357    6.0015   -1.0 416.121473  1.034519
sounding_072_075       49.0986    7.3489   -1.0 416.263530 -1.409558
sounding_073_068       49.0228    4.9273   -1.0 416.182561 -0.155759
sounding_073_069       49.0683    5.2629   -1.0 416.148559  0.378555
sounding_073_070       49.1128    5.5992   -1.0 416.077860  0.337140
sounding_073_071       49.1562    5.9361   -1.0 416.020816  0.854494
sounding_073_074       49.2805    6.9503   -1.0 416.195799 -1.351893
sounding_073_075       49.3199    7.2896   -1.0 416.284221 -0.342590
sounding_074_068       49.2427    4.8569   -1.0 416.127520  1.892087
sounding_074_069       49.2884    5.1940   -1.0 416.097651 -0.573488
sounding_074_070       49.3331    5.5317   -1.0 416.042100 -0.372903
sounding_074_071       49.3767    5.8701   -1.0 415.986599  0.194699
sounding_074_074       49.5016    6.8889   -1.0 416.148612  0.436705
sounding_074_075       49.5412    7.2296   -1.0 416.288330 -0.172512
sounding_075_069       49.5085    5.1244   -1.0 416.084386  1.331680
sounding_075_070       49.5534    5.4636   -1.0 416.050984 -0.466474
sounding_075_071       49.5972    5.8035   -1.0 415.998999 -0.001518
sounding_075_072       49.6401    6.1440   -1.0 415.956636  0.411402
sounding_075_073       49.6819    6.4852   -1.0 415.987066  0.195396
sounding_075_074       49.7227    6.8269   -1.0 416.116818  0.562147
sounding_075_075       49.7625    7.1692   -1.0 416.266074 -2.838170
sounding_075_076       49.8012    7.5121   -1.0 416.341303 -1.059795
sounding_076_069       49.7285    5.0541   -1.0 416.102004 -0.125545
sounding_076_070       49.7737    5.3949   -1.0 416.075949  1.051404
sounding_076_071       49.8177    5.7363   -1.0 416.037986 -0.973586
sounding_076_072       49.8608    6.0784   -1.0 416.016808 -0.519022
sounding_076_073       49.9028    6.4210   -1.0 416.048182 -0.030972
sounding_076_074       49.9438    6.7643   -1.0 416.141517 -1.626700
sounding_076_075       49.9838    7.1082   -1.0 416.256575  1.248116
sounding_076_076       50.0227    7.4526   -1.0 416.335023  0.499753
sounding_076_079       50.1331    8.4892   -1.0 416.332591 -1.861546
sounding_077_070       49.9939    5.3255   -1.0 416.077654 -0.402050
sounding_077_071       50.0382    5.6685   -1.0 416.069533 -1.536716
sounding_077_072       50.0815    6.0121   -1.0 416.103766 -0.854830
sounding_077_073       50.1237    6.3563   -1.0 416.177317  0.776950
sounding_077_074       50.1649    6.7011   -1.0 416.255659 -1.102266
sounding_077_075       50.2050    7.0465   -1.0 416.311719 -0.097363
sounding_077_076       50.2441    7.3925   -1.0 416.339238 -0.135837
sounding_077_077       50.2822    7.7391   -1.0 416.361273 -1.039344
sounding_077_079       50.3551    8.4340   -1.0 416.457833 -1.060295
sounding_077_080       50.3900    8.7822   -1.0 416.564103  0.531390
sounding_078_070       50.2142    5.2555   -1.0 416.022261  0.057967
sounding_078_071       50.2587    5.6000   -1.0 416.069448 -0.974737
sounding_078_072       50.3022    5.9451   -1.0 416.180297 -1.660874
sounding_078_073       50.3446    6.2909   -1.0 416.300851  0.541799
sounding_078_074       50.3860    6.6373   -1.0 416.367126  0.379118
sounding_078_075       50.4263    6.9843   -1.0 416.366357 -0.967890
sounding_078_076       50.4656    7.3319   -1.0 416.352651  0.338271
sounding_078_077       50.5038    7.6802   -1.0 416.413135  0.233926
sounding_078_080       50.6122    8.7281   -1.0 416.646967  0.627184
sounding_079_071       50.4791    5.5308   -1.0 416.034860  1.076564
sounding_079_072       50.5228    5.8776   -1.0 416.175047  0.589216
sounding_079_073       50.5655    6.2249   -1.0 416.315459  0.497948
sounding_079_074       50.6071    6.5729   -1.0 416.367900  0.408692
sounding_079_075       50.6476    6.9215   -1.0 416.358617 -1.679596
sounding_079_076       50.6871    7.2708   -1.0 416.381698 -0.601742
sounding_079_077       50.7255    7.6206   -1.0 416.504521  0.781535
sounding_079_080       50.8344    8.6734   -1.0 416.724746 -0.931724
sounding_079_081       50.8685    9.0254   -1.0 416.761418 -0.130328
sounding_080_071       50.6996    5.4610   -1.0 415.961616  0.649168
sounding_080_072       50.7435    5.8094   -1.0 416.094990  0.200611
sounding_080_073       50.7863    6.1583   -1.0 416.231934 -1.214695
sounding_080_074       50.8281    6.5079   -1.0 416.295414  0.635750
sounding_080_075       50.8688    6.8582   -1.0 416.345513  0.836892
sounding_080_076       50.9085    7.2090   -1.0 416.455316 -0.695947
sounding_080_077       50.9471    7.5604   -1.0 416.623172  0.404190
sounding_080_080       51.0565    8.6182   -1.0 416.813330 -0.515429
sounding_080_081       51.0908    8.9719   -1.0 416.797275  0.405076
sounding_081_072       50.9641    5.7405   -1.0 416.011581  1.825975
sounding_081_073       51.0071    6.0911   -1.0 416.153553  0.366757
sounding_081_074       51.0491    6.4423   -1.0 416.267107  1.304062
sounding_081_075       51.0900    6.7942   -1.0 416.389528 -0.405263
sounding_081_076       51.1299    7.1466   -1.0 416.551650  0.936699
sounding_081_077       51.1687    7.4997   -1.0 416.721853  0.239467
sounding_081_078       51.2064    7.8534   -1.0 416.852060  2.433206
sounding_081_079       51.2431    8.2076   -1.0 416.908862  1.526075
sounding_081_080       51.2786    8.5624   -1.0 416.878124  2.772489
sounding_081_081       51.3131    8.9178   -1.0 416.839438 -0.490228
sounding_081_082       51.3465    9.2737   -1.0 416.840888  0.046901
sounding_082_072       51.1846    5.6710   -1.0 415.964260  1.088568
sounding_082_073       51.2279    6.0232   -1.0 416.114239  0.501398
sounding_082_074       51.2701    6.3760   -1.0 416.265319  0.457591
sounding_082_075       51.3112    6.7295   -1.0 416.422256  1.506363
sounding_082_076       51.3513    7.0836   -1.0 416.605079 -0.713577
sounding_082_077       51.3903    7.4384   -1.0 416.760670 -0.384061
sounding_082_078       51.4282    7.7937   -1.0 416.852283  0.557109
sounding_082_079       51.4650    8.1497   -1.0 416.883775  1.136844
sounding_082_080       51.5007    8.5062   -1.0 416.862294 -0.477815
sounding_082_081       51.5354    8.8632   -1.0 416.835892  0.220976
sounding_082_082       51.5690    9.2208   -1.0 416.809684  0.096924
sounding_083_073       51.4486    5.9546   -1.0 416.077306  0.119762
sounding_083_074       51.4910    6.3091   -1.0 416.252003 -1.253882
sounding_083_075       51.5324    6.6643   -1.0 416.410723 -1.245151
sounding_083_076       51.5726    7.0201   -1.0 416.593428  0.230544
sounding_083_077       51.6118    7.3765   -1.0 416.743480 -0.881618
sounding_083_078       51.6499    7.7335   -1.0 416.813145 -0.457603
sounding_083_079       51.6869    8.0911   -1.0 416.814247  0.527359
sounding_083_080       51.7228    8.4493   -1.0 416.807725 -0.451329
sounding_083_081       51.7576    8.8081   -1.0 416.797475 -0.884643
sounding_083_082       51.7914    9.1674   -1.0 416.769992 -0.672300
sounding_083_083       51.8240    9.5272   -1.0 416.750215  0.410023
sounding_084_073       51.6694    5.8854   -1.0 416.006769 -0.385315
sounding_084_074       51.7120    6.2416   -1.0 416.192375 -0.039113
sounding_084_075       51.7535    6.5984   -1.0 416.363167  0.540784
sounding_084_076       51.7939    6.9559   -1.0 416.549134  0.972145
sounding_084_077       51.8333    7.3140   -1.0 416.709713 -2.299002
sounding_084_078       51.8716    7.6727   -1.0 416.773133  0.228097
sounding_084_079       51.9088    8.0320   -1.0 416.769464  0.610511
sounding_084_080       51.9449    8.3919   -1.0 416.770201 -0.888953
sounding_084_081       51.9799    8.7524   -1.0 416.756307 -0.990754
sounding_084_082       52.0138    9.1134   -1.0 416.723108  1.910407
sounding_084_083       52.0466    9.4750   -1.0 416.713838  0.496838
sounding_085_074       51.9328    6.1733   -1.0 416.120023  0.967417
sounding_085_075       51.9746    6.5318   -1.0 416.311131  0.070092
sounding_085_076       52.0152    6.8910   -1.0 416.509469  0.057789
sounding_085_077       52.0548    7.2508   -1.0 416.674473 -0.455766
sounding_085_078       52.0932    7.6113   -1.0 416.730518 -0.129486
sounding_085_079       52.1306    7.9723   -1.0 416.744064  0.259569
sounding_085_080       52.1669    8.3340   -1.0 416.753683 -0.838750
sounding_085_081       52.2021    8.6962   -1.0 416.728568 -1.669626
sounding_085_082       52.2361    9.0590   -1.0 416.685405  0.783759
sounding_085_083       52.2691    9.4223   -1.0 416.671791 -0.292387
sounding_085_084       52.3010    9.7862   -1.0 416.623174  1.509749
sounding_086_074       52.1536    6.1044   -1.0 416.047994  0.227187
sounding_086_075       52.1956    6.4647   -1.0 416.258214  1.935124
sounding_086_076       52.2364    6.8255   -1.0 416.430148  1.085503
sounding_086_077       52.2762    7.1871   -1.0 416.578730  1.204386
sounding_086_078       52.3148    7.5493   -1.0 416.665835  1.039105
sounding_086_079       52.3524    7.9120   -1.0 416.718675 -0.154476
sounding_086_080       52.3889    8.2754   -1.0 416.736597 -0.004219
sounding_086_081       52.4242    8.6394   -1.0 416.720409  0.806273
sounding_086_082       52.4585    9.0040   -1.0 416.681465  0.846552
sounding_086_083       52.4916    9.3690   -1.0 416.656274  0.428059
sounding_086_084       52.5236    9.7347   -1.0 416.590803 -1.619180
sounding_087_075       52.4166    6.3968   -1.0 416.196237 -0.011121
sounding_087_076       52.4576    6.7594   -1.0 416.326714 -0.404043
sounding_087_077       52.4976    7.1227   -1.0 416.462379  0.470516
sounding_087_078       52.5364    7.4866   -1.0 416.603291 -0.114518
sounding_087_079       52.5742    7.8511   -1.0 416.695470  1.686023
sounding_087_080       52.6108    8.2163   -1.0 416.722098  1.178009
sounding_087_081       52.6463    8.5821   -1.0 416.731274 -0.155663
sounding_087_082       52.6807    8.9484   -1.0 416.718933 -1.926012
sounding_087_083       52.7140    9.3153   -1.0 416.694888 -0.803612
sounding_087_084       52.7462    9.6827   -1.0 416.603939 -0.488664
sounding_088_075       52.6375    6.3282   -1.0 416.108995  0.192203
sounding_088_076       52.6788    6.6926   -1.0 416.239633  0.953320
sounding_088_077       52.7189    7.0576   -1.0 416.387563 -0.906229
sounding_088_078       52.7580    7.4233   -1.0 416.552561  0.761375
sounding_088_079       52.7959    7.7896   -1.0 416.671944  0.226492
sounding_088_080       52.8327    8.1566   -1.0 416.716923 -1.013768
sounding_088_081       52.8684    8.5241   -1.0 416.758989 -2.123541
sounding_088_082       52.9030    8.8923   -1.0 416.780365 -0.773570
sounding_088_083       52.9364    9.2610   -1.0 416.768121  0.733598
sounding_088_084       52.9688    9.6302   -1.0 416.649545 -1.039453
sounding_088_085       53.0000   10.0000   -1.0 416.450229 -1.755399
sounding_089_075       52.8584    6.2590   -1.0 416.032243  0.170468
sounding_089_076       52.8999    6.6251   -1.0 416.185517 -0.166929
sounding_089_077       52.9402    6.9919   -1.0 416.349406 -0.052196
sounding_089_078       52.9794    7.3594   -1.0 416.508757 -0.365538
sounding_089_079       53.0175    7.7275   -1.0 416.643689  0.521320
sounding_089_080       53.0545    8.0963   -1.0 416.717180 -1.049637
sounding_089_081       53.0904    8.4656   -1.0 416.797737  1.596339
sounding_089_082       53.1252    8.8356   -1.0 416.856082  0.845455
sounding_089_083       53.1588    9.2061   -1.0 416.844893  0.543717
sounding_089_084       53.1913    9.5772   -1.0 416.713288 -1.166299
sounding_089_085       53.2227    9.9488   -1.0 416.499402  1.466604
sounding_090_076       53.1209    6.5570   -1.0 416.140011  0.119857
sounding_090_077       53.1614    6.9256   -1.0 416.304585 -0.585317
sounding_090_078       53.2008    7.2949   -1.0 416.474894  0.161559
sounding_090_079       53.2391    7.6648   -1.0 416.633397  0.012774
sounding_090_080       53.2763    8.0353   -1.0 416.739200 -1.318949
sounding_090_081       53.3124    8.4065   -1.0 416.840548 -1.876491
sounding_090_082       53.3473    8.7783   -1.0 416.920717 -0.915055
sounding_090_083       53.3811    9.1507   -1.0 416.922126  0.538924
sounding_090_084       53.4138    9.5236   -1.0 416.792447 -0.568242
sounding_090_085       53.4453    9.8971   -1.0 416.567559  1.406126
sounding_090_086       53.4757   10.2711   -1.0 416.364494 -0.517125
sounding_091_076       53.3418    6.4882   -1.0 416.129660 -0.299067
sounding_091_077       53.3826    6.8586   -1.0 416.299151 -1.303441
sounding_091_078       53.4222    7.2296   -1.0 416.468762  0.183022
sounding_091_079       53.4607    7.6014   -1.0 416.628339  0.860336
sounding_091_080       53.4981    7.9738   -1.0 416.779942  0.688076
sounding_091_082       53.5694    8.7204   -1.0 416.966127 -0.515520
sounding_091_083       53.6034    9.0947   -1.0 416.970612 -0.100634
sounding_091_084       53.6362    9.4695   -1.0 416.860825 -2.362726
sounding_091_085       53.6679    9.8448   -1.0 416.635056  1.237991
sounding_091_086       53.6984   10.2208   -1.0 416.428189 -0.920060
sounding_092_079       53.6822    7.5373   -1.0 416.674277  0.797011
sounding_092_082       53.7914    8.6620   -1.0 417.000730 -0.891628
sounding_092_083       53.8256    9.0381   -1.0 416.988983 -0.821877
sounding_092_084       53.8586    9.4148   -1.0 416.894525 -0.552412
sounding_092_085       53.8904    9.7920   -1.0 416.697301 -0.015222
sounding_092_086       53.9211   10.1699   -1.0 416.491167 -0.458953
sounding_093_083       54.0477    8.9810   -1.0 417.009961  0.092254
sounding_093_084       54.0809    9.3596   -1.0 416.902724 -1.327809
sounding_093_085       54.1129    9.7387   -1.0 416.735014 -0.440004
sounding_093_086       54.1437   10.1185   -1.0 416.536060  1.059052
sounding_094_083       54.2698    8.9232   -1.0 417.034109  1.043325
sounding_094_084       54.3031    9.3037   -1.0 416.902938 -0.371045
sounding_094_085       54.3353    9.6848   -1.0 416.741816  1.114345
sounding_094_086       54.3663   10.0665   -1.0 416.554035 -1.499132
sounding_095_084       54.5253    9.2473   -1.0 416.895814 -0.295786
sounding_095_085       54.5576    9.6304   -1.0 416.723561  0.405230
sounding_096_083       54.7137    8.8058   -1.0 417.014934 -1.357328
sounding_096_084       54.7474    9.1903   -1.0 416.860719  0.497541
sounding_096_085       54.7799    9.5754   -1.0 416.703822 -0.921391
sounding_097_083       54.9356    8.7463   -1.0 416.965671 -1.551639
sounding_097_084       54.9694    9.1327   -1.0 416.808294 -0.496773
sounding_097_085       55.0021    9.5197   -1.0 416.698804 -0.735230
sounding_097_088       55.0930   10.6843   -1.0 416.380391  1.197975
sounding_098_083       55.1574    8.6860   -1.0 416.915503 -2.335563
sounding_098_084       55.1914    9.0745   -1.0 416.784899 -2.117789
sounding_098_085       55.2242    9.4635   -1.0 416.730624 -0.874355
sounding_098_087       55.2863   10.2434   -1.0 416.576139 -0.256209
sounding_099_083       55.3791    8.6252   -1.0 416.866566 -0.401859
sounding_099_084       55.4132    9.0156   -1.0 416.780880  0.983506
sounding_099_085       55.4462    9.4067   -1.0 416.775620 -0.157041
sounding_099_086       55.4780    9.7984   -1.0 416.720394  0.790195
sounding_099_087       55.5086   10.1907   -1.0 416.564226  0.218160
sounding_100_083       55.6007    8.5637   -1.0 416.801773 -1.517781
sounding_100_084       55.6350    8.9561   -1.0 416.764805 -0.522263
sounding_100_085       55.6682    9.3493   -1.0 416.787121  0.082269
sounding_100_086       55.7001    9.7431   -1.0 416.710131 -0.312211
sounding_101_083       55.8222    8.5015   -1.0 416.724225 -1.219136
sounding_101_084       55.8567    8.8960   -1.0 416.723127  0.751414
sounding_101_085       55.8901    9.2913   -1.0 416.754574  0.282332
sounding_101_086       55.9222    9.6871   -1.0 416.677186  1.921098
sounding_101_087       55.9531   10.0836   -1.0 416.505234  1.011853
sounding_102_083       56.0436    8.4386   -1.0 416.651928 -0.601606
sounding_102_084       56.0783    8.8353   -1.0 416.641520  0.757279
sounding_102_085       56.1118    9.2326   -1.0 416.685280 -1.673757
sounding_102_086       56.1441    9.6305   -1.0 416.623791  0.768724
sounding_102_087       56.1752   10.0291   -1.0 416.457698 -0.306140
sounding_103_083       56.2649    8.3751   -1.0 416.567333 -2.847480
sounding_103_084       56.2998    8.7738   -1.0 416.541391 -0.760950
sounding_103_085       56.3335    9.1733   -1.0 416.568480  0.891168
sounding_103_086       56.3659    9.5734   -1.0 416.532269 -0.374120
sounding_103_087       56.3972    9.9741   -1.0 416.401848  0.385988
sounding_103_088       56.4272   10.3754   -1.0 416.258456  0.420294
sounding_103_089       56.4560   10.7773   -1.0 416.198121 -1.795602
sounding_104_083       56.4862    8.3108   -1.0 416.486691 -0.258848
sounding_104_084       56.5212    8.7117   -1.0 416.424734  1.935968
sounding_104_085       56.5550    9.1133   -1.0 416.436191  1.384674
sounding_104_086       56.5877    9.5156   -1.0 416.430069  1.679288
sounding_104_087       56.6191    9.9185   -1.0 416.359005  0.536550
sounding_105_084       56.7425    8.6489   -1.0 416.323942 -1.733206
sounding_105_086       56.8093    9.4571   -1.0 416.359852  2.072422
sounding_105_087       56.8409    9.8622   -1.0 416.323226 -0.896424
sounding_106_084       56.9637    8.5854   -1.0 416.262742  1.042133
sounding_106_086       57.0308    9.3980   -1.0 416.344003  2.954872
sounding_106_087       57.0625    9.8053   -1.0 416.303907  0.489448
sounding_106_088       57.0930   10.2132   -1.0 416.259223 -1.166863
sounding_106_093       57.2268   12.2616   -1.0 415.953969  1.238317
sounding_107_087       57.2841    9.7478   -1.0 416.328636  1.590940
sounding_107_088       57.3147   10.1579   -1.0 416.272610  0.147649
sounding_107_093       57.4492   12.2177   -1.0 415.923437  1.077583
sounding_107_094       57.4724   12.6312   -1.0 415.950721 -0.645115
sounding_108_088       57.5364   10.1020   -1.0 416.319754  0.933797
sounding_108_093       57.6716   12.1732   -1.0 415.877956  0.430329
sounding_108_094       57.6948   12.5891   -1.0 415.923590 -0.276062
sounding_109_093       57.8938   12.1283   -1.0 415.837735 -0.494128
sounding_109_094       57.9171   12.5465   -1.0 415.895134 -0.959194
sounding_109_095       57.9392   12.9652   -1.0 415.979485  0.931878
sounding_110_092       58.0911   11.6628   -1.0 415.817674 -1.127611
sounding_110_093       58.1158   12.0829   -1.0 415.847511  0.096988
sounding_110_094       58.1393   12.5035   -1.0 415.915170  0.112721
sounding_110_095       58.1616   12.9246   -1.0 415.998875  0.254584
sounding_111_094       58.3614   12.4599   -1.0 415.999090  1.200733
sounding_111_095       58.3838   12.8834   -1.0 416.059166  0.558765
sounding_111_096       58.4048   13.3074   -1.0 416.112936 -0.776205
sounding_114_087       58.8316    9.3263   -1.0 415.997367 -0.217409
sounding_114_095       59.0496   12.7571   -1.0 416.326101 -0.199350
sounding_115_088       59.0841    9.6923   -1.0 415.980301 -0.616168
sounding_115_089       59.1148   10.1220   -1.0 415.797397  0.450675
sounding_115_095       59.2713   12.7140   -1.0 416.371767 -0.988370
sounding_115_096       59.2928   13.1479   -1.0 416.328993 -0.184917
sounding_115_098       59.3319   14.0173   -1.0 416.265405  0.118492
sounding_116_088       59.3046    9.6310   -1.0 416.151005 -1.142693
sounding_116_089       59.3355   10.0632   -1.0 415.906875  1.118627
sounding_116_091       59.3932   10.9298   -1.0 415.779543 -1.371279
sounding_116_095       59.4929   12.6703   -1.0 416.352085  0.687689
sounding_116_096       59.5145   13.1069   -1.0 416.312122 -0.608545
sounding_116_097       59.5348   13.5440   -1.0 416.271171  0.878911
sounding_116_098       59.5537   13.9814   -1.0 416.297714 -0.792608
sounding_117_089       59.5560   10.0037   -1.0 416.032135  1.409088
sounding_117_090       59.5857   10.4391   -1.0 415.795467 -0.952820
sounding_117_091       59.6141   10.8753   -1.0 415.780475 -0.483998
sounding_117_095       59.7143   12.6262   -1.0 416.267919 -2.269038
sounding_117_096       59.7360   13.0653   -1.0 416.246201 -0.457436
sounding_117_097       59.7564   13.5050   -1.0 416.252160  0.053375
sounding_117_098       59.7755   13.9451   -1.0 416.345402 -1.804782
sounding_117_099       59.7932   14.3857   -1.0 416.513774  0.942332
sounding_118_089       59.7764    9.9435   -1.0 416.122772 -0.923597
sounding_118_090       59.8063   10.3815   -1.0 415.914848  1.662061
sounding_118_091       59.8348   10.8202   -1.0 415.840619 -1.696699
sounding_118_092       59.8620   11.2596   -1.0 415.919105 -1.062566
sounding_118_093       59.8878   11.6997   -1.0 416.056553 -0.509646
sounding_118_094       59.9123   12.1403   -1.0 416.153157  1.174857
sounding_118_095       59.9355   12.5815   -1.0 416.176655 -0.412057
sounding_118_096       59.9574   13.0233   -1.0 416.167848 -0.210980
sounding_118_097       59.9779   13.4656   -1.0 416.221570  0.308399
sounding_118_098       59.9971   13.9083   -1.0 416.389297  0.163651
sounding_118_099       60.0149   14.3515   -1.0 416.599636 -0.137246
sounding_119_089       59.9967    9.8825   -1.0 416.172268  0.861543
sounding_119_090       60.0267   10.3231   -1.0 416.025825  0.032357
sounding_119_091       60.0553   10.7645   -1.0 415.930186 -0.112887
sounding_119_092       60.0827   11.2065   -1.0 415.930476 -0.733971
sounding_119_093       60.1087   11.6492   -1.0 416.015037 -0.200015
sounding_119_094       60.1333   12.0924   -1.0 416.100237  0.397156
sounding_119_095       60.1566   12.5363   -1.0 416.131549 -0.018267
sounding_119_096       60.1786   12.9807   -1.0 416.139315 -1.506873
sounding_119_097       60.1992   13.4257   -1.0 416.232029 -0.991635
sounding_119_098       60.2185   13.8711   -1.0 416.436898 -1.389784
sounding_119_099       60.2364   14.3170   -1.0 416.658200  0.223637
sounding_119_100       60.2530   14.7633   -1.0 416.817528 -1.722775
sounding_120_090       60.2469   10.2641   -1.0 416.109270 -0.257983
sounding_120_091       60.2757   10.7080   -1.0 416.018873  1.002587
sounding_120_092       60.3032   11.1527   -1.0 415.978204 -0.493677
sounding_120_093       60.3293   11.5980   -1.0 416.012511  0.058000
sounding_120_094       60.3541   12.0440   -1.0 416.085697 -0.126923
sounding_120_095       60.3776   12.4905   -1.0 416.136959 -0.482140
sounding_120_096       60.3997   12.9376   -1.0 416.184587  1.471611
sounding_120_097       60.4204   13.3853   -1.0 416.298853  1.232807
sounding_120_098       60.4398   13.8334   -1.0 416.487188 -0.262305
sounding_120_099       60.4578   14.2820   -1.0 416.682045  0.388093
sounding_120_100       60.4745   14.7310   -1.0 416.813020 -1.751586
sounding_121_090       60.4670   10.2043   -1.0 416.181365  0.480110
sounding_121_091       60.4959   10.6509   -1.0 416.072732 -0.228690
sounding_121_092       60.5236   11.0983   -1.0 416.015481 -1.891525
sounding_121_093       60.5498   11.5463   -1.0 416.020699 -0.555506
sounding_121_094       60.5748   11.9949   -1.0 416.080214 -0.399968
sounding_121_095       60.5984   12.4442   -1.0 416.168158  0.248200
sounding_121_096       60.6206   12.8940   -1.0 416.259292 -0.776154
sounding_121_097       60.6414   13.3444   -1.0 416.374254 -0.950693
sounding_121_098       60.6609   13.7953   -1.0 416.522501  1.119823
sounding_121_099       60.6790   14.2466   -1.0 416.671801 -0.864488
sounding_121_100       60.6958   14.6984   -1.0 416.775905 -0.904955
sounding_122_091       60.7160   10.5931   -1.0 416.112276  0.115100
sounding_122_092       60.7438   11.0432   -1.0 416.029747  1.534594
sounding_122_093       60.7702   11.4939   -1.0 416.027901 -0.314078
sounding_122_094       60.7953   11.9452   -1.0 416.085419  0.810216
sounding_122_095       60.8190   12.3973   -1.0 416.188076 -0.550174
sounding_122_096       60.8413   12.8498   -1.0 416.311425 -0.413202
sounding_122_097       60.8623   13.3030   -1.0 416.425130  0.459294
sounding_122_098       60.8819   13.7567   -1.0 416.534502  0.547674
sounding_122_099       60.9001   14.2108   -1.0 416.646647 -1.864165
sounding_122_100       60.9169   14.6654   -1.0 416.731761 -0.427377
sounding_122_101       60.9324   15.1204   -1.0 416.773562 -1.724955
sounding_123_091       60.9359   10.5345   -1.0 416.163819  1.018167
sounding_123_092       60.9638   10.9873   -1.0 416.081427 -0.255482
sounding_123_093       60.9904   11.4408   -1.0 416.076407  1.496936
sounding_123_094       61.0156   11.8950   -1.0 416.143773  1.417217
sounding_123_095       61.0394   12.3498   -1.0 416.259439 -0.982611
sounding_123_096       61.0619   12.8051   -1.0 416.375622  0.711955
sounding_123_097       61.0829   13.2611   -1.0 416.460733 -0.589817
sounding_123_098       61.1026   13.7176   -1.0 416.537764  1.475395
sounding_123_099       61.1210   14.1745   -1.0 416.629677  0.997836
sounding_123_100       61.1379   14.6319   -1.0 416.708684 -1.198785
sounding_123_101       61.1535   15.0898   -1.0 416.750301 -1.466244
sounding_124_092       61.1837   10.9308   -1.0 416.150646  0.315439
sounding_124_093       61.2104   11.3871   -1.0 416.166004 -0.607669
sounding_124_094       61.2357   11.8441   -1.0 416.261052 -0.875478
sounding_124_095       61.2597   12.3017   -1.0 416.384645  0.914776
sounding_124_096       61.2822   12.7599   -1.0 416.475987 -0.505723
sounding_124_097       61.3034   13.2187   -1.0 416.528873  0.265334
sounding_124_098       61.3233   13.6780   -1.0 416.576342 -0.089326
sounding_124_099       61.3417   14.1378   -1.0 416.648161 -0.673123
sounding_124_100       61.3587   14.5981   -1.0 416.702372  0.525648
sounding_124_101       61.3744   15.0588   -1.0 416.725183  0.038348
sounding_124_102       61.3886   15.5199   -1.0 416.717989  0.676378
sounding_125_097       61.5238   13.1757   -1.0 416.603880 -0.295605
sounding_125_098       61.5437   13.6379   -1.0 416.637089  1.682509
sounding_125_099       61.5622   14.1006   -1.0 416.676732 -0.509635
sounding_125_100       61.5794   14.5638   -1.0 416.701508  0.491123
sounding_125_101       61.5951   15.0274   -1.0 416.699177  0.646194
sounding_125_102       61.6094   15.4914   -1.0 416.684642  0.084112
sounding_126_098       61.7640   13.5973   -1.0 416.667170 -0.213739
sounding_126_099       61.7826   14.0629   -1.0 416.693384  1.027980
sounding_126_100       61.7998   14.5290   -1.0 416.711741  1.125982
sounding_126_101       61.8156   14.9956   -1.0 416.705708 -0.286070
sounding_126_102       61.8300   15.4625   -1.0 416.676631  0.611232
sounding_126_103       61.8430   15.9299   -1.0 416.643819  0.335766
sounding_127_099       62.0028   14.0247   -1.0 416.670709  0.578998
sounding_127_100       62.0201   14.4938   -1.0 416.694640  0.816894
sounding_127_101       62.0360   14.9634   -1.0 416.707827 -0.046574
sounding_127_102       62.0505   15.4333   -1.0 416.677656 -1.010517
sounding_127_103       62.0636   15.9037   -1.0 416.628260 -0.004009
sounding_128_101       62.2562   14.9308   -1.0 416.653383  0.264833
sounding_128_102       62.2708   15.4037   -1.0 416.652377 -1.410415
sounding_128_103       62.2839   15.8771   -1.0 416.609193  1.146837
sounding_128_104       62.2956   16.3508   -1.0 416.565887  0.646887
sounding_129_102       62.4908   15.3737   -1.0 416.576993  2.185025
sounding_129_103       62.5040   15.8502   -1.0 416.552132  0.118886
sounding_129_104       62.5158   16.3270   -1.0 416.512222  1.221090
sounding_130_102       62.7107   15.3434   -1.0 416.467897 -1.172380
sounding_135_106       63.8528   17.1705   -1.0 416.114073  0.547171
sounding_135_107       63.8606   17.6676   -1.0 416.143390 -0.267215
sounding_136_105       64.0624   16.6510   -1.0 416.140218  0.639866
sounding_136_106       64.0717   17.1512   -1.0 416.180536  0.350816
sounding_136_107       64.0795   17.6516   -1.0 416.218428 -0.177683
sounding_137_104       64.2702   16.1245   -1.0 416.108977  1.177997
sounding_137_105       64.2810   16.6279   -1.0 416.177253 -0.702180
sounding_137_106       64.2904   17.1315   -1.0 416.244194  1.430765
sounding_137_107       64.2982   17.6354   -1.0 416.308244 -0.047826
sounding_137_108       64.3045   18.1396   -1.0 416.362211  0.676418
sounding_138_098       64.3914   13.0664   -1.0 415.922351 -0.260916
sounding_138_099       64.4114   13.5702   -1.0 415.904391  0.788942
sounding_138_100       64.4298   14.0747   -1.0 415.931611 -0.348100
sounding_138_101       64.4468   14.5797   -1.0 416.015206  1.511974
sounding_138_102       64.4622   15.0852   -1.0 416.105944  0.285950
sounding_138_103       64.4761   15.5913   -1.0 416.162316 -2.341805
sounding_138_104       64.4885   16.0977   -1.0 416.189517 -0.522125
sounding_138_105       64.4994   16.6045   -1.0 416.227814  0.275528
sounding_138_106       64.5088   17.1116   -1.0 416.291396 -0.301293
sounding_138_107       64.5167   17.6190   -1.0 416.365702  1.165087
sounding_138_108       64.5230   18.1267   -1.0 416.431864 -0.791474
sounding_139_099       64.6290   13.5255   -1.0 415.965079 -0.287683
sounding_139_100       64.6475   14.0334   -1.0 416.012360 -0.630119
sounding_139_101       64.6646   14.5419   -1.0 416.110971  2.431195
sounding_139_102       64.6801   15.0510   -1.0 416.224696 -0.900421
sounding_139_103       64.6941   15.5605   -1.0 416.302757 -0.737734
sounding_139_104       64.7066   16.0704   -1.0 416.314400 -0.043256
sounding_139_105       64.7176   16.5807   -1.0 416.301355  0.962863
sounding_139_106       64.7270   17.0914   -1.0 416.320426 -0.273519
sounding_139_107       64.7349   17.6024   -1.0 416.379451 -0.288314
sounding_139_108       64.7413   18.1136   -1.0 416.453770 -0.307853
sounding_139_109       64.7462   18.6249   -1.0 416.514836  1.542401
sounding_140_100       64.8650   13.9916   -1.0 416.139812  0.091984
sounding_140_101       64.8822   14.5036   -1.0 416.223238  1.144827
sounding_140_102       64.8978   15.0162   -1.0 416.321437 -0.622361
sounding_140_103       64.9119   15.5293   -1.0 416.398823  1.691990
sounding_140_104       64.9244   16.0428   -1.0 416.402963 -0.196756
sounding_140_105       64.9355   16.5567   -1.0 416.353450  0.885042
sounding_140_106       64.9450   17.0709   -1.0 416.330290  0.363177
sounding_140_107       64.9530   17.5855   -1.0 416.360802  1.167098
sounding_140_108       64.9594   18.1002   -1.0 416.429279 -0.839707
sounding_140_109       64.9643   18.6152   -1.0 416.500389 -0.944080
sounding_141_104       65.1421   16.0147   -1.0 416.390197  0.860388
sounding_141_105       65.1531   16.5323   -1.0 416.336923  2.094810
sounding_141_106       65.1627   17.0502   -1.0 416.303032  1.278471
sounding_141_107       65.1707   17.5684   -1.0 416.321525 -1.834071
sounding_141_108       65.1772   18.0868   -1.0 416.382076 -0.563035
sounding_141_109       65.1821   18.6054   -1.0 416.461858 -0.794408
sounding_141_110       65.1855   19.1242   -1.0 416.549111  0.947301
sounding_142_103       65.3467   15.4655   -1.0 416.308718  1.034968
sounding_142_104       65.3594   15.9863   -1.0 416.285947  0.435898
sounding_142_107       65.3882   17.5510   -1.0 416.275074 -1.273318
sounding_142_108       65.3948   18.0731   -1.0 416.337092  0.365541
sounding_142_109       65.3997   18.5954   -1.0 416.421945 -0.938042
sounding_142_110       65.4031   19.1179   -1.0 416.520033  0.029883
sounding_152_109       67.5611   18.4873   -1.0 416.502375  0.396140
sounding_152_110       67.5648   19.0500   -1.0 416.525985 -0.039241
sounding_152_111       67.5667   19.6128   -1.0 416.533833  0.685072
sounding_152_112       67.5670   20.1756   -1.0 416.530009  0.995167
sounding_152_114       67.5627   21.3011   -1.0 416.485915  0.056592
sounding_152_115       67.5580   21.8637   -1.0 416.447612  0.952262
sounding_153_114       67.7773   21.3112   -1.0 416.394499  0.537058
sounding_153_115       67.7726   21.8781   -1.0 416.349333 -0.356482
sounding_154_114       67.9916   21.3215   -1.0 416.268907  0.335455
sounding_154_115       67.9869   21.8928   -1.0 416.224970  0.687972
sounding_155_113       68.2086   20.7559   -1.0 416.183503 -0.705254
sounding_155_114       68.2056   21.3319   -1.0 416.154121 -0.761856
sounding_155_115       68.2008   21.9077   -1.0 416.125724 -1.020378
sounding_156_111       68.4234   19.6005   -1.0 416.124718  1.140642
sounding_156_112       68.4237   20.1812   -1.0 416.111937 -0.883108
sounding_156_113       68.4223   20.7619   -1.0 416.091798  0.381663
sounding_156_114       68.4193   21.3425   -1.0 416.086019  1.511521
sounding_156_115       68.4145   21.9229   -1.0 416.075791  0.091471
sounding_157_113       68.6357   20.7680   -1.0 416.058267  0.475309
sounding_157_114       68.6326   21.3532   -1.0 416.063029  0.515660
sounding_157_115       68.6278   21.9383   -1.0 416.068491 -1.188881
sounding_165_117       70.3069   23.3199   -1.0 416.137451  0.770774
sounding_165_118       70.2965   23.9438   -1.0 416.076242  2.162806
sounding_165_119       70.2842   24.5671   -1.0 416.062109 -1.714832
sounding_165_121       70.2543   25.8117   -1.0 415.978605  0.835855
sounding_166_117       70.5170   23.3486   -1.0 416.209809  0.465253
sounding_166_118       70.5065   23.9778   -1.0 416.151310  1.952974
sounding_166_119       70.4942   24.6064   -1.0 416.118476 -0.347534
sounding_166_121       70.4641   25.8616   -1.0 416.069569  0.270026
sounding_167_119       70.7038   24.6464   -1.0 416.122654 -0.581221
sounding_167_120       70.6896   25.2798   -1.0 416.090690  0.358762
sounding_167_122       70.6556   26.5441   -1.0 416.014854 -1.459284
sounding_168_120       70.8987   25.3260   -1.0 416.030281 -1.276459
