sounding_164_020       63.3381  -28.3250   -1.0 410.421846 -0.098547
sounding_164_021       63.4724  -27.9369   -1.0 410.340271  0.554787
sounding_165_020       63.5111  -28.6271   -1.0 410.452572 -0.325024
sounding_165_021       63.6461  -28.2383   -1.0 410.376489  0.745132
sounding_165_022       63.7801  -27.8462   -1.0 410.249573 -1.053940
sounding_165_023       63.9130  -27.4509   -1.0 410.162324 -1.178937
sounding_166_020       63.6835  -28.9324   -1.0 410.454033  0.442444
sounding_166_021       63.8191  -28.5428   -1.0 410.424524  0.191506
sounding_166_022       63.9537  -28.1499   -1.0 410.280088 -0.191343
sounding_166_023       64.0872  -27.7537   -1.0 410.158546 -2.159593
sounding_166_024       64.2197  -27.3542   -1.0 410.121841 -0.197632
sounding_166_025       64.3512  -26.9513   -1.0 410.161828 -0.332812
sounding_167_021       63.9914  -28.8506   -1.0 410.458540  1.025309
sounding_167_022       64.1265  -28.4568   -1.0 410.335848 -0.464693
sounding_167_023       64.2607  -28.0598   -1.0 410.178312 -0.637587
sounding_167_024       64.3939  -27.6594   -1.0 410.103060  0.724268
sounding_167_025       64.5260  -27.2556   -1.0 410.112143  1.786055
sounding_167_026       64.6570  -26.8484   -1.0 410.206340 -1.190542
sounding_167_027       64.7870  -26.4378   -1.0 410.338298  0.834393
sounding_168_021       64.1629  -29.1617   -1.0 410.429053 -2.350921
sounding_168_022       64.2987  -28.7672   -1.0 410.397148  0.570987
sounding_168_023       64.4335  -28.3693   -1.0 410.236596 -0.113123
sounding_168_024       64.5673  -27.9680   -1.0 410.111900  0.161882
sounding_168_025       64.7000  -27.5632   -1.0 410.077779  1.211888
sounding_168_026       64.8317  -27.1550   -1.0 410.138872 -0.812435
sounding_168_027       64.9623  -26.7434   -1.0 410.274954  0.582990
sounding_168_028       65.0918  -26.3283   -1.0 410.425542 -1.088856
sounding_169_021       64.3338  -29.4762   -1.0 410.281254  1.172410
sounding_169_022       64.4702  -29.0808   -1.0 410.405745 -0.567845
sounding_169_023       64.6056  -28.6821   -1.0 410.317049 -0.213288
sounding_169_024       64.7400  -28.2799   -1.0 410.169640 -0.111281
sounding_169_025       64.8734  -27.8743   -1.0 410.083912 -0.326327
sounding_169_026       65.0057  -27.4652   -1.0 410.084161  1.136170
sounding_169_027       65.1369  -27.0525   -1.0 410.183358  0.185479
sounding_169_028       65.2670  -26.6364   -1.0 410.342108  0.787042
sounding_169_029       65.3961  -26.2166   -1.0 410.483667 -0.435443
sounding_169_030       65.5241  -25.7934   -1.0 410.575651 -1.753033
sounding_170_021       64.5039  -29.7940   -1.0 410.016151  0.721951
sounding_170_022       64.6410  -29.3980   -1.0 410.307608 -1.229083
sounding_170_023       64.7770  -28.9984   -1.0 410.358783 -0.541069
sounding_170_024       64.9120  -28.5954   -1.0 410.255648 -0.875741
sounding_170_025       65.0460  -28.1888   -1.0 410.140550  0.370264
sounding_170_026       65.1789  -27.7788   -1.0 410.078317  0.134431
sounding_170_027       65.3108  -27.3651   -1.0 410.113877 -0.747919
sounding_170_028       65.4416  -26.9479   -1.0 410.238927  0.624886
sounding_170_029       65.5713  -26.5271   -1.0 410.402577  0.570774
sounding_170_030       65.6998  -26.1027   -1.0 410.547667 -0.207337
sounding_170_031       65.8273  -25.6747   -1.0 410.652443  0.458682
sounding_170_032       65.9537  -25.2430   -1.0 410.707900 -1.659788
sounding_171_022       64.8109  -29.7186   -1.0 410.091905  1.077104
sounding_171_023       64.9476  -29.3182   -1.0 410.310442  0.159655
sounding_171_024       65.0833  -28.9144   -1.0 410.316394 -0.120796
sounding_171_025       65.2179  -28.5070   -1.0 410.218700 -0.373494
sounding_171_026       65.3514  -28.0959   -1.0 410.127189 -0.784181
sounding_171_027       65.4839  -27.6813   -1.0 410.096477  0.047550
sounding_171_028       65.6153  -27.2631   -1.0 410.160277  0.367156
sounding_171_029       65.7457  -26.8412   -1.0 410.310969 -0.572874
sounding_171_030       65.8749  -26.4157   -1.0 410.484508  1.193133
sounding_171_031       66.0030  -25.9865   -1.0 410.639561 -0.178781
sounding_171_032       66.1300  -25.5536   -1.0 410.727561 -0.185087
sounding_171_033       66.2558  -25.1169   -1.0 410.754656 -2.059185
sounding_171_034       66.3805  -24.6766   -1.0 410.743093 -0.722463
