sounding_014_092       36.7654   14.6367   -1.0 413.486072 -0.359144
sounding_014_093       36.7810   14.9082   -1.0 413.418317 -0.685608
sounding_015_092       36.9829   14.6167   -1.0 413.421787  0.143791
sounding_015_093       36.9986   14.8892   -1.0 413.426921  1.393964
sounding_015_094       37.0134   15.1619   -1.0 413.394279 -0.619298
sounding_016_092       37.2007   14.5965   -1.0 413.371873  0.626054
sounding_016_093       37.2164   14.8701   -1.0 413.430528 -0.580693
sounding_016_094       37.2313   15.1437   -1.0 413.434778  1.352179
sounding_017_092       37.4186   14.5762   -1.0 413.330349  0.086644
sounding_017_093       37.4344   14.8508   -1.0 413.383117  0.284453
sounding_018_093       37.6525   14.8313   -1.0 413.371520  1.706000
sounding_018_094       37.6676   15.1071   -1.0 413.455428 -2.430349
sounding_019_093       37.8708   14.8117   -1.0 413.431275 -1.234217
sounding_019_094       37.8860   15.0885   -1.0 413.490602  0.381642
sounding_019_097       37.9263   15.9196   -1.0 413.105217 -0.034866
sounding_020_093       38.0894   14.7920   -1.0 413.534545 -0.149235
sounding_020_094       38.1045   15.0698   -1.0 413.542362  0.056275
sounding_020_095       38.1189   15.3477   -1.0 413.471582  1.279497
sounding_020_096       38.1324   15.6258   -1.0 413.321873  1.308212
sounding_020_097       38.1451   15.9040   -1.0 413.148323  0.337460
sounding_020_098       38.1570   16.1824   -1.0 413.004984 -0.387122
sounding_021_097       38.3640   15.8884   -1.0 413.292512 -0.418967
sounding_021_098       38.3760   16.1678   -1.0 413.140957 -0.978547
sounding_021_099       38.3870   16.4473   -1.0 413.033936 -0.418330
sounding_022_098       38.5951   16.1531   -1.0 413.267411 -1.622539
sounding_022_099       38.6063   16.4337   -1.0 413.110255 -0.118053
sounding_023_099       38.8256   16.4199   -1.0 413.124438 -0.083607
sounding_024_098       39.0339   16.1233   -1.0 413.337640  0.102606
sounding_024_099       39.0452   16.4060   -1.0 413.135875 -0.055569
sounding_024_100       39.0556   16.6889   -1.0 412.985287  0.544840
sounding_024_101       39.0651   16.9719   -1.0 412.958794  0.520991
sounding_025_098       39.2536   16.1083   -1.0 413.336224  0.481532
sounding_025_099       39.2649   16.3921   -1.0 413.175783  0.765595
sounding_025_100       39.2753   16.6760   -1.0 413.035661  3.210869
sounding_025_101       39.2849   16.9601   -1.0 412.993092 -0.089341
sounding_026_098       39.4734   16.0931   -1.0 413.326724 -2.162886
sounding_026_099       39.4848   16.3780   -1.0 413.192429 -1.096743
sounding_026_100       39.4953   16.6631   -1.0 413.105710 -0.908010
sounding_027_098       39.6934   16.0778   -1.0 413.340398  1.060642
sounding_027_099       39.7048   16.3638   -1.0 413.188433 -1.723909
sounding_028_097       39.9013   15.7753   -1.0 413.471861  0.815864
sounding_028_098       39.9136   16.0623   -1.0 413.331488  0.455651
sounding_028_099       39.9250   16.3495   -1.0 413.190083  0.685541
sounding_028_105       39.9755   18.0746   -1.0 412.931126 -0.036039
sounding_029_096       40.1083   15.4706   -1.0 413.576021 -0.138631
sounding_029_097       40.1215   15.7586   -1.0 413.451404 -0.365789
sounding_029_098       40.1339   16.0468   -1.0 413.226300 -0.593142
sounding_029_099       40.1454   16.3351   -1.0 413.095720  0.972102
sounding_029_100       40.1560   16.6235   -1.0 413.129283 -0.445175
sounding_029_105       40.1961   18.0670   -1.0 412.851942 -0.669180
sounding_030_096       40.3286   15.4526   -1.0 413.605091  0.111477
sounding_030_097       40.3419   15.7418   -1.0 413.405189 -0.102361
sounding_030_098       40.3543   16.0311   -1.0 413.064442  0.762348
sounding_030_099       40.3659   16.3206   -1.0 412.918053  0.596533
sounding_030_100       40.3766   16.6101   -1.0 413.010757 -0.357414
sounding_030_103       40.4033   17.4794   -1.0 413.109917 -0.448214
sounding_030_104       40.4105   17.7693   -1.0 412.993415  2.091653
sounding_030_105       40.4168   18.0594   -1.0 412.842969 -0.557371
sounding_031_096       40.5491   15.4346   -1.0 413.607908 -0.926199
sounding_031_097       40.5624   15.7249   -1.0 413.365350  0.928698
sounding_031_098       40.5749   16.0154   -1.0 412.964191  0.175993
sounding_031_099       40.5865   16.3059   -1.0 412.764507 -0.941116
sounding_031_100       40.5973   16.5967   -1.0 412.875933 -2.530528
sounding_031_101       40.6071   16.8875   -1.0 413.072924 -0.355902
sounding_031_102       40.6161   17.1784   -1.0 413.166233 -1.094399
sounding_031_103       40.6242   17.4694   -1.0 413.138102  0.201798
sounding_031_104       40.6314   17.7605   -1.0 413.026847 -0.114726
sounding_032_097       40.7831   15.7078   -1.0 413.363079  0.956934
sounding_032_098       40.7957   15.9994   -1.0 412.977760  1.498922
sounding_032_099       40.8073   16.2912   -1.0 412.761746  0.939280
sounding_032_100       40.8181   16.5831   -1.0 412.860018  1.418188
sounding_032_101       40.8280   16.8750   -1.0 413.093829  0.907358
sounding_032_102       40.8370   17.1671   -1.0 413.203694  0.810918
sounding_032_103       40.8451   17.4593   -1.0 413.170134  0.167867
sounding_033_097       41.0040   15.6906   -1.0 413.363410 -0.824123
sounding_033_098       41.0166   15.9834   -1.0 413.065098  0.579408
sounding_033_099       41.0283   16.2763   -1.0 412.885682 -1.417721
sounding_033_100       41.0391   16.5693   -1.0 412.974627 -0.311373
sounding_033_101       41.0490   16.8625   -1.0 413.173893  0.115325
sounding_034_097       41.2249   15.6733   -1.0 413.336959 -1.408680
sounding_034_098       41.2376   15.9672   -1.0 413.138601 -1.005921
sounding_034_099       41.2494   16.2613   -1.0 413.027498 -0.241110
sounding_035_098       41.4588   15.9509   -1.0 413.185836 -2.249160
sounding_036_098       41.6801   15.9345   -1.0 413.244033 -1.527287
sounding_037_098       41.9015   15.9179   -1.0 413.357388 -0.700817
sounding_039_108       42.4242   18.8900   -1.0 413.094530  1.279042
sounding_040_106       42.6377   18.2812   -1.0 413.467830  0.188564
sounding_040_107       42.6425   18.5833   -1.0 413.210970  0.022294
sounding_040_108       42.6464   18.8854   -1.0 412.830340 -0.082274
sounding_040_109       42.6493   19.1876   -1.0 412.379972  0.355989
sounding_041_104       42.8477   17.6676   -1.0 413.501966 -0.265844
sounding_041_105       42.8543   17.9708   -1.0 413.448028 -1.178496
sounding_041_106       42.8600   18.2741   -1.0 413.296607  1.418079
sounding_041_107       42.8648   18.5774   -1.0 412.977834  0.382203
sounding_041_108       42.8687   18.8808   -1.0 412.526732 -1.289007
sounding_041_109       42.8716   19.1843   -1.0 412.139154  0.269078
sounding_042_103       43.0624   17.3534   -1.0 413.551375  1.374657
sounding_042_104       43.0700   17.6578   -1.0 413.432095  1.386743
sounding_042_105       43.0767   17.9623   -1.0 413.350902 -0.413670
sounding_042_106       43.0824   18.2669   -1.0 413.160845 -1.142059
sounding_042_107       43.0872   18.5715   -1.0 412.785993  0.953419
sounding_042_108       43.0911   18.8762   -1.0 412.344551 -0.659763
sounding_042_109       43.0941   19.1808   -1.0 412.063493  0.064819
sounding_043_103       43.2848   17.3424   -1.0 413.465507 -1.257421
sounding_043_104       43.2925   17.6480   -1.0 413.370804  1.224548
sounding_043_105       43.2992   17.9538   -1.0 413.299725 -1.006230
sounding_043_106       43.3049   18.2596   -1.0 413.075907 -1.719397
sounding_043_107       43.3098   18.5655   -1.0 412.683299  1.233438
sounding_043_108       43.3137   18.8715   -1.0 412.334696 -0.470431
sounding_043_109       43.3167   19.1774   -1.0 412.197458  0.218650
sounding_044_101       43.4893   16.7176   -1.0 413.734163  0.760414
sounding_044_102       43.4988   17.0243   -1.0 413.561670 -1.186492
sounding_044_103       43.5074   17.3312   -1.0 413.426419 -0.749136
sounding_044_104       43.5151   17.6382   -1.0 413.307554 -0.908839
sounding_044_105       43.5218   17.9452   -1.0 413.222080 -0.049554
sounding_044_106       43.5276   18.2523   -1.0 412.975739 -0.654463
sounding_044_107       43.5324   18.5595   -1.0 412.618168  1.298152
sounding_044_108       43.5363   18.8667   -1.0 412.405586  1.281024
sounding_044_109       43.5393   19.1740   -1.0 412.453997  2.156598
sounding_044_110       43.5414   19.4813   -1.0 412.575025  0.543603
sounding_045_101       43.7118   16.7038   -1.0 413.674424 -3.089605
sounding_045_102       43.7214   17.0118   -1.0 413.552989 -0.221041
sounding_045_103       43.7300   17.3200   -1.0 413.411584  1.062602
sounding_045_104       43.7377   17.6282   -1.0 413.223860  0.704249
sounding_045_105       43.7445   17.9365   -1.0 413.025712  0.281694
sounding_045_106       43.7503   18.2449   -1.0 412.790965  1.197376
sounding_045_107       43.7552   18.5534   -1.0 412.591024 -0.593508
sounding_045_108       43.7591   18.8619   -1.0 412.556305 -1.246024
sounding_045_109       43.7621   19.1705   -1.0 412.708598  2.155990
sounding_045_110       43.7642   19.4791   -1.0 412.849138 -1.541999
sounding_046_101       43.9345   16.6898   -1.0 413.598017 -0.789636
sounding_046_102       43.9441   16.9992   -1.0 413.528209 -1.678524
sounding_046_103       43.9528   17.3086   -1.0 413.351311  0.325487
sounding_046_104       43.9605   17.6182   -1.0 413.040515  0.497434
sounding_046_105       43.9673   17.9278   -1.0 412.713704 -0.066168
sounding_046_106       43.9732   18.2375   -1.0 412.562575  0.443317
sounding_046_107       43.9781   18.5473   -1.0 412.591973  0.096360
sounding_046_108       43.9820   18.8571   -1.0 412.727619  0.410120
sounding_046_109       43.9851   19.1670   -1.0 412.902252  0.174455
sounding_046_110       43.9871   19.4769   -1.0 413.012191  0.462332
sounding_047_101       44.1573   16.6758   -1.0 413.438076 -0.327486
sounding_047_102       44.1670   16.9864   -1.0 413.301899 -1.198867
sounding_047_103       44.1757   17.2972   -1.0 413.055458  0.191938
sounding_047_104       44.1835   17.6080   -1.0 412.682586 -0.108432
sounding_047_105       44.1903   17.9190   -1.0 412.367399 -1.384647
sounding_047_106       44.1962   18.2300   -1.0 412.357126  0.453770
sounding_047_107       44.2011   18.5411   -1.0 412.595794  0.859432
sounding_047_108       44.2050   18.8522   -1.0 412.849856  1.486567
sounding_047_109       44.2081   19.1634   -1.0 413.012960  0.080060
sounding_047_110       44.2102   19.4746   -1.0 413.095898 -0.855390
sounding_047_111       44.2113   19.7859   -1.0 413.115482  2.242450
sounding_048_101       44.3802   16.6616   -1.0 413.213661  0.834400
sounding_048_102       44.3899   16.9735   -1.0 412.890016  0.593351
sounding_048_103       44.3987   17.2856   -1.0 412.485518 -0.147918
sounding_048_104       44.4065   17.5978   -1.0 412.177196  1.186622
sounding_048_105       44.4133   17.9101   -1.0 412.092739 -0.188410
sounding_048_106       44.4192   18.2224   -1.0 412.314127 -2.447177
sounding_048_107       44.4242   18.5348   -1.0 412.690596 -1.873104
sounding_048_108       44.4282   18.8473   -1.0 412.975019 -1.272184
sounding_048_109       44.4312   19.1598   -1.0 413.095264 -0.650216
sounding_048_110       44.4333   19.4724   -1.0 413.127774  0.180622
sounding_048_111       44.4344   19.7849   -1.0 413.132086  0.542079
sounding_049_102       44.6129   16.9605   -1.0 412.404677 -0.058313
sounding_049_103       44.6217   17.2740   -1.0 411.980700  1.119085
sounding_049_104       44.6296   17.5875   -1.0 411.892235  0.448779
sounding_049_105       44.6365   17.9011   -1.0 412.117953  0.006616
sounding_049_106       44.6424   18.2148   -1.0 412.505619  0.144108
sounding_049_107       44.6474   18.5286   -1.0 412.879222 -1.040436
sounding_049_108       44.6514   18.8424   -1.0 413.105234 -0.251295
sounding_049_109       44.6544   19.1562   -1.0 413.163085 -1.062307
sounding_049_110       44.6565   19.4701   -1.0 413.154453  0.876610
sounding_049_111       44.6577   19.7840   -1.0 413.132285  1.797499
sounding_050_102       44.8360   16.9474   -1.0 412.052271 -0.576860
sounding_050_103       44.8449   17.2622   -1.0 411.872184  0.259734
sounding_050_104       44.8528   17.5771   -1.0 412.024799  0.144482
sounding_050_105       44.8597   17.8921   -1.0 412.351607 -0.605872
sounding_050_106       44.8657   18.2071   -1.0 412.714943  0.836885
sounding_050_107       44.8706   18.5222   -1.0 413.012036 -0.321086
sounding_050_108       44.8747   18.8374   -1.0 413.195374  1.051172
sounding_050_109       44.8777   19.1526   -1.0 413.239740  0.760844
sounding_050_110       44.8799   19.4678   -1.0 413.208207  1.834296
sounding_050_111       44.8810   19.7831   -1.0 413.152601 -0.415025
sounding_051_102       45.0593   16.9343   -1.0 411.971242  1.148964
sounding_051_103       45.0682   17.2504   -1.0 412.115068 -0.842746
sounding_051_104       45.0761   17.5666   -1.0 412.373240 -1.287151
sounding_051_105       45.0830   17.8829   -1.0 412.579719  0.636393
sounding_051_106       45.0890   18.1993   -1.0 412.795558 -0.340504
sounding_051_107       45.0940   18.5158   -1.0 413.005612 -0.659786
sounding_051_108       45.0981   18.8324   -1.0 413.190229  1.098303
sounding_051_109       45.1012   19.1489   -1.0 413.276663  0.330047
sounding_051_110       45.1033   19.4656   -1.0 413.255091  2.864012
sounding_051_111       45.1044   19.7822   -1.0 413.165935 -0.385874
sounding_051_112       45.1046   20.0988   -1.0 413.210598  0.397490
sounding_052_103       45.2915   17.2384   -1.0 412.484441 -0.541334
sounding_052_104       45.2995   17.5560   -1.0 412.719716 -0.395030
sounding_052_105       45.3064   17.8738   -1.0 412.756606  0.509873
sounding_052_106       45.3125   18.1915   -1.0 412.822483 -0.451690
sounding_052_107       45.3175   18.5094   -1.0 412.962698  0.352643
sounding_052_108       45.3216   18.8273   -1.0 413.162479  1.424404
sounding_052_109       45.3247   19.1452   -1.0 413.300762 -0.490820
sounding_052_110       45.3268   19.4632   -1.0 413.306923  1.598724
sounding_052_111       45.3280   19.7812   -1.0 413.199270 -0.343024
sounding_052_112       45.3282   20.0992   -1.0 413.199396 -0.881259
sounding_053_103       45.5149   17.2264   -1.0 412.789394  0.919819
sounding_053_104       45.5230   17.5454   -1.0 412.918282 -2.700701
sounding_053_105       45.5300   17.8645   -1.0 412.866574 -1.034197
sounding_053_106       45.5360   18.1836   -1.0 412.838501  0.267939
sounding_053_107       45.5411   18.5029   -1.0 412.937124  1.620445
sounding_053_108       45.5452   18.8221   -1.0 413.125863 -1.062909
sounding_053_109       45.5483   19.1415   -1.0 413.325294  0.991243
sounding_053_110       45.5504   19.4609   -1.0 413.393293  0.535855
sounding_053_111       45.5516   19.7802   -1.0 413.271467 -0.157821
sounding_053_112       45.5518   20.0997   -1.0 413.200007 -0.159299
sounding_054_103       45.7385   17.2142   -1.0 413.069143 -0.957333
sounding_054_104       45.7465   17.5346   -1.0 413.081979  1.010596
sounding_054_105       45.7536   17.8551   -1.0 412.984153  1.033654
sounding_054_106       45.7597   18.1757   -1.0 412.920607  0.132664
sounding_054_107       45.7647   18.4963   -1.0 412.951952 -0.602827
sounding_054_108       45.7689   18.8170   -1.0 413.068291 -0.123956
sounding_054_109       45.7720   19.1377   -1.0 413.308065  0.088403
sounding_054_110       45.7741   19.4585   -1.0 413.458452 -1.192985
sounding_054_111       45.7753   19.7793   -1.0 413.375313  0.962757
sounding_054_112       45.7755   20.1001   -1.0 413.255352  0.285643
sounding_055_103       45.9621   17.2020   -1.0 413.355970 -1.197013
sounding_055_104       45.9702   17.5237   -1.0 413.300563 -0.588223
sounding_055_105       45.9773   17.8456   -1.0 413.173628  2.909020
sounding_055_106       45.9834   18.1676   -1.0 413.059619 -1.188353
sounding_055_107       45.9885   18.4897   -1.0 412.979630 -1.467497
sounding_055_108       45.9926   18.8118   -1.0 412.989564 -0.518189
sounding_055_109       45.9958   19.1339   -1.0 413.184415  1.405816
sounding_055_110       45.9979   19.4561   -1.0 413.407945  2.000984
sounding_055_111       45.9991   19.7783   -1.0 413.444029 -1.427986
sounding_055_112       45.9993   20.1005   -1.0 413.357967 -0.903468
sounding_055_113       45.9985   20.4228   -1.0 413.513861 -0.653257
sounding_056_104       46.1939   17.5128   -1.0 413.494326 -0.449322
sounding_056_105       46.2010   17.8361   -1.0 413.346052  0.591504
sounding_056_106       46.2072   18.1595   -1.0 413.195296  1.282949
sounding_056_107       46.2123   18.4830   -1.0 413.032642 -0.671850
sounding_056_108       46.2165   18.8065   -1.0 412.916125  1.329278
sounding_056_109       46.2196   19.1301   -1.0 413.001269  1.425246
sounding_056_110       46.2218   19.4537   -1.0 413.252078 -0.451492
sounding_056_111       46.2229   19.7773   -1.0 413.419507  0.745326
sounding_056_112       46.2231   20.1010   -1.0 413.423214  0.007932
sounding_056_113       46.2223   20.4246   -1.0 413.492306  0.467874
sounding_057_104       46.4177   17.5017   -1.0 413.580480  0.839522
sounding_057_105       46.4249   17.8265   -1.0 413.458074 -0.924685
sounding_057_106       46.4310   18.1513   -1.0 413.320861  0.748221
sounding_057_107       46.4362   18.4763   -1.0 413.120229 -0.829427
sounding_057_108       46.4404   18.8012   -1.0 412.920586 -0.246196
sounding_057_109       46.4435   19.1262   -1.0 412.905001  1.582862
sounding_057_110       46.4457   19.4513   -1.0 413.101748 -2.139877
sounding_057_111       46.4469   19.7763   -1.0 413.329623  0.313430
sounding_057_112       46.4471   20.1014   -1.0 413.425788  0.922756
sounding_057_113       46.4463   20.4265   -1.0 413.453219 -1.198250
sounding_058_104       46.6416   17.4906   -1.0 413.567676 -0.601445
sounding_058_105       46.6488   17.8168   -1.0 413.477865 -0.443962
sounding_058_106       46.6550   18.1431   -1.0 413.400408  1.626405
sounding_058_107       46.6602   18.4694   -1.0 413.246702  0.162041
sounding_058_108       46.6644   18.7959   -1.0 413.050064  0.016578
sounding_058_109       46.6675   19.1223   -1.0 412.953584  0.824925
sounding_058_110       46.6697   19.4488   -1.0 413.038539 -0.418167
sounding_058_111       46.6709   19.7754   -1.0 413.229882 -0.271404
sounding_058_112       46.6711   20.1019   -1.0 413.378719  0.288971
sounding_058_113       46.6703   20.4284   -1.0 413.404441  0.985544
sounding_058_114       46.6685   20.7549   -1.0 413.482120  1.217521
sounding_059_105       46.8728   17.8070   -1.0 413.445639  0.613266
sounding_059_106       46.8790   18.1348   -1.0 413.405223 -1.513331
sounding_059_107       46.8842   18.4626   -1.0 413.332731 -0.244888
sounding_059_108       46.8884   18.7905   -1.0 413.200960 -0.868278
sounding_059_109       46.8916   19.1184   -1.0 413.070033 -1.195498
sounding_059_110       46.8938   19.4463   -1.0 413.048507  1.266798
sounding_059_111       46.8950   19.7743   -1.0 413.148547  0.940318
sounding_059_112       46.8952   20.1023   -1.0 413.292722  0.340207
sounding_059_113       46.8944   20.4303   -1.0 413.346645  0.366733
sounding_059_114       46.8926   20.7583   -1.0 413.351937 -1.097225
sounding_060_105       47.0968   17.7971   -1.0 413.385053  1.200109
sounding_060_106       47.1031   18.1263   -1.0 413.356184 -1.244937
sounding_060_107       47.1083   18.4557   -1.0 413.308187  1.918594
sounding_060_108       47.1126   18.7850   -1.0 413.228626  1.110467
sounding_060_109       47.1158   19.1144   -1.0 413.128545  1.066355
sounding_060_110       47.1180   19.4439   -1.0 413.051365 -0.607922
sounding_060_111       47.1192   19.7733   -1.0 413.052308  0.723368
sounding_060_112       47.1194   20.1028   -1.0 413.158195  0.976425
sounding_060_113       47.1186   20.4323   -1.0 413.262167  0.553173
sounding_060_114       47.1167   20.7617   -1.0 413.294210 -0.231063
sounding_061_105       47.3210   17.7872   -1.0 413.334370  0.325871
sounding_061_106       47.3272   18.1179   -1.0 413.256327  0.449881
sounding_061_107       47.3325   18.4487   -1.0 413.185813  2.522325
sounding_061_108       47.3368   18.7795   -1.0 413.132361 -0.018209
sounding_061_109       47.3400   19.1104   -1.0 413.054552 -0.009710
sounding_061_110       47.3422   19.4413   -1.0 412.947193  0.917385
sounding_061_111       47.3434   19.7723   -1.0 412.867132  2.313297
sounding_061_112       47.3436   20.1033   -1.0 412.908159  0.947567
sounding_061_113       47.3428   20.4342   -1.0 413.066526 -1.104704
sounding_061_114       47.3409   20.7652   -1.0 413.230314 -1.163344
sounding_062_105       47.5451   17.7771   -1.0 413.261152 -0.281067
sounding_062_106       47.5515   18.1093   -1.0 413.135274 -0.653401
sounding_062_107       47.5568   18.4416   -1.0 413.029108 -0.296971
sounding_062_108       47.5610   18.7740   -1.0 412.942325  1.843428
sounding_062_109       47.5643   19.1063   -1.0 412.859531  0.410766
sounding_062_110       47.5665   19.4388   -1.0 412.746917  1.741975
sounding_062_111       47.5677   19.7713   -1.0 412.620333 -1.082183
sounding_062_112       47.5679   20.1037   -1.0 412.612895 -0.592609
sounding_062_113       47.5671   20.4362   -1.0 412.794901 -1.207401
sounding_062_114       47.5652   20.7687   -1.0 413.086125 -0.475835
sounding_062_115       47.5624   21.1011   -1.0 413.342892  0.818723
sounding_063_106       47.7757   18.1007   -1.0 413.050004 -1.070751
sounding_063_107       47.7810   18.4345   -1.0 412.921370 -0.690743
sounding_063_108       47.7853   18.7684   -1.0 412.793773  1.120880
sounding_063_109       47.7886   19.1023   -1.0 412.681269 -1.248312
sounding_063_110       47.7908   19.4363   -1.0 412.561522  0.666305
sounding_063_111       47.7921   19.7702   -1.0 412.447362 -1.605309
sounding_063_112       47.7923   20.1042   -1.0 412.431721 -0.212307
sounding_063_113       47.7914   20.4382   -1.0 412.582027  0.952238
sounding_063_114       47.7896   20.7722   -1.0 412.875088  1.004327
sounding_063_115       47.7867   21.1061   -1.0 413.193133  0.487984
sounding_064_106       48.0001   18.0920   -1.0 413.132537 -0.327595
sounding_064_107       48.0054   18.4273   -1.0 412.983290  0.205844
sounding_064_108       48.0097   18.7627   -1.0 412.817143  0.514418
sounding_064_109       48.0130   19.0981   -1.0 412.647578  1.744238
sounding_064_110       48.0153   19.4337   -1.0 412.495530 -1.845860
sounding_064_111       48.0165   19.7692   -1.0 412.406631  1.347287
sounding_064_112       48.0167   20.1047   -1.0 412.398181  0.666315
sounding_064_113       48.0158   20.4402   -1.0 412.487222  1.474851
sounding_064_114       48.0140   20.7757   -1.0 412.696223  0.539878
sounding_064_115       48.0111   21.1112   -1.0 413.012374  0.099138
sounding_065_106       48.2244   18.0832   -1.0 413.334133 -0.125202
sounding_065_107       48.2298   18.4200   -1.0 413.150085  0.542106
sounding_065_108       48.2341   18.7570   -1.0 412.918214  0.012017
sounding_065_109       48.2375   19.0940   -1.0 412.676210  0.666881
sounding_065_110       48.2397   19.4310   -1.0 412.483036 -0.229260
sounding_065_111       48.2409   19.7681   -1.0 412.397319  1.746927
sounding_065_112       48.2411   20.1052   -1.0 412.392173 -1.361571
sounding_065_113       48.2403   20.4422   -1.0 412.456267 -0.012333
sounding_065_114       48.2384   20.7793   -1.0 412.570467  0.392495
sounding_065_115       48.2355   21.1163   -1.0 412.801524 -0.824384
sounding_065_116       48.2316   21.4533   -1.0 413.085908 -0.016784
sounding_066_106       48.4489   18.0743   -1.0 413.456340  0.960963
sounding_066_107       48.4543   18.4127   -1.0 413.221049 -2.434761
sounding_066_108       48.4586   18.7512   -1.0 412.904554 -1.456181
sounding_066_109       48.4619   19.0898   -1.0 412.599473 -1.709306
sounding_066_110       48.4642   19.4284   -1.0 412.377090 -1.175086
sounding_066_111       48.4654   19.7670   -1.0 412.278369  0.996361
sounding_066_112       48.4656   20.1057   -1.0 412.282824 -0.653406
sounding_066_113       48.4648   20.4443   -1.0 412.383649 -1.177318
sounding_066_114       48.4629   20.7829   -1.0 412.462222  0.014368
sounding_066_115       48.4600   21.1215   -1.0 412.517198 -0.012796
sounding_066_116       48.4560   21.4600   -1.0 412.650843  0.243099
sounding_067_107       48.6788   18.4054   -1.0 413.050744  0.269630
sounding_067_108       48.6832   18.7454   -1.0 412.692120 -0.870660
sounding_067_109       48.6865   19.0856   -1.0 412.368616 -1.736308
sounding_067_110       48.6888   19.4258   -1.0 412.148885  0.010419
sounding_067_111       48.6900   19.7659   -1.0 412.030592  0.264220
sounding_067_112       48.6902   20.1061   -1.0 411.998359 -1.302088
sounding_067_113       48.6894   20.4463   -1.0 412.065520  0.789046
sounding_067_114       48.6875   20.7865   -1.0 412.133879 -0.481933
sounding_067_115       48.6845   21.1267   -1.0 412.199862 -0.064551
sounding_067_116       48.6805   21.4668   -1.0 412.394053  0.286365
sounding_068_107       48.9033   18.3979   -1.0 412.645909  0.669073
sounding_068_108       48.9077   18.7396   -1.0 412.358609  1.026201
sounding_068_109       48.9111   19.0813   -1.0 412.104633  1.390913
sounding_068_110       48.9134   19.4231   -1.0 411.922703  1.720242
sounding_068_111       48.9146   19.7648   -1.0 411.830435 -0.731146
sounding_068_112       48.9148   20.1067   -1.0 411.674028  0.799137
sounding_068_113       48.9139   20.4484   -1.0 411.571756  0.149664
sounding_068_114       48.9121   20.7902   -1.0 411.730367  1.517586
sounding_068_115       48.9091   21.1320   -1.0 412.115713  1.240088
sounding_068_116       48.9051   21.4736   -1.0 412.876255  0.043142
sounding_069_107       49.1279   18.3904   -1.0 412.241334  0.623339
sounding_069_108       49.1323   18.7336   -1.0 412.111765  0.408219
sounding_069_109       49.1357   19.0770   -1.0 412.010229  0.597721
sounding_069_110       49.1380   19.4203   -1.0 411.921665  0.174065
sounding_069_111       49.1392   19.7637   -1.0 411.889345  0.938353
sounding_069_115       49.1337   21.1373   -1.0 412.589728 -0.855089
sounding_069_116       49.1297   21.4806   -1.0 413.906152  2.152304
sounding_069_117       49.1246   21.8238   -1.0 415.324953  0.573860
sounding_070_108       49.3570   18.7277   -1.0 412.189647  0.800952
sounding_070_109       49.3603   19.0726   -1.0 412.272317 -1.402871
sounding_070_110       49.3627   19.4176   -1.0 412.378491  0.336669
sounding_070_111       49.3639   19.7626   -1.0 412.532141  1.666520
sounding_070_112       49.3641   20.1077   -1.0 412.534363 -1.277761
sounding_070_116       49.3543   21.4875   -1.0 414.352499  0.984725
sounding_070_117       49.3492   21.8324   -1.0 415.485197  0.542787
sounding_071_108       49.5817   18.7217   -1.0 412.688520  1.081073
sounding_071_109       49.5851   19.0682   -1.0 412.926856  0.303298
sounding_071_110       49.5874   19.4149   -1.0 413.140331  1.856728
sounding_071_111       49.5886   19.7615   -1.0 413.335927 -0.165991
sounding_071_112       49.5888   20.1081   -1.0 413.374191 -1.172000
sounding_071_113       49.5880   20.4548   -1.0 413.258361 -0.385399
sounding_071_115       49.5831   21.1480   -1.0 413.595395 -1.226153
sounding_071_116       49.5790   21.4946   -1.0 414.080686  0.117769
sounding_071_117       49.5739   21.8411   -1.0 414.605598 -1.139097
sounding_072_108       49.8064   18.7156   -1.0 412.879443  0.977749
sounding_072_109       49.8098   19.0638   -1.0 413.111112  1.355171
sounding_072_110       49.8121   19.4121   -1.0 413.254610  0.254073
sounding_072_111       49.8134   19.7604   -1.0 413.290722  0.309309
sounding_072_112       49.8136   20.1087   -1.0 413.221316  0.409240
sounding_072_113       49.8127   20.4570   -1.0 413.168735 -0.613661
sounding_072_114       49.8108   20.8053   -1.0 413.372727 -0.546958
sounding_072_115       49.8078   21.1535   -1.0 413.814320  0.855335
sounding_072_116       49.8037   21.5017   -1.0 414.264455 -0.459202
sounding_072_117       49.7985   21.8498   -1.0 414.477799  0.856161
sounding_073_108       50.0311   18.7094   -1.0 412.326485 -0.381580
sounding_073_109       50.0345   19.0593   -1.0 412.454251  0.204701
sounding_073_110       50.0369   19.4092   -1.0 412.521128  0.019795
sounding_073_111       50.0382   19.7592   -1.0 412.501384  0.601538
sounding_073_112       50.0384   20.1092   -1.0 412.438781 -2.190814
sounding_073_113       50.0375   20.4592   -1.0 412.520250 -0.507112
sounding_073_114       50.0355   20.8091   -1.0 413.022528 -0.918564
sounding_073_115       50.0325   21.1590   -1.0 413.877239  1.124284
sounding_073_116       50.0284   21.5089   -1.0 414.729199 -0.966855
sounding_073_117       50.0232   21.8587   -1.0 415.218768 -1.261429
sounding_073_118       50.0170   22.2084   -1.0 415.421070 -0.105431
sounding_074_110       50.2617   19.4064   -1.0 411.587627  2.258483
sounding_074_111       50.2629   19.7581   -1.0 411.589269 -0.233753
sounding_074_112       50.2632   20.1097   -1.0 411.575793 -0.926953
sounding_074_113       50.2623   20.4614   -1.0 411.816911 -0.098220
sounding_074_114       50.2603   20.8130   -1.0 412.509618  0.054088
sounding_074_115       50.2573   21.1646   -1.0 413.559504 -0.695647
sounding_074_116       50.2531   21.5162   -1.0 414.687884  0.829848
sounding_074_117       50.2480   21.8677   -1.0 415.607919 -0.870138
sounding_074_118       50.2417   22.2190   -1.0 416.052449 -0.105470
sounding_075_110       50.4865   19.4035   -1.0 410.808879  0.946112
sounding_075_111       50.4878   19.7569   -1.0 410.859314  2.106882
sounding_075_112       50.4880   20.1103   -1.0 410.947990  0.972277
sounding_075_113       50.4871   20.4636   -1.0 411.220768  0.178690
sounding_075_114       50.4851   20.8170   -1.0 411.762000  0.439402
sounding_075_115       50.4821   21.1702   -1.0 412.544197 -0.315208
sounding_075_116       50.4779   21.5235   -1.0 413.427471 -0.312689
sounding_075_117       50.4727   21.8767   -1.0 414.360280  0.277681
sounding_075_118       50.4664   22.2297   -1.0 415.219843  0.296507
sounding_076_111       50.7126   19.7557   -1.0 410.335319 -0.365665
sounding_076_112       50.7128   20.1108   -1.0 410.514010 -0.729123
sounding_076_113       50.7119   20.4658   -1.0 410.756545  0.685775
sounding_076_114       50.7099   20.8209   -1.0 411.031105  0.200872
sounding_076_115       50.7069   21.1759   -1.0 411.264426  0.111036
sounding_077_111       50.9374   19.7545   -1.0 410.055135 -0.140502
sounding_077_112       50.9376   20.1113   -1.0 410.237345 -0.830847
sounding_077_113       50.9368   20.4681   -1.0 410.418640 -1.324567
sounding_077_114       50.9348   20.8249   -1.0 410.477583  0.529638
sounding_077_115       50.9317   21.1817   -1.0 410.336700  2.342711
sounding_077_116       50.9275   21.5384   -1.0 410.200851  0.397806
sounding_077_119       50.9084   22.6079   -1.0 412.028700 -1.341270
sounding_078_110       51.1610   19.3948   -1.0 409.741995  0.376388
sounding_078_111       51.1623   19.7533   -1.0 409.817584  0.231320
sounding_078_112       51.1625   20.1119   -1.0 409.943238  0.395562
sounding_078_113       51.1616   20.4704   -1.0 410.094814  0.177945
sounding_078_114       51.1596   20.8290   -1.0 410.131600  2.024900
sounding_078_115       51.1565   21.1875   -1.0 409.978205  0.448521
sounding_078_116       51.1523   21.5459   -1.0 409.771816 -1.335801
sounding_078_117       51.1470   21.9043   -1.0 409.705518 -1.268158
sounding_078_118       51.1406   22.2625   -1.0 409.881116 -2.362881
sounding_079_110       51.3858   19.3918   -1.0 409.606264 -0.825407
sounding_079_111       51.3871   19.7521   -1.0 409.602997 -1.515002
sounding_079_112       51.3874   20.1124   -1.0 409.645898 -0.395581
sounding_079_113       51.3865   20.4728   -1.0 409.772362 -0.066440
sounding_079_114       51.3845   20.8330   -1.0 409.845340 -0.342954
sounding_079_115       51.3813   21.1933   -1.0 409.762646  0.283811
sounding_079_116       51.3771   21.5535   -1.0 409.610517 -0.932772
sounding_079_117       51.3718   21.9136   -1.0 409.510040 -1.712842
sounding_079_118       51.3653   22.2737   -1.0 409.521166 -0.459881
sounding_079_119       51.3578   22.6336   -1.0 409.733446  0.048428
sounding_080_110       51.6107   19.3888   -1.0 409.562985 -0.017474
sounding_080_111       51.6120   19.7508   -1.0 409.488775 -1.387113
sounding_080_112       51.6122   20.1130   -1.0 409.478525  0.353487
sounding_080_113       51.6113   20.4751   -1.0 409.545757 -1.013572
sounding_080_114       51.6093   20.8372   -1.0 409.577663  0.410438
sounding_080_115       51.6062   21.1992   -1.0 409.522497  1.796223
sounding_080_116       51.6019   21.5612   -1.0 409.444551  0.350900
sounding_080_117       51.5966   21.9231   -1.0 409.386093 -0.277217
sounding_080_118       51.5901   22.2849   -1.0 409.357042  0.081422
sounding_080_119       51.5825   22.6466   -1.0 409.409827  1.329039
sounding_080_120       51.5738   23.0082   -1.0 409.649285 -1.226617
sounding_081_111       51.8369   19.7496   -1.0 409.539078 -0.396678
sounding_081_112       51.8371   20.1136   -1.0 409.475318  1.182077
sounding_081_113       51.8362   20.4775   -1.0 409.443840  1.856531
sounding_081_114       51.8342   20.8413   -1.0 409.372164 -1.169274
sounding_081_115       51.8310   21.2052   -1.0 409.292732  0.228102
sounding_081_116       51.8267   21.5690   -1.0 409.264568 -1.711005
sounding_081_117       51.8214   21.9327   -1.0 409.260598 -0.436962
sounding_081_118       51.8148   22.2963   -1.0 409.241245 -0.542621
sounding_081_119       51.8072   22.6598   -1.0 409.212916  0.268034
sounding_081_120       51.7985   23.0232   -1.0 409.250457  1.449162
sounding_082_111       52.0617   19.7484   -1.0 409.691531 -0.202937
sounding_082_112       52.0620   20.1141   -1.0 409.560596  2.399414
sounding_082_113       52.0610   20.4799   -1.0 409.400068 -0.400396
sounding_082_114       52.0590   20.8455   -1.0 409.250766 -0.572346
sounding_082_115       52.0558   21.2112   -1.0 409.158743 -0.569250
sounding_082_116       52.0515   21.5768   -1.0 409.150336 -1.557267
sounding_082_117       52.0461   21.9424   -1.0 409.168402 -0.152884
sounding_082_118       52.0396   22.3078   -1.0 409.154933  1.741274
sounding_082_119       52.0319   22.6731   -1.0 409.098119  1.034702
sounding_082_120       52.0232   23.0383   -1.0 409.064065  1.363676
sounding_083_111       52.2866   19.7471   -1.0 409.817032  2.176554
sounding_083_112       52.2868   20.1147   -1.0 409.665559 -0.198809
sounding_083_113       52.2859   20.4823   -1.0 409.424358 -0.368536
sounding_083_114       52.2838   20.8498   -1.0 409.223376 -0.710722
sounding_083_115       52.2807   21.2173   -1.0 409.142583 -1.014863
sounding_083_116       52.2764   21.5847   -1.0 409.143765  0.728561
sounding_083_117       52.2709   21.9521   -1.0 409.157957 -0.849755
sounding_083_118       52.2643   22.3194   -1.0 409.121128 -0.936390
sounding_083_119       52.2567   22.6865   -1.0 409.046171  0.075046
sounding_083_120       52.2478   23.0535   -1.0 409.006071 -0.413478
sounding_084_111       52.5114   19.7459   -1.0 409.855872  0.260986
sounding_084_112       52.5117   20.1153   -1.0 409.754517  0.008063
sounding_084_113       52.5107   20.4847   -1.0 409.570156  0.230025
sounding_084_114       52.5087   20.8541   -1.0 409.375749  0.607438
sounding_084_115       52.5055   21.2234   -1.0 409.261565  0.659452
sounding_084_116       52.5011   21.5927   -1.0 409.227610 -0.999330
sounding_084_117       52.4957   21.9620   -1.0 409.206524 -2.078671
sounding_084_118       52.4891   22.3311   -1.0 409.144443 -0.762860
sounding_084_119       52.4813   22.7001   -1.0 409.056984  0.035937
sounding_084_120       52.4725   23.0689   -1.0 408.993098 -0.292486
sounding_084_121       52.4625   23.4376   -1.0 408.946629  0.304471
sounding_085_112       52.7365   20.1158   -1.0 409.863727 -0.485019
sounding_085_113       52.7356   20.4871   -1.0 409.754085 -0.887756
sounding_085_114       52.7335   20.8584   -1.0 409.608281 -0.456838
sounding_085_115       52.7303   21.2297   -1.0 409.458192  1.320637
sounding_085_116       52.7259   21.6008   -1.0 409.363664 -0.870060
sounding_085_117       52.7204   21.9719   -1.0 409.310735 -1.105568
sounding_085_118       52.7138   22.3429   -1.0 409.252915  0.141799
sounding_085_119       52.7060   22.7138   -1.0 409.181698  0.209637
sounding_085_120       52.6971   23.0845   -1.0 409.088215 -0.431916
sounding_085_121       52.6870   23.4551   -1.0 408.951574 -0.871403
sounding_086_113       52.9604   20.4897   -1.0 409.905632  0.590969
sounding_086_114       52.9583   20.8628   -1.0 409.805129 -1.710024
sounding_086_115       52.9550   21.2359   -1.0 409.681513  0.662623
sounding_086_116       52.9507   21.6090   -1.0 409.567346 -0.838896
sounding_086_117       52.9451   21.9820   -1.0 409.487427  0.132361
sounding_086_118       52.9385   22.3549   -1.0 409.446453 -0.270452
sounding_086_119       52.9307   22.7276   -1.0 409.413125 -1.246951
sounding_086_120       52.9217   23.1002   -1.0 409.325624 -0.768570
sounding_086_121       52.9116   23.4727   -1.0 409.130517 -0.855847
sounding_087_112       53.1861   20.1170   -1.0 410.115328 -0.235482
sounding_087_113       53.1851   20.4922   -1.0 410.047173  1.083224
sounding_087_114       53.1831   20.8672   -1.0 409.987035  1.918507
sounding_087_115       53.1798   21.2423   -1.0 409.906906 -0.115923
sounding_087_116       53.1754   21.6172   -1.0 409.799385 -0.629375
sounding_087_117       53.1699   21.9922   -1.0 409.713687 -0.436233
sounding_087_118       53.1632   22.3669   -1.0 409.702728 -0.098739
sounding_087_119       53.1553   22.7416   -1.0 409.718170  0.307867
sounding_087_120       53.1463   23.1161   -1.0 409.666038  0.893279
sounding_087_121       53.1362   23.4905   -1.0 409.469836  1.092612
sounding_088_114       53.4078   20.8717   -1.0 410.219875  0.488126
sounding_088_115       53.4045   21.2487   -1.0 410.119272 -0.541895
sounding_088_116       53.4001   21.6256   -1.0 410.018283 -0.602857
sounding_088_117       53.3946   22.0024   -1.0 409.944492  0.521723
sounding_088_118       53.3878   22.3791   -1.0 409.962590  0.118627
sounding_088_119       53.3799   22.7557   -1.0 410.016973 -0.583161
sounding_088_120       53.3709   23.1322   -1.0 410.032687  0.271900
sounding_088_121       53.3607   23.5084   -1.0 409.899028 -1.355603
sounding_088_122       53.3493   23.8845   -1.0 409.602617  0.857015
sounding_089_116       53.6248   21.6340   -1.0 410.251727  0.911760
sounding_089_117       53.6192   22.0128   -1.0 410.190038 -0.498189
sounding_089_118       53.6124   22.3914   -1.0 410.210665  1.310538
sounding_089_119       53.6045   22.7700   -1.0 410.288227 -2.024882
sounding_089_120       53.5954   23.1484   -1.0 410.350714 -0.398492
sounding_089_121       53.5852   23.5266   -1.0 410.299748 -2.280177
sounding_089_122       53.5737   23.9046   -1.0 410.083012  2.605413
sounding_090_113       53.8593   20.4998   -1.0 410.802004 -1.554748
sounding_090_115       53.8539   21.2617   -1.0 410.680571 -0.234736
sounding_090_116       53.8495   21.6425   -1.0 410.569126  1.398587
sounding_090_117       53.8438   22.0233   -1.0 410.499404  1.222067
sounding_090_118       53.8370   22.4039   -1.0 410.490066  0.544199
sounding_090_119       53.8291   22.7844   -1.0 410.547039 -0.871344
sounding_090_120       53.8199   23.1648   -1.0 410.616072 -0.734461
sounding_090_121       53.8096   23.5450   -1.0 410.631467 -2.041091
sounding_090_122       53.7981   23.9249   -1.0 410.524371 -0.261264
sounding_091_113       54.0840   20.5025   -1.0 410.963771 -1.688877
sounding_091_114       54.0819   20.8854   -1.0 410.985047 -0.144513
sounding_091_115       54.0786   21.2683   -1.0 410.962316  1.995472
sounding_091_116       54.0741   21.6511   -1.0 410.912439 -0.919041
sounding_091_117       54.0684   22.0339   -1.0 410.861832  1.081353
sounding_091_118       54.0616   22.4165   -1.0 410.835289  0.065526
sounding_091_119       54.0536   22.7990   -1.0 410.834682 -0.291496
sounding_091_120       54.0444   23.1813   -1.0 410.859702 -0.305187
sounding_091_121       54.0340   23.5635   -1.0 410.893941  0.694483
sounding_091_122       54.0225   23.9455   -1.0 410.891025 -0.089552
sounding_092_113       54.3086   20.5051   -1.0 411.064936  1.203150
sounding_092_114       54.3065   20.8901   -1.0 411.128368  0.097915
sounding_092_115       54.3032   21.2750   -1.0 411.168308 -1.382151
sounding_092_116       54.2987   21.6598   -1.0 411.185642 -1.020014
sounding_092_117       54.2929   22.0446   -1.0 411.193004 -0.974220
sounding_092_118       54.2861   22.4292   -1.0 411.165928  1.081852
sounding_092_119       54.2780   22.8137   -1.0 411.132740  0.410984
sounding_092_120       54.2688   23.1981   -1.0 411.103268 -1.259780
sounding_092_121       54.2584   23.5822   -1.0 411.092519 -0.158435
sounding_092_122       54.2468   23.9662   -1.0 411.102320 -1.036170
sounding_092_123       54.2340   24.3499   -1.0 411.116054 -0.576223
sounding_093_114       54.5311   20.8948   -1.0 411.225444 -0.163508
sounding_093_115       54.5277   21.2817   -1.0 411.287801  1.692181
sounding_093_116       54.5232   21.6686   -1.0 411.341176  0.533411
sounding_093_117       54.5175   22.0554   -1.0 411.379881 -1.909727
sounding_093_118       54.5106   22.4421   -1.0 411.384788 -0.489733
sounding_093_119       54.5025   22.8286   -1.0 411.353186  1.115442
sounding_093_120       54.4932   23.2150   -1.0 411.300414  1.329434
sounding_093_121       54.4827   23.6012   -1.0 411.258150  1.331833
sounding_093_122       54.4711   23.9871   -1.0 411.235292  0.248317
sounding_093_123       54.4582   24.3729   -1.0 411.269406  0.699149
sounding_094_114       54.7556   20.8995   -1.0 411.311678  0.227857
sounding_094_115       54.7522   21.2885   -1.0 411.379224  0.710123
sounding_094_116       54.7477   21.6775   -1.0 411.424153  0.565759
sounding_094_117       54.7419   22.0663   -1.0 411.453107 -0.065647
sounding_094_118       54.7350   22.4550   -1.0 411.470912  0.671812
sounding_094_119       54.7268   22.8436   -1.0 411.477352  0.358936
sounding_094_120       54.7175   23.2321   -1.0 411.451219 -0.803562
sounding_094_121       54.7070   23.6203   -1.0 411.405892  0.577363
sounding_094_122       54.6953   24.0083   -1.0 411.355822  0.989792
sounding_094_123       54.6824   24.3961   -1.0 411.365311 -0.022085
sounding_095_115       54.9767   21.2954   -1.0 411.443875 -0.390719
sounding_095_116       54.9721   21.6865   -1.0 411.472226  2.571051
sounding_095_117       54.9663   22.0774   -1.0 411.479274  0.491169
sounding_095_118       54.9593   22.4682   -1.0 411.496252 -1.103909
sounding_095_119       54.9512   22.8588   -1.0 411.528994 -1.085416
sounding_095_120       54.9418   23.2493   -1.0 411.542766 -0.285520
sounding_095_121       54.9312   23.6396   -1.0 411.509320  1.607920
sounding_095_122       54.9194   24.0297   -1.0 411.467944 -2.263400
sounding_095_123       54.9065   24.4196   -1.0 411.468879 -0.980689
sounding_095_124       54.8923   24.8092   -1.0 411.540651 -0.247253
sounding_096_115       55.2011   21.3024   -1.0 411.446370 -1.075772
sounding_096_116       55.1965   21.6955   -1.0 411.461506 -2.286128
sounding_096_117       55.1907   22.0885   -1.0 411.453109 -1.106953
sounding_096_118       55.1837   22.4814   -1.0 411.472744 -0.619165
sounding_096_119       55.1754   22.8742   -1.0 411.523369 -1.820079
sounding_096_120       55.1660   23.2668   -1.0 411.555505  0.557141
sounding_096_121       55.1554   23.6592   -1.0 411.547155 -0.281478
sounding_096_122       55.1436   24.0514   -1.0 411.536400 -0.533133
sounding_096_123       55.1305   24.4433   -1.0 411.537187 -0.065800
sounding_096_124       55.1163   24.8350   -1.0 411.581125  1.029471
sounding_097_115       55.4254   21.3094   -1.0 411.332812 -0.650940
sounding_097_116       55.4208   21.7047   -1.0 411.358296 -0.122977
sounding_097_117       55.4150   22.0998   -1.0 411.367270 -0.075145
sounding_097_118       55.4079   22.4948   -1.0 411.394263 -1.497402
sounding_097_119       55.3997   22.8897   -1.0 411.437140  0.176734
sounding_097_120       55.3902   23.2844   -1.0 411.481551 -0.288755
sounding_097_121       55.3795   23.6789   -1.0 411.511647  0.671739
sounding_097_122       55.3676   24.0732   -1.0 411.511448  1.552828
sounding_097_123       55.3545   24.4673   -1.0 411.512196 -0.105116
sounding_097_124       55.3402   24.8611   -1.0 411.553186 -0.089884
sounding_098_115       55.6497   21.3166   -1.0 411.141551 -1.523859
sounding_098_116       55.6450   21.7140   -1.0 411.190009 -0.509230
sounding_098_117       55.6392   22.1112   -1.0 411.231604  0.016254
sounding_098_118       55.6321   22.5084   -1.0 411.258424  0.290277
sounding_098_119       55.6238   22.9054   -1.0 411.293483  1.106086
sounding_098_120       55.6143   23.3023   -1.0 411.355779 -0.318974
sounding_098_121       55.6035   23.6989   -1.0 411.413723  1.047881
sounding_098_122       55.5916   24.0953   -1.0 411.426970 -0.983321
sounding_098_123       55.5784   24.4915   -1.0 411.427910 -0.991864
sounding_098_124       55.5640   24.8875   -1.0 411.459766 -0.743848
sounding_099_115       55.8739   21.3238   -1.0 410.916186  0.136440
sounding_099_116       55.8693   21.7233   -1.0 410.979560  0.279456
sounding_099_117       55.8633   22.1228   -1.0 411.041114  0.138168
sounding_099_118       55.8562   22.5221   -1.0 411.073714 -0.029963
sounding_099_119       55.8479   22.9213   -1.0 411.101804  2.017064
sounding_099_120       55.8383   23.3203   -1.0 411.170389  0.353042
sounding_099_121       55.8275   23.7191   -1.0 411.246235 -0.400228
sounding_099_122       55.8155   24.1177   -1.0 411.303587  1.877340
sounding_099_123       55.8023   24.5160   -1.0 411.341661  1.400497
sounding_099_124       55.7878   24.9141   -1.0 411.382030 -1.042660
sounding_100_115       56.0981   21.3311   -1.0 410.724081 -1.497403
sounding_100_116       56.0934   21.7328   -1.0 410.777951  0.118858
sounding_100_117       56.0874   22.1345   -1.0 410.836239 -1.956789
sounding_100_118       56.0803   22.5360   -1.0 410.872352  0.318765
sounding_100_119       56.0719   22.9373   -1.0 410.903789  0.992662
sounding_100_120       56.0623   23.3385   -1.0 410.955883  1.495160
sounding_100_121       56.0514   23.7395   -1.0 411.034823 -0.674433
sounding_100_122       56.0393   24.1403   -1.0 411.134155  1.228037
sounding_100_123       56.0260   24.5408   -1.0 411.232626 -0.694306
sounding_100_124       56.0115   24.9410   -1.0 411.309878 -1.372063
sounding_100_125       55.9958   25.3410   -1.0 411.385457  1.909863
sounding_101_116       56.3174   21.7424   -1.0 410.641857  0.513803
sounding_101_117       56.3115   22.1462   -1.0 410.662986 -0.122412
sounding_101_118       56.3043   22.5500   -1.0 410.694040 -0.041523
sounding_101_119       56.2958   22.9535   -1.0 410.726007 -0.954100
sounding_101_120       56.2862   23.3569   -1.0 410.749526  0.089260
sounding_101_121       56.2753   23.7601   -1.0 410.796779 -0.953166
sounding_101_122       56.2631   24.1631   -1.0 410.901301 -1.685029
sounding_101_123       56.2497   24.5658   -1.0 411.049095 -0.593850
sounding_101_124       56.2351   24.9683   -1.0 411.191698  0.319390
sounding_101_125       56.2193   25.3704   -1.0 411.311934 -0.313720
sounding_102_116       56.5414   21.7520   -1.0 410.599173  0.974131
sounding_102_117       56.5354   22.1582   -1.0 410.569721  0.877846
sounding_102_118       56.5282   22.5642   -1.0 410.578355  0.940936
sounding_102_119       56.5197   22.9699   -1.0 410.594963  0.497876
sounding_102_120       56.5100   23.3756   -1.0 410.587517  2.138527
sounding_102_121       56.4990   23.7810   -1.0 410.584465  0.244940
sounding_102_122       56.4868   24.1862   -1.0 410.650687 -1.441697
sounding_102_123       56.4734   24.5911   -1.0 410.789485  0.247252
sounding_102_124       56.4587   24.9958   -1.0 410.975691  0.544948
sounding_102_125       56.4428   25.4002   -1.0 411.158425  0.018296
sounding_103_116       56.7653   21.7618   -1.0 410.635303  0.151066
sounding_103_117       56.7593   22.1702   -1.0 410.576544  2.544343
sounding_103_118       56.7520   22.5785   -1.0 410.546754 -0.168335
sounding_103_119       56.7435   22.9865   -1.0 410.521122  0.262721
sounding_103_120       56.7337   23.3944   -1.0 410.477765 -0.939140
sounding_103_121       56.7227   23.8021   -1.0 410.437357  0.758128
sounding_103_122       56.7104   24.2095   -1.0 410.437500  0.400750
sounding_103_123       56.6969   24.6167   -1.0 410.521983  1.326648
sounding_103_124       56.6822   25.0236   -1.0 410.692880  0.665914
sounding_103_125       56.6662   25.4302   -1.0 410.916311  0.301727
sounding_104_117       56.9830   22.1824   -1.0 410.637725 -0.568617
sounding_104_118       56.9757   22.5929   -1.0 410.577484  0.342099
sounding_104_119       56.9672   23.0033   -1.0 410.509859  0.559789
sounding_104_120       56.9573   23.4135   -1.0 410.444940  0.872076
sounding_104_121       56.9463   23.8234   -1.0 410.382508 -1.225295
sounding_104_122       56.9339   24.2331   -1.0 410.319556  0.876905
sounding_104_123       56.9204   24.6426   -1.0 410.318120 -0.223570
sounding_104_124       56.9055   25.0518   -1.0 410.427754 -0.330518
sounding_104_125       56.8894   25.4606   -1.0 410.640723 -0.996843
sounding_105_117       57.2067   22.1947   -1.0 410.695210 -1.622286
sounding_105_118       57.1994   22.6076   -1.0 410.635078  0.670544
sounding_105_119       57.1908   23.0203   -1.0 410.559137  0.495248
sounding_105_123       57.1437   24.6688   -1.0 410.241684  2.669792
sounding_105_124       57.1288   25.0802   -1.0 410.255417 -2.022075
sounding_105_125       57.1126   25.4914   -1.0 410.387354  1.378366
sounding_106_117       57.4303   22.2072   -1.0 410.711694 -0.273647
sounding_106_118       57.4229   22.6224   -1.0 410.681711 -0.338794
sounding_106_123       57.3670   24.6953   -1.0 410.276472 -1.041167
sounding_106_124       57.3520   25.1090   -1.0 410.199119  0.286732
sounding_106_125       57.3357   25.5225   -1.0 410.204743  0.282333
sounding_107_117       57.6538   22.2198   -1.0 410.653958 -0.700437
sounding_107_123       57.5901   24.7220   -1.0 410.369797 -0.195165
sounding_107_124       57.5751   25.1381   -1.0 410.240946  1.220614
sounding_107_125       57.5587   25.5539   -1.0 410.144512 -1.710829
sounding_108_125       57.7816   25.5858   -1.0 410.196226 -1.518510
sounding_108_126       57.7639   26.0035   -1.0 410.116020  2.427705
sounding_110_118       58.3161   22.6834   -1.0 410.153758  0.282868
sounding_110_123       58.2590   24.8042   -1.0 410.426694  1.979693
sounding_111_118       58.5392   22.6991   -1.0 410.035040 -0.485252
sounding_111_119       58.5303   23.1262   -1.0 410.092638 -0.804763
sounding_111_121       58.5086   23.9797   -1.0 410.223280 -1.261378
sounding_111_122       58.4958   24.4061   -1.0 410.267918  1.322541
sounding_112_120       58.7429   23.5740   -1.0 410.067099 -0.084649
sounding_112_121       58.7313   24.0031   -1.0 410.094946 -0.813233
sounding_112_122       58.7185   24.4320   -1.0 410.120614 -0.255788
sounding_112_126       58.6540   26.1442   -1.0 410.309661  0.270949
sounding_113_120       58.9656   23.5951   -1.0 410.031746  0.905099
sounding_113_121       58.9540   24.0268   -1.0 410.027791 -0.000342
sounding_113_122       58.9410   24.4582   -1.0 410.019949  0.699668
sounding_113_123       58.9268   24.8893   -1.0 410.035680  0.460174
sounding_114_120       59.1882   23.6165   -1.0 410.031968  0.485095
sounding_114_121       59.1765   24.0507   -1.0 410.010225 -1.118143
sounding_114_122       59.1635   24.4847   -1.0 409.975236 -1.314089
sounding_114_123       59.1492   24.9183   -1.0 409.948583  0.654771
sounding_115_122       59.3858   24.5115   -1.0 409.950441  0.140326
sounding_115_123       59.3714   24.9477   -1.0 409.898173 -1.327774
sounding_115_124       59.3557   25.3836   -1.0 409.877145  1.326508
sounding_118_120       60.0771   23.7046   -1.0 410.058097 -1.258615
sounding_118_121       60.0651   24.1493   -1.0 410.035417 -1.543747
sounding_119_120       60.2989   23.7273   -1.0 410.035134  0.352992
sounding_119_121       60.2869   24.1748   -1.0 409.989430  0.681594
sounding_119_122       60.2736   24.6219   -1.0 409.933210  1.540000
sounding_119_123       60.2589   25.0688   -1.0 409.893683 -1.443071
sounding_120_121       60.5086   24.2005   -1.0 409.920543 -0.051228
sounding_120_122       60.4952   24.6504   -1.0 409.850883 -0.605325
sounding_120_123       60.4804   25.1000   -1.0 409.823276 -0.506582
sounding_120_124       60.4642   25.5492   -1.0 409.814928  0.067330
sounding_121_121       60.7301   24.2266   -1.0 409.837925 -1.292719
sounding_121_122       60.7166   24.6793   -1.0 409.766315 -0.486540
sounding_121_124       60.6855   25.5836   -1.0 409.766418  0.106050
sounding_122_121       60.9514   24.2529   -1.0 409.751606 -1.971621
sounding_123_121       61.1726   24.2796   -1.0 409.669931 -0.164390
sounding_123_122       61.1589   24.7380   -1.0 409.656336  0.009698
sounding_124_122       61.3799   24.7679   -1.0 409.662321 -1.085508
sounding_125_122       61.6006   24.7982   -1.0 409.692632  0.890590
sounding_126_122       61.8212   24.8289   -1.0 409.685788  1.235898
sounding_127_122       62.0416   24.8600   -1.0 409.602755 -0.367848
sounding_128_122       62.2618   24.8915   -1.0 409.542857 -1.219969
sounding_129_123       62.4663   25.3991   -1.0 409.529927  0.657108
sounding_130_123       62.6860   25.4346   -1.0 409.507444 -0.712191
sounding_131_123       62.9056   25.4705   -1.0 409.509881  2.263004
sounding_150_135       66.6961   32.7896   -1.0 410.560262 -0.782852
sounding_151_132       67.0149   31.2551   -1.0 410.334312 -0.411756
sounding_151_133       66.9811   31.7998   -1.0 410.389372 -0.028172
sounding_151_134       66.9456   32.3433   -1.0 410.457851  1.266694
sounding_152_131       67.2602   30.7903   -1.0 410.282098  0.592730
sounding_152_133       67.1937   31.8891   -1.0 410.361861 -0.090016
sounding_153_133       67.4060   31.9797   -1.0 410.234608  0.485653
sounding_154_132       67.6524   31.5148   -1.0 409.987396  0.621683
sounding_154_133       67.6179   32.0717   -1.0 410.051096 -0.330189
